NUM_CORES_PER_SLOT=24
NUMA_NODE_NUM=2
HYPER_THREADING_FACTOR=2
Running in big-hash-table mode.

Using 1 disks.
g_flush_blocksize=1048576, g_log_buffer_size=52428800
Init parallelism 96
Stats initialized
Global manager initialized
reading schema file: ./benchmarks/TPCC_full_schema.txt
0 0x7fa44627e040 50000000 1
0 0x55a638807000 500 1
0 0x55a63880a000 5000 1
0 0x7fa430b2b040 15000000 1
0 0x7fa41b3d8040 15000000 1
0 0x7fa3d3b6f040 50000000 1
TPCC schema initialized
TPCC Data Initialization Complete!
workload initialized!
Init time 562.873
Log Read Size: 419430400
mem_allocator initialized!
Query Queue Init Time 12.314252
query_queue initialized!
sim_done = 1
sim_done = 17
sim_done = 28
sim_done = 42
sim_done = 46
sim_done = 48
sim_done = 26
sim_done = 25
sim_done = 23
sim_done = 3
sim_done = 36
sim_done = 23
sim_done = 7
sim_done = 31
sim_done = 13
sim_done = 32
sim_done = 43
sim_done = 12
sim_done = 36
sim_done = 13
sim_done = 3
sim_done = 16
sim_done = 41
sim_done = 19
sim_done = 45
sim_done = 41
sim_done = 31
sim_done = 44
sim_done = 23
sim_done = 38
sim_done = 20
sim_done = 26
sim_done = 12
sim_done = 5
sim_done = 18
sim_done = 15
sim_done = 36
sim_done = 6
sim_done = 14
sim_done = 27
sim_done = 33
sim_done = 38
sim_done = 31
sim_done = 12
sim_done = 14
sim_done = 47
sim_done = 5
sim_done = 39
PASS! SimTime = 1.17562e+09
=Worker Thread=
    Throughput:                   5.99949e+06
    MaxThr:                       5.98922e+06
    PerThdThr:                    5.99952e+06
    run_time:                     56.171 (1.17073,1.1709,1.17107,1.1697,1.16928,1.172,1.17224,1.17074,1.17071,1.17071,1.17067,1.17089,1.16953,1.16935,1.17125,1.17021,1.17024,1.17145,1.16927,1.16864,1.16897,1.17137,1.17065,1.16878,1.16935,1.16946,1.17034,1.16907,1.17104,1.16911,1.16955,1.16889,1.17048,1.17016,1.17085,1.1699,1.16968,1.17181,1.17005,1.17143,1.16919,1.17102,1.17108,1.16851,1.16936,1.17178,1.16945,1.17011,0,)
    log_bytes:                    0 (0,0,0,0,0,0,0,0,0,0,0,0,0,0,0,0,0,0,0,0,0,0,0,0,0,0,0,0,0,0,0,0,0,0,0,0,0,0,0,0,0,0,0,0,0,0,0,0,0,)
    log_dep_size:                 0 (0,0,0,0,0,0,0,0,0,0,0,0,0,0,0,0,0,0,0,0,0,0,0,0,0,0,0,0,0,0,0,0,0,0,0,0,0,0,0,0,0,0,0,0,0,0,0,0,0,)
    log_total_size:               0 (0,0,0,0,0,0,0,0,0,0,0,0,0,0,0,0,0,0,0,0,0,0,0,0,0,0,0,0,0,0,0,0,0,0,0,0,0,0,0,0,0,0,0,0,0,0,0,0,0,)
    latency:                      122.577 (2.55678,2.55704,2.5576,2.5544,2.55349,2.55976,2.56018,2.55647,2.55679,2.54916,2.55666,2.5516,2.55409,2.54513,2.55744,2.54715,2.55562,2.55247,2.5536,2.54714,2.55261,2.5544,2.55646,2.55307,2.55353,2.55259,2.55578,2.55297,2.55714,2.55303,2.55416,2.55255,2.5559,2.55513,2.55656,2.55588,2.55443,2.55901,2.55176,2.55565,2.54958,2.55332,2.55211,2.54601,2.54249,2.55459,2.5494,2.55437,0,)

    num_commits:                  7.02078e+06 (144076,144909,144499,144679,144626,143792,144087,144209,144506,144340,144765,144931,144489,144754,144617,144727,144549,144469,144196,144801,144852,144729,144902,143962,149872,149947,149685,149644,149695,149421,149352,149487,149407,149154,149227,144386,149167,149319,149473,149487,144590,144487,144295,149177,150000,144377,144311,144358,0,)
    num_async_commits:            0 (0,0,0,0,0,0,0,0,0,0,0,0,0,0,0,0,0,0,0,0,0,0,0,0,0,0,0,0,0,0,0,0,0,0,0,0,0,0,0,0,0,0,0,0,0,0,0,0,0,)
    num_aborts:                   199153 (5301,5261,5202,5618,5551,5000,5301,5512,4724,4981,5046,3080,5533,5304,5466,5522,5341,5704,5438,5503,5264,5649,4896,2078,3592,3508,3758,3511,3727,3796,3637,3354,3630,3848,3678,2319,3809,3603,3314,3350,1890,2150,2217,3539,3313,2197,2,5136,0,)
    num_aborts_logging:           0 (0,0,0,0,0,0,0,0,0,0,0,0,0,0,0,0,0,0,0,0,0,0,0,0,0,0,0,0,0,0,0,0,0,0,0,0,0,0,0,0,0,0,0,0,0,0,0,0,0,)
    num_log_records:              0 (0,0,0,0,0,0,0,0,0,0,0,0,0,0,0,0,0,0,0,0,0,0,0,0,0,0,0,0,0,0,0,0,0,0,0,0,0,0,0,0,0,0,0,0,0,0,0,0,0,)
    log_data:                     0 (0,0,0,0,0,0,0,0,0,0,0,0,0,0,0,0,0,0,0,0,0,0,0,0,0,0,0,0,0,0,0,0,0,0,0,0,0,0,0,0,0,0,0,0,0,0,0,0,0,)
    num_latency_count:            7.21994e+06 (149377,150170,149701,150297,150177,148792,149388,149721,149230,149321,149811,148011,150022,150058,150083,150249,149890,150173,149634,150304,150116,150378,149798,146040,153464,153455,153443,153155,153422,153217,152989,152841,153037,153002,152905,146705,152976,152922,152787,152837,146480,146637,146512,152716,153313,146574,144313,149494,0,)
    num_raw_edges:                0 (0,0,0,0,0,0,0,0,0,0,0,0,0,0,0,0,0,0,0,0,0,0,0,0,0,0,0,0,0,0,0,0,0,0,0,0,0,0,0,0,0,0,0,0,0,0,0,0,0,)
    num_waw_edges:                0 (0,0,0,0,0,0,0,0,0,0,0,0,0,0,0,0,0,0,0,0,0,0,0,0,0,0,0,0,0,0,0,0,0,0,0,0,0,0,0,0,0,0,0,0,0,0,0,0,0,)
    num_war_edges:                0 (0,0,0,0,0,0,0,0,0,0,0,0,0,0,0,0,0,0,0,0,0,0,0,0,0,0,0,0,0,0,0,0,0,0,0,0,0,0,0,0,0,0,0,0,0,0,0,0,0,)
    int_num_log:                  0 (0,0,0,0,0,0,0,0,0,0,0,0,0,0,0,0,0,0,0,0,0,0,0,0,0,0,0,0,0,0,0,0,0,0,0,0,0,0,0,0,0,0,0,0,0,0,0,0,0,)
    int_debug_get_next:           0 (0,0,0,0,0,0,0,0,0,0,0,0,0,0,0,0,0,0,0,0,0,0,0,0,0,0,0,0,0,0,0,0,0,0,0,0,0,0,0,0,0,0,0,0,0,0,0,0,0,)
    int_debug1:                   0 (0,0,0,0,0,0,0,0,0,0,0,0,0,0,0,0,0,0,0,0,0,0,0,0,0,0,0,0,0,0,0,0,0,0,0,0,0,0,0,0,0,0,0,0,0,0,0,0,0,)
    int_debug2:                   0 (0,0,0,0,0,0,0,0,0,0,0,0,0,0,0,0,0,0,0,0,0,0,0,0,0,0,0,0,0,0,0,0,0,0,0,0,0,0,0,0,0,0,0,0,0,0,0,0,0,)
    int_debug3:                   0 (0,0,0,0,0,0,0,0,0,0,0,0,0,0,0,0,0,0,0,0,0,0,0,0,0,0,0,0,0,0,0,0,0,0,0,0,0,0,0,0,0,0,0,0,0,0,0,0,0,)
    int_debug4:                   0 (0,0,0,0,0,0,0,0,0,0,0,0,0,0,0,0,0,0,0,0,0,0,0,0,0,0,0,0,0,0,0,0,0,0,0,0,0,0,0,0,0,0,0,0,0,0,0,0,0,)
    int_debug5:                   0 (0,0,0,0,0,0,0,0,0,0,0,0,0,0,0,0,0,0,0,0,0,0,0,0,0,0,0,0,0,0,0,0,0,0,0,0,0,0,0,0,0,0,0,0,0,0,0,0,0,)
    int_debug6:                   0 (0,0,0,0,0,0,0,0,0,0,0,0,0,0,0,0,0,0,0,0,0,0,0,0,0,0,0,0,0,0,0,0,0,0,0,0,0,0,0,0,0,0,0,0,0,0,0,0,0,)
    int_debug7:                   0 (0,0,0,0,0,0,0,0,0,0,0,0,0,0,0,0,0,0,0,0,0,0,0,0,0,0,0,0,0,0,0,0,0,0,0,0,0,0,0,0,0,0,0,0,0,0,0,0,0,)
    int_debug8:                   0 (0,0,0,0,0,0,0,0,0,0,0,0,0,0,0,0,0,0,0,0,0,0,0,0,0,0,0,0,0,0,0,0,0,0,0,0,0,0,0,0,0,0,0,0,0,0,0,0,0,)
    int_debug9:                   0 (0,0,0,0,0,0,0,0,0,0,0,0,0,0,0,0,0,0,0,0,0,0,0,0,0,0,0,0,0,0,0,0,0,0,0,0,0,0,0,0,0,0,0,0,0,0,0,0,0,)
    int_debug10:                  0 (0,0,0,0,0,0,0,0,0,0,0,0,0,0,0,0,0,0,0,0,0,0,0,0,0,0,0,0,0,0,0,0,0,0,0,0,0,0,0,0,0,0,0,0,0,0,0,0,0,)
    int_psnflush:                 0 (0,0,0,0,0,0,0,0,0,0,0,0,0,0,0,0,0,0,0,0,0,0,0,0,0,0,0,0,0,0,0,0,0,0,0,0,0,0,0,0,0,0,0,0,0,0,0,0,0,)
    int_flush_time_interval:      0 (0,0,0,0,0,0,0,0,0,0,0,0,0,0,0,0,0,0,0,0,0,0,0,0,0,0,0,0,0,0,0,0,0,0,0,0,0,0,0,0,0,0,0,0,0,0,0,0,0,)
    int_flush_half_full:          0 (0,0,0,0,0,0,0,0,0,0,0,0,0,0,0,0,0,0,0,0,0,0,0,0,0,0,0,0,0,0,0,0,0,0,0,0,0,0,0,0,0,0,0,0,0,0,0,0,0,)
    int_rec_fail_to_insert:       0 (0,0,0,0,0,0,0,0,0,0,0,0,0,0,0,0,0,0,0,0,0,0,0,0,0,0,0,0,0,0,0,0,0,0,0,0,0,0,0,0,0,0,0,0,0,0,0,0,0,)
    int_num_get_row:              0 (0,0,0,0,0,0,0,0,0,0,0,0,0,0,0,0,0,0,0,0,0,0,0,0,0,0,0,0,0,0,0,0,0,0,0,0,0,0,0,0,0,0,0,0,0,0,0,0,0,)
    int_locktable_volume:         0 (0,0,0,0,0,0,0,0,0,0,0,0,0,0,0,0,0,0,0,0,0,0,0,0,0,0,0,0,0,0,0,0,0,0,0,0,0,0,0,0,0,0,0,0,0,0,0,0,0,)
    int_aux_bytes:                0 (0,0,0,0,0,0,0,0,0,0,0,0,0,0,0,0,0,0,0,0,0,0,0,0,0,0,0,0,0,0,0,0,0,0,0,0,0,0,0,0,0,0,0,0,0,0,0,0,0,)
    int_nonzero:                  0 (0,0,0,0,0,0,0,0,0,0,0,0,0,0,0,0,0,0,0,0,0,0,0,0,0,0,0,0,0,0,0,0,0,0,0,0,0,0,0,0,0,0,0,0,0,0,0,0,0,)
    num_log_entries:              0 (0,0,0,0,0,0,0,0,0,0,0,0,0,0,0,0,0,0,0,0,0,0,0,0,0,0,0,0,0,0,0,0,0,0,0,0,0,0,0,0,0,0,0,0,0,0,0,0,0,)
    time_ts_alloc:                0 -nan -nan% 0 (0,0,0,0,0,0,0,0,0,0,0,0,0,0,0,0,0,0,0,0,0,0,0,0,0,0,0,0,0,0,0,0,0,0,0,0,0,0,0,0,0,0,0,0,0,0,0,0,0,)
    time_man:                     22.076 0.459916 86.463% 3144.37 (0.458354,0.453775,0.458655,0.456868,0.456296,0.46454,0.468805,0.456429,0.461219,0.454245,0.451618,0.447577,0.452441,0.451504,0.47187,0.457728,0.456211,0.456101,0.45692,0.456787,0.460339,0.455224,0.449115,0.458835,0.471941,0.459037,0.466621,0.465078,0.464361,0.464592,0.463898,0.457397,0.460589,0.457423,0.462556,0.4626,0.472702,0.463027,0.463381,0.464518,0.467179,0.460539,0.461505,0.457733,0.465912,0.467129,0.45378,0.451021,0,)
    time_cleanup:                 2.47279 0.0515164 9.68494% 352.21 (0.0540103,0.05408,0.0525103,0.0545289,0.0546756,0.0538576,0.0550684,0.054918,0.0517409,0.0548205,0.0527533,0.0468709,0.0537611,0.0569756,0.0543773,0.0581739,0.0533424,0.0569709,0.0541064,0.0562312,0.0539463,0.0556121,0.052111,0.0437472,0.0506213,0.0499433,0.0506567,0.0500524,0.0508209,0.0510003,0.0510929,0.0492325,0.0504196,0.0505376,0.0509792,0.0446088,0.0509159,0.0506571,0.0515014,0.051088,0.0443926,0.0459195,0.046749,0.0520097,0.0548517,0.0474773,0.0352985,0.0527708,0,)
    time_txn:                     0 -nan -nan% 0 (0,0,0,0,0,0,0,0,0,0,0,0,0,0,0,0,0,0,0,0,0,0,0,0,0,0,0,0,0,0,0,0,0,0,0,0,0,0,0,0,0,0,0,0,0,0,0,0,0,)
    time_index:                   2.49496 0.0519783 9.77179% 355.368 (0.0516019,0.0502654,0.0515187,0.0517389,0.0502578,0.0519997,0.0504378,0.0506695,0.0512186,0.0507842,0.0511159,0.051013,0.0513378,0.0503894,0.0507641,0.0519895,0.0522818,0.0515265,0.0524886,0.0513903,0.0517525,0.0529676,0.052035,0.0599146,0.0526164,0.0520057,0.0522502,0.0514831,0.053165,0.051687,0.052466,0.052022,0.0521838,0.0521582,0.0524935,0.0498319,0.0517816,0.0517576,0.0530297,0.0515481,0.0513898,0.050879,0.0516243,0.0520538,0.0529798,0.0504458,0.0499257,0.0617228,0,)
    time_log:                     0 -nan -nan% 0 (0,0,0,0,0,0,0,0,0,0,0,0,0,0,0,0,0,0,0,0,0,0,0,0,0,0,0,0,0,0,0,0,0,0,0,0,0,0,0,0,0,0,0,0,0,0,0,0,0,)
    time_io:                      0 -nan -nan% 0 (0,0,0,0,0,0,0,0,0,0,0,0,0,0,0,0,0,0,0,0,0,0,0,0,0,0,0,0,0,0,0,0,0,0,0,0,0,0,0,0,0,0,0,0,0,0,0,0,0,)
    time_wait_io:                 0 -nan -nan% 0 (0,0,0,0,0,0,0,0,0,0,0,0,0,0,0,0,0,0,0,0,0,0,0,0,0,0,0,0,0,0,0,0,0,0,0,0,0,0,0,0,0,0,0,0,0,0,0,0,0,)
    time_phase1_add_graph:        0 -nan -nan% 0 (0,0,0,0,0,0,0,0,0,0,0,0,0,0,0,0,0,0,0,0,0,0,0,0,0,0,0,0,0,0,0,0,0,0,0,0,0,0,0,0,0,0,0,0,0,0,0,0,0,)
    time_recover_txn:             0 -nan -nan% 0 (0,0,0,0,0,0,0,0,0,0,0,0,0,0,0,0,0,0,0,0,0,0,0,0,0,0,0,0,0,0,0,0,0,0,0,0,0,0,0,0,0,0,0,0,0,0,0,0,0,)
    time_lv_overhead:             0 -nan -nan% 0 (0,0,0,0,0,0,0,0,0,0,0,0,0,0,0,0,0,0,0,0,0,0,0,0,0,0,0,0,0,0,0,0,0,0,0,0,0,0,0,0,0,0,0,0,0,0,0,0,0,)
    time_state_malloc:            0 -nan -nan% 0 (0,0,0,0,0,0,0,0,0,0,0,0,0,0,0,0,0,0,0,0,0,0,0,0,0,0,0,0,0,0,0,0,0,0,0,0,0,0,0,0,0,0,0,0,0,0,0,0,0,)
    time_phase1_1:                5.83417 0.121545 22.8502% 830.986 (0.121894,0.125181,0.125592,0.12723,0.126247,0.125316,0.127095,0.12533,0.123347,0.123816,0.124837,0.115449,0.125088,0.123797,0.125477,0.126158,0.125912,0.127207,0.126638,0.125401,0.127773,0.126375,0.124039,0.114887,0.121868,0.120834,0.121748,0.121078,0.119411,0.12288,0.121721,0.120028,0.121325,0.120426,0.122216,0.112111,0.122253,0.120935,0.120559,0.11805,0.111592,0.111896,0.112894,0.120712,0.119984,0.113309,0.0999579,0.126299,0,)
    time_phase1_2:                5.06923 0.105609 19.8542% 722.033 (0.104098,0.105655,0.102381,0.101306,0.102147,0.103191,0.100381,0.105571,0.107276,0.104855,0.104632,0.104635,0.103694,0.10277,0.10581,0.103127,0.0999271,0.0998502,0.10568,0.102208,0.108434,0.0997367,0.0981688,0.116513,0.101432,0.102006,0.104892,0.105318,0.107545,0.101329,0.104499,0.104085,0.101995,0.108129,0.102597,0.120278,0.103096,0.108599,0.105364,0.105404,0.115905,0.115327,0.116503,0.102893,0.100132,0.115424,0.119945,0.10449,0,)
    time_phase2:                  8.07491 0.168227 31.6263% 1150.14 (0.171809,0.171734,0.16708,0.166313,0.166794,0.163801,0.165867,0.171331,0.167676,0.167945,0.166764,0.163444,0.163162,0.16256,0.16819,0.16582,0.163789,0.165653,0.167174,0.166669,0.169223,0.163939,0.16131,0.177232,0.166313,0.166036,0.168412,0.168889,0.166431,0.166398,0.170252,0.165243,0.165931,0.16507,0.167461,0.181265,0.169258,0.170205,0.168801,0.170421,0.172948,0.175986,0.175978,0.163516,0.160973,0.182386,0.177839,0.163615,0,)
    time_phase3:                  8.90038 0.185424 34.8593% 1267.72 (0.196374,0.19211,0.195061,0.19572,0.194496,0.196819,0.194174,0.193889,0.193736,0.192291,0.193916,0.197636,0.193932,0.193893,0.194821,0.192668,0.196505,0.196279,0.192668,0.19372,0.191238,0.195932,0.197505,0.173084,0.177857,0.176286,0.177047,0.176298,0.178234,0.178025,0.177289,0.177077,0.178419,0.177726,0.178311,0.171559,0.178287,0.177137,0.175967,0.176154,0.174546,0.17508,0.173041,0.177388,0.177525,0.173121,0.176296,0.193239,0,)
    time_phase1_1_raw:            17.039 0.35498 66.7352% 2426.94 (0.356644,0.341663,0.346696,0.349723,0.347173,0.352744,0.356305,0.347587,0.347563,0.346927,0.346813,0.357939,0.353471,0.348355,0.345105,0.346038,0.350657,0.348032,0.340929,0.34689,0.337123,0.350342,0.354471,0.356373,0.367889,0.364489,0.360758,0.359809,0.365525,0.364502,0.35971,0.36404,0.36612,0.362884,0.362304,0.352786,0.36553,0.362427,0.35918,0.364239,0.356573,0.356953,0.353653,0.361901,0.366583,0.356407,0.359736,0.349465,0,)
    time_phase1_2_raw:            0.816288 0.017006 3.19708% 116.267 (0.0170947,0.0167772,0.0167014,0.0168795,0.0167351,0.0168356,0.016474,0.0167037,0.0166323,0.0168092,0.0168695,0.0165194,0.0167877,0.0167604,0.0167572,0.0168035,0.018553,0.0167789,0.0166487,0.0167478,0.0164261,0.0166781,0.0169795,0.0166656,0.0170794,0.0174735,0.0170537,0.0171635,0.0172424,0.0172772,0.0168608,0.0173915,0.0170972,0.0173347,0.0173112,0.0164018,0.0170924,0.0172007,0.0174327,0.0174805,0.0181957,0.0167617,0.0181932,0.0174887,0.0173931,0.0165178,0.0164148,0.0168113,0,)
    time_phase2_raw:              0.413607 0.0086168 1.61994% 58.9117 (0.00876491,0.008581,0.00853182,0.0086366,0.00857849,0.00843619,0.00828207,0.00858424,0.00831786,0.00860149,0.00862762,0.0084774,0.00866521,0.00858325,0.00834372,0.00860272,0.00880033,0.00869148,0.00848658,0.0085733,0.00826419,0.00848213,0.00877389,0.00846768,0.00862034,0.00887209,0.00861755,0.00878376,0.00871383,0.00882796,0.00889946,0.00887282,0.0090202,0.00890636,0.00878197,0.00831119,0.00861108,0.00876457,0.00895489,0.00887716,0.00815575,0.00847111,0.00848754,0.00891494,0.00886181,0.00833655,0.00816787,0.00862154,0,)
    time_phase3_raw:              0 -nan -nan% 0 (0,0,0,0,0,0,0,0,0,0,0,0,0,0,0,0,0,0,0,0,0,0,0,0,0,0,0,0,0,0,0,0,0,0,0,0,0,0,0,0,0,0,0,0,0,0,0,0,0,)
    time_recover_full:            0 -nan -nan% 0 (0,0,0,0,0,0,0,0,0,0,0,0,0,0,0,0,0,0,0,0,0,0,0,0,0,0,0,0,0,0,0,0,0,0,0,0,0,0,0,0,0,0,0,0,0,0,0,0,0,)
    time_recover1:                0 -nan -nan% 0 (0,0,0,0,0,0,0,0,0,0,0,0,0,0,0,0,0,0,0,0,0,0,0,0,0,0,0,0,0,0,0,0,0,0,0,0,0,0,0,0,0,0,0,0,0,0,0,0,0,)
    time_recover2:                0 -nan -nan% 0 (0,0,0,0,0,0,0,0,0,0,0,0,0,0,0,0,0,0,0,0,0,0,0,0,0,0,0,0,0,0,0,0,0,0,0,0,0,0,0,0,0,0,0,0,0,0,0,0,0,)
    time_recover3:                0 -nan -nan% 0 (0,0,0,0,0,0,0,0,0,0,0,0,0,0,0,0,0,0,0,0,0,0,0,0,0,0,0,0,0,0,0,0,0,0,0,0,0,0,0,0,0,0,0,0,0,0,0,0,0,)
    time_recover4:                0 -nan -nan% 0 (0,0,0,0,0,0,0,0,0,0,0,0,0,0,0,0,0,0,0,0,0,0,0,0,0,0,0,0,0,0,0,0,0,0,0,0,0,0,0,0,0,0,0,0,0,0,0,0,0,)
    time_recover5:                0 -nan -nan% 0 (0,0,0,0,0,0,0,0,0,0,0,0,0,0,0,0,0,0,0,0,0,0,0,0,0,0,0,0,0,0,0,0,0,0,0,0,0,0,0,0,0,0,0,0,0,0,0,0,0,)
    time_recover6:                0 -nan -nan% 0 (0,0,0,0,0,0,0,0,0,0,0,0,0,0,0,0,0,0,0,0,0,0,0,0,0,0,0,0,0,0,0,0,0,0,0,0,0,0,0,0,0,0,0,0,0,0,0,0,0,)
    time_recover7:                0 -nan -nan% 0 (0,0,0,0,0,0,0,0,0,0,0,0,0,0,0,0,0,0,0,0,0,0,0,0,0,0,0,0,0,0,0,0,0,0,0,0,0,0,0,0,0,0,0,0,0,0,0,0,0,)
    time_recover8:                0 -nan -nan% 0 (0,0,0,0,0,0,0,0,0,0,0,0,0,0,0,0,0,0,0,0,0,0,0,0,0,0,0,0,0,0,0,0,0,0,0,0,0,0,0,0,0,0,0,0,0,0,0,0,0,)
    time_debug_get_next:          0 -nan -nan% 0 (0,0,0,0,0,0,0,0,0,0,0,0,0,0,0,0,0,0,0,0,0,0,0,0,0,0,0,0,0,0,0,0,0,0,0,0,0,0,0,0,0,0,0,0,0,0,0,0,0,)
    time_debug0:                  0 -nan -nan% 0 (0,0,0,0,0,0,0,0,0,0,0,0,0,0,0,0,0,0,0,0,0,0,0,0,0,0,0,0,0,0,0,0,0,0,0,0,0,0,0,0,0,0,0,0,0,0,0,0,0,)
    time_debug1:                  0 -nan -nan% 0 (0,0,0,0,0,0,0,0,0,0,0,0,0,0,0,0,0,0,0,0,0,0,0,0,0,0,0,0,0,0,0,0,0,0,0,0,0,0,0,0,0,0,0,0,0,0,0,0,0,)
    time_debug2:                  0 -nan -nan% 0 (0,0,0,0,0,0,0,0,0,0,0,0,0,0,0,0,0,0,0,0,0,0,0,0,0,0,0,0,0,0,0,0,0,0,0,0,0,0,0,0,0,0,0,0,0,0,0,0,0,)
    time_debug3:                  0 -nan -nan% 0 (0,0,0,0,0,0,0,0,0,0,0,0,0,0,0,0,0,0,0,0,0,0,0,0,0,0,0,0,0,0,0,0,0,0,0,0,0,0,0,0,0,0,0,0,0,0,0,0,0,)
    time_debug4:                  0 -nan -nan% 0 (0,0,0,0,0,0,0,0,0,0,0,0,0,0,0,0,0,0,0,0,0,0,0,0,0,0,0,0,0,0,0,0,0,0,0,0,0,0,0,0,0,0,0,0,0,0,0,0,0,)
    time_debug5:                  0 -nan -nan% 0 (0,0,0,0,0,0,0,0,0,0,0,0,0,0,0,0,0,0,0,0,0,0,0,0,0,0,0,0,0,0,0,0,0,0,0,0,0,0,0,0,0,0,0,0,0,0,0,0,0,)
    time_debug6:                  0 -nan -nan% 0 (0,0,0,0,0,0,0,0,0,0,0,0,0,0,0,0,0,0,0,0,0,0,0,0,0,0,0,0,0,0,0,0,0,0,0,0,0,0,0,0,0,0,0,0,0,0,0,0,0,)
    time_debug7:                  13.9254 0.290112 54.5402% 1983.45 (0.288421,0.284434,0.288655,0.288376,0.285444,0.284857,0.287476,0.286464,0.285626,0.287056,0.286987,0.290994,0.285825,0.281819,0.284037,0.285217,0.285376,0.285853,0.282701,0.28639,0.282095,0.286316,0.284266,0.300306,0.293328,0.289661,0.292667,0.292207,0.29127,0.294208,0.294068,0.290841,0.292678,0.291153,0.292831,0.301122,0.297138,0.296243,0.293493,0.293517,0.297408,0.30008,0.299767,0.288644,0.28836,0.303144,0.293529,0.283011,0,)
    time_debug8:                  0 -nan -nan% 0 (0,0,0,0,0,0,0,0,0,0,0,0,0,0,0,0,0,0,0,0,0,0,0,0,0,0,0,0,0,0,0,0,0,0,0,0,0,0,0,0,0,0,0,0,0,0,0,0,0,)
    time_debug9:                  0 -nan -nan% 0 (0,0,0,0,0,0,0,0,0,0,0,0,0,0,0,0,0,0,0,0,0,0,0,0,0,0,0,0,0,0,0,0,0,0,0,0,0,0,0,0,0,0,0,0,0,0,0,0,0,)
    time_debug10:                 0 -nan -nan% 0 (0,0,0,0,0,0,0,0,0,0,0,0,0,0,0,0,0,0,0,0,0,0,0,0,0,0,0,0,0,0,0,0,0,0,0,0,0,0,0,0,0,0,0,0,0,0,0,0,0,)
    time_debug11:                 9.03902 0.188313 35.4023% 1287.47 (0.17451,0.189818,0.189563,0.184584,0.187486,0.183826,0.184233,0.182288,0.186279,0.186983,0.188859,0.185355,0.185286,0.189873,0.186529,0.188151,0.186451,0.187097,0.190035,0.187058,0.190387,0.188894,0.189893,0.186291,0.188328,0.192566,0.192158,0.19185,0.186533,0.190182,0.190629,0.192344,0.190468,0.189748,0.191851,0.18853,0.185975,0.186845,0.191256,0.189971,0.189996,0.189559,0.190769,0.193367,0.193709,0.185404,0.190232,0.187021,0,)
    time_debug12:                 46.8246 0.975512 183.394% 6669.42 (0.989772,0.974622,0.97511,0.978809,0.975405,0.981684,0.981658,0.981993,0.978197,0.976423,0.975544,0.979093,0.977883,0.972997,0.978179,0.97564,0.977236,0.977827,0.972792,0.975126,0.972186,0.976055,0.974344,0.976337,0.97459,0.969877,0.9719,0.970863,0.9781,0.97253,0.972602,0.970136,0.973371,0.974023,0.972519,0.975404,0.977429,0.978671,0.972367,0.975076,0.972944,0.975413,0.974036,0.968404,0.96919,0.980344,0.973418,0.976472,0,)
    time_debug13:                 0 -nan -nan% 0 (0,0,0,0,0,0,0,0,0,0,0,0,0,0,0,0,0,0,0,0,0,0,0,0,0,0,0,0,0,0,0,0,0,0,0,0,0,0,0,0,0,0,0,0,0,0,0,0,0,)
    time_debug14:                 0 -nan -nan% 0 (0,0,0,0,0,0,0,0,0,0,0,0,0,0,0,0,0,0,0,0,0,0,0,0,0,0,0,0,0,0,0,0,0,0,0,0,0,0,0,0,0,0,0,0,0,0,0,0,0,)
    time_debug15:                 0 -nan -nan% 0 (0,0,0,0,0,0,0,0,0,0,0,0,0,0,0,0,0,0,0,0,0,0,0,0,0,0,0,0,0,0,0,0,0,0,0,0,0,0,0,0,0,0,0,0,0,0,0,0,0,)
    time_rec_loop_tryRead:        0 -nan -nan% 0 (0,0,0,0,0,0,0,0,0,0,0,0,0,0,0,0,0,0,0,0,0,0,0,0,0,0,0,0,0,0,0,0,0,0,0,0,0,0,0,0,0,0,0,0,0,0,0,0,0,)
    time_rec_finding_empty_slot:  0 -nan -nan% 0 (0,0,0,0,0,0,0,0,0,0,0,0,0,0,0,0,0,0,0,0,0,0,0,0,0,0,0,0,0,0,0,0,0,0,0,0,0,0,0,0,0,0,0,0,0,0,0,0,0,)
    time_silo_validate1:          0 -nan -nan% 0 (0,0,0,0,0,0,0,0,0,0,0,0,0,0,0,0,0,0,0,0,0,0,0,0,0,0,0,0,0,0,0,0,0,0,0,0,0,0,0,0,0,0,0,0,0,0,0,0,0,)
    time_silo_validate2:          0 -nan -nan% 0 (0,0,0,0,0,0,0,0,0,0,0,0,0,0,0,0,0,0,0,0,0,0,0,0,0,0,0,0,0,0,0,0,0,0,0,0,0,0,0,0,0,0,0,0,0,0,0,0,0,)
    time_silo_validate3:          0 -nan -nan% 0 (0,0,0,0,0,0,0,0,0,0,0,0,0,0,0,0,0,0,0,0,0,0,0,0,0,0,0,0,0,0,0,0,0,0,0,0,0,0,0,0,0,0,0,0,0,0,0,0,0,)
    time_silo_validate4:          0 -nan -nan% 0 (0,0,0,0,0,0,0,0,0,0,0,0,0,0,0,0,0,0,0,0,0,0,0,0,0,0,0,0,0,0,0,0,0,0,0,0,0,0,0,0,0,0,0,0,0,0,0,0,0,)
    time_silo_validate5:          0 -nan -nan% 0 (0,0,0,0,0,0,0,0,0,0,0,0,0,0,0,0,0,0,0,0,0,0,0,0,0,0,0,0,0,0,0,0,0,0,0,0,0,0,0,0,0,0,0,0,0,0,0,0,0,)
    time_silo_validate6:          0 -nan -nan% 0 (0,0,0,0,0,0,0,0,0,0,0,0,0,0,0,0,0,0,0,0,0,0,0,0,0,0,0,0,0,0,0,0,0,0,0,0,0,0,0,0,0,0,0,0,0,0,0,0,0,)
    time_silo_validate7:          0 -nan -nan% 0 (0,0,0,0,0,0,0,0,0,0,0,0,0,0,0,0,0,0,0,0,0,0,0,0,0,0,0,0,0,0,0,0,0,0,0,0,0,0,0,0,0,0,0,0,0,0,0,0,0,)
    time_silo_validate8:          0 -nan -nan% 0 (0,0,0,0,0,0,0,0,0,0,0,0,0,0,0,0,0,0,0,0,0,0,0,0,0,0,0,0,0,0,0,0,0,0,0,0,0,0,0,0,0,0,0,0,0,0,0,0,0,)
    time_silo_validate9:          0 -nan -nan% 0 (0,0,0,0,0,0,0,0,0,0,0,0,0,0,0,0,0,0,0,0,0,0,0,0,0,0,0,0,0,0,0,0,0,0,0,0,0,0,0,0,0,0,0,0,0,0,0,0,0,)
    time_locktable_get:           15.5913 0.324819 61.0651% 2220.74 (0.322848,0.318665,0.32299,0.322739,0.319754,0.319092,0.321825,0.320774,0.320103,0.321703,0.321335,0.324921,0.320159,0.316141,0.318516,0.319565,0.319729,0.320351,0.317049,0.320641,0.316337,0.320707,0.318554,0.334276,0.328789,0.325247,0.327939,0.327586,0.326944,0.329597,0.329232,0.32633,0.328487,0.326644,0.328447,0.334665,0.332431,0.331464,0.329343,0.329401,0.331695,0.334146,0.334125,0.324399,0.324019,0.336983,0.327319,0.317313,0,)
    time_locktable_get_validation:0 -nan -nan% 0 (0,0,0,0,0,0,0,0,0,0,0,0,0,0,0,0,0,0,0,0,0,0,0,0,0,0,0,0,0,0,0,0,0,0,0,0,0,0,0,0,0,0,0,0,0,0,0,0,0,)
    time_locktable_release:       0 -nan -nan% 0 (0,0,0,0,0,0,0,0,0,0,0,0,0,0,0,0,0,0,0,0,0,0,0,0,0,0,0,0,0,0,0,0,0,0,0,0,0,0,0,0,0,0,0,0,0,0,0,0,0,)
    time_get_row_before:          2.7499 0.0572896 10.7703% 391.68 (0.0573388,0.0580602,0.0559263,0.0565158,0.0575497,0.0538304,0.058248,0.0577243,0.0562658,0.0548496,0.0545317,0.0527434,0.0558083,0.0551213,0.055423,0.0560121,0.0562411,0.0557176,0.057453,0.0558285,0.0582807,0.0545397,0.0547708,0.0575252,0.0587659,0.0597081,0.0577249,0.0603335,0.0564755,0.0584014,0.0599856,0.0576941,0.0574627,0.0562072,0.0576701,0.0603462,0.0589076,0.0569712,0.0584947,0.0596002,0.0576134,0.0568496,0.0573217,0.0570868,0.0568812,0.0595697,0.0677445,0.0557813,0,)
    time_get_row_after:           7.24932 0.151028 28.3928% 1032.55 (0.14978,0.145987,0.15122,0.148377,0.14782,0.151371,0.151588,0.148237,0.14854,0.148082,0.148373,0.150797,0.150042,0.147932,0.149298,0.147443,0.150136,0.147941,0.145844,0.146767,0.145294,0.149512,0.150876,0.151206,0.155908,0.155135,0.153391,0.152683,0.154943,0.153779,0.152252,0.154073,0.154633,0.154198,0.155483,0.14972,0.154684,0.153731,0.152978,0.15444,0.153351,0.150752,0.15154,0.153616,0.155539,0.150627,0.150284,0.149122,0,)
    time_log_create:              0 -nan -nan% 0 (0,0,0,0,0,0,0,0,0,0,0,0,0,0,0,0,0,0,0,0,0,0,0,0,0,0,0,0,0,0,0,0,0,0,0,0,0,0,0,0,0,0,0,0,0,0,0,0,0,)
    time_log_serialLogTxn:        0 -nan -nan% 0 (0,0,0,0,0,0,0,0,0,0,0,0,0,0,0,0,0,0,0,0,0,0,0,0,0,0,0,0,0,0,0,0,0,0,0,0,0,0,0,0,0,0,0,0,0,0,0,0,0,)
    time_cleanup_1:               0.063718 0.00132746 0.249559% 9.07563 (0.00131067,0.00131545,0.00131689,0.00131972,0.00131978,0.00130463,0.00130594,0.00131874,0.0013315,0.00131176,0.00132435,0.00130719,0.00131082,0.00131343,0.00132424,0.001313,0.00132181,0.0013168,0.00131008,0.00132025,0.00131084,0.00131921,0.00131622,0.00129966,0.00135218,0.00137303,0.00134754,0.00135672,0.00136828,0.00134741,0.00133947,0.00135926,0.00135714,0.00136451,0.00136542,0.00128559,0.00133818,0.00134548,0.0013596,0.00136168,0.00130669,0.00130776,0.00129251,0.00136912,0.0013619,0.00128882,0.00128591,0.00132083,0,)
    time_cleanup_2:               0.14683 0.00305897 0.575077% 20.9137 (0.00264415,0.00266967,0.00262448,0.00263815,0.00263725,0.002606,0.00263227,0.00265712,0.00265294,0.00508689,0.00264826,0.00501915,0.00264874,0.00650154,0.00265267,0.00648801,0.00264075,0.00526756,0.00262287,0.0048925,0.00263342,0.00433636,0.00264139,0.00261688,0.00271951,0.00271884,0.00271707,0.00271608,0.00272862,0.00269843,0.0026878,0.00271122,0.00274003,0.00272349,0.00272956,0.00258463,0.00269668,0.00269821,0.00273328,0.00271391,0.00262902,0.00261641,0.00261322,0.00270924,0.00274823,0.00256114,0.00255456,0.00262224,0,)
    time_insideSLT1:              0 -nan -nan% 0 (0,0,0,0,0,0,0,0,0,0,0,0,0,0,0,0,0,0,0,0,0,0,0,0,0,0,0,0,0,0,0,0,0,0,0,0,0,0,0,0,0,0,0,0,0,0,0,0,0,)
    time_insideSLT2:              0 -nan -nan% 0 (0,0,0,0,0,0,0,0,0,0,0,0,0,0,0,0,0,0,0,0,0,0,0,0,0,0,0,0,0,0,0,0,0,0,0,0,0,0,0,0,0,0,0,0,0,0,0,0,0,)
    time_STLother:                0 -nan -nan% 0 (0,0,0,0,0,0,0,0,0,0,0,0,0,0,0,0,0,0,0,0,0,0,0,0,0,0,0,0,0,0,0,0,0,0,0,0,0,0,0,0,0,0,0,0,0,0,0,0,0,)
    time_logging_thread:          0 -nan -nan% 0 (0,0,0,0,0,0,0,0,0,0,0,0,0,0,0,0,0,0,0,0,0,0,0,0,0,0,0,0,0,0,0,0,0,0,0,0,0,0,0,0,0,0,0,0,0,0,0,0,0,)
    int_serialLogFail:            0 (0,0,0,0,0,0,0,0,0,0,0,0,0,0,0,0,0,0,0,0,0,0,0,0,0,0,0,0,0,0,0,0,0,0,0,0,0,0,0,0,0,0,0,0,0,0,0,0,0,)
Projected Disk Bandwidth Utilized - avg -nan real -nan
Total time measured 569.65
Total wall time observed 571.041
Estimated CPU_FREQ is 2.19464
