NUM_CORES_PER_SLOT=24
NUMA_NODE_NUM=2
HYPER_THREADING_FACTOR=2
Running in big-hash-table mode.

Using 1 disks.
g_flush_blocksize=1048576, g_log_buffer_size=52428800
Init parallelism 96
Stats initialized
Global manager initialized
reading schema file: ./benchmarks/TPCC_full_schema.txt
0 0x7faa38bb2040 50000000 1
0 0x55d841090000 500 1
0 0x55d841093000 5000 1
0 0x7faa2345f040 15000000 1
0 0x7faa0dd0c040 15000000 1
0 0x7fa9c64a3040 50000000 1
TPCC schema initialized
TPCC Data Initialization Complete!
workload initialized!
Init time 646.057
Log Read Size: 419430400
mem_allocator initialized!
Query Queue Init Time 12.469562
query_queue initialized!
sim_done = 1
sim_done = 15
sim_done = 25
sim_done = 37
sim_done = 41
sim_done = 12
sim_done = 46
sim_done = 17
sim_done = 23
sim_done = 23
sim_done = 23
sim_done = 26
sim_done = 29
sim_done = 33
sim_done = 37
sim_done = 38
sim_done = 5
sim_done = 41
sim_done = 45
sim_done = 9
sim_done = 15
sim_done = 11
sim_done = 12
sim_done = 24
sim_done = 3
sim_done = 7
sim_done = 6
sim_done = 42
sim_done = 13
sim_done = 28
sim_done = 30
sim_done = 31
sim_done = 5
sim_done = 18
sim_done = 39
sim_done = 43
sim_done = 19
sim_done = 8
sim_done = 3
sim_done = 27
sim_done = 33
sim_done = 16
sim_done = 37
sim_done = 23
sim_done = 44
sim_done = 47
sim_done = 37
sim_done = 48
PASS! SimTime = 1.24812e+09
=Worker Thread=
    Throughput:                   5.66807e+06
    MaxThr:                       5.65745e+06
    PerThdThr:                    5.66809e+06
    run_time:                     59.5358 (1.23987,1.2405,1.23896,1.24127,1.24081,1.24103,1.24085,1.24191,1.23948,1.23921,1.24027,1.24077,1.23991,1.24144,1.24006,1.24155,1.24086,1.23943,1.24051,1.24081,1.23976,1.24188,1.23984,1.24081,1.23967,1.23965,1.2396,1.24046,1.24,1.24005,1.24036,1.24084,1.24074,1.24081,1.2419,1.24024,1.2402,1.24027,1.23915,1.23986,1.23963,1.24006,1.23913,1.24009,1.23851,1.2402,1.23994,1.24266,0,)
    log_bytes:                    0 (0,0,0,0,0,0,0,0,0,0,0,0,0,0,0,0,0,0,0,0,0,0,0,0,0,0,0,0,0,0,0,0,0,0,0,0,0,0,0,0,0,0,0,0,0,0,0,0,0,)
    log_dep_size:                 0 (0,0,0,0,0,0,0,0,0,0,0,0,0,0,0,0,0,0,0,0,0,0,0,0,0,0,0,0,0,0,0,0,0,0,0,0,0,0,0,0,0,0,0,0,0,0,0,0,0,)
    log_total_size:               0 (0,0,0,0,0,0,0,0,0,0,0,0,0,0,0,0,0,0,0,0,0,0,0,0,0,0,0,0,0,0,0,0,0,0,0,0,0,0,0,0,0,0,0,0,0,0,0,0,0,)
    latency:                      130.009 (2.70892,2.7103,2.70646,2.71143,2.7107,2.71139,2.7109,2.71331,2.70798,2.70015,2.70937,2.70463,2.70882,2.71147,2.70912,2.71243,2.71093,2.70706,2.71007,2.70365,2.70845,2.706,2.70863,2.70956,2.7076,2.70566,2.70764,2.7093,2.70854,2.70855,2.70916,2.7102,2.71011,2.71014,2.71234,2.70918,2.70893,2.70886,2.70217,2.70807,2.70755,2.70828,2.70251,2.70828,2.69925,2.70886,2.71111,2.71461,0,)

    num_commits:                  7.03028e+06 (144102,143821,144610,143939,144158,143574,144713,144516,144086,144387,143916,143858,143833,144176,144131,144433,144353,144358,144406,144472,144761,144035,144086,149314,148773,149807,148867,149355,149279,149769,149413,149839,149696,149154,150000,148630,149024,149234,149546,148892,149050,149168,148867,149017,149397,149127,136881,143458,0,)
    num_async_commits:            0 (0,0,0,0,0,0,0,0,0,0,0,0,0,0,0,0,0,0,0,0,0,0,0,0,0,0,0,0,0,0,0,0,0,0,0,0,0,0,0,0,0,0,0,0,0,0,0,0,0,)
    num_aborts:                   195372 (3912,4133,4311,4307,3801,3747,4206,4578,4257,4365,4501,3837,4379,4529,4133,4596,4109,4082,4457,4503,4133,4027,3940,3654,4326,4343,3790,4186,4076,3747,4365,4382,4347,4291,4342,4033,4423,4484,4185,4315,4194,3880,4013,4096,4380,4211,2,2464,0,)
    num_aborts_logging:           0 (0,0,0,0,0,0,0,0,0,0,0,0,0,0,0,0,0,0,0,0,0,0,0,0,0,0,0,0,0,0,0,0,0,0,0,0,0,0,0,0,0,0,0,0,0,0,0,0,0,)
    num_log_records:              0 (0,0,0,0,0,0,0,0,0,0,0,0,0,0,0,0,0,0,0,0,0,0,0,0,0,0,0,0,0,0,0,0,0,0,0,0,0,0,0,0,0,0,0,0,0,0,0,0,0,)
    log_data:                     0 (0,0,0,0,0,0,0,0,0,0,0,0,0,0,0,0,0,0,0,0,0,0,0,0,0,0,0,0,0,0,0,0,0,0,0,0,0,0,0,0,0,0,0,0,0,0,0,0,0,)
    num_latency_count:            7.22565e+06 (148014,147954,148921,148246,147959,147321,148919,149094,148343,148752,148417,147695,148212,148705,148264,149029,148462,148440,148863,148975,148894,148062,148026,152968,153099,154150,152657,153541,153355,153516,153778,154221,154043,153445,154342,152663,153447,153718,153731,153207,153244,153048,152880,153113,153777,153338,136883,145922,0,)
    num_raw_edges:                0 (0,0,0,0,0,0,0,0,0,0,0,0,0,0,0,0,0,0,0,0,0,0,0,0,0,0,0,0,0,0,0,0,0,0,0,0,0,0,0,0,0,0,0,0,0,0,0,0,0,)
    num_waw_edges:                0 (0,0,0,0,0,0,0,0,0,0,0,0,0,0,0,0,0,0,0,0,0,0,0,0,0,0,0,0,0,0,0,0,0,0,0,0,0,0,0,0,0,0,0,0,0,0,0,0,0,)
    num_war_edges:                0 (0,0,0,0,0,0,0,0,0,0,0,0,0,0,0,0,0,0,0,0,0,0,0,0,0,0,0,0,0,0,0,0,0,0,0,0,0,0,0,0,0,0,0,0,0,0,0,0,0,)
    int_num_log:                  0 (0,0,0,0,0,0,0,0,0,0,0,0,0,0,0,0,0,0,0,0,0,0,0,0,0,0,0,0,0,0,0,0,0,0,0,0,0,0,0,0,0,0,0,0,0,0,0,0,0,)
    int_debug_get_next:           0 (0,0,0,0,0,0,0,0,0,0,0,0,0,0,0,0,0,0,0,0,0,0,0,0,0,0,0,0,0,0,0,0,0,0,0,0,0,0,0,0,0,0,0,0,0,0,0,0,0,)
    int_debug1:                   0 (0,0,0,0,0,0,0,0,0,0,0,0,0,0,0,0,0,0,0,0,0,0,0,0,0,0,0,0,0,0,0,0,0,0,0,0,0,0,0,0,0,0,0,0,0,0,0,0,0,)
    int_debug2:                   0 (0,0,0,0,0,0,0,0,0,0,0,0,0,0,0,0,0,0,0,0,0,0,0,0,0,0,0,0,0,0,0,0,0,0,0,0,0,0,0,0,0,0,0,0,0,0,0,0,0,)
    int_debug3:                   0 (0,0,0,0,0,0,0,0,0,0,0,0,0,0,0,0,0,0,0,0,0,0,0,0,0,0,0,0,0,0,0,0,0,0,0,0,0,0,0,0,0,0,0,0,0,0,0,0,0,)
    int_debug4:                   0 (0,0,0,0,0,0,0,0,0,0,0,0,0,0,0,0,0,0,0,0,0,0,0,0,0,0,0,0,0,0,0,0,0,0,0,0,0,0,0,0,0,0,0,0,0,0,0,0,0,)
    int_debug5:                   0 (0,0,0,0,0,0,0,0,0,0,0,0,0,0,0,0,0,0,0,0,0,0,0,0,0,0,0,0,0,0,0,0,0,0,0,0,0,0,0,0,0,0,0,0,0,0,0,0,0,)
    int_debug6:                   0 (0,0,0,0,0,0,0,0,0,0,0,0,0,0,0,0,0,0,0,0,0,0,0,0,0,0,0,0,0,0,0,0,0,0,0,0,0,0,0,0,0,0,0,0,0,0,0,0,0,)
    int_debug7:                   0 (0,0,0,0,0,0,0,0,0,0,0,0,0,0,0,0,0,0,0,0,0,0,0,0,0,0,0,0,0,0,0,0,0,0,0,0,0,0,0,0,0,0,0,0,0,0,0,0,0,)
    int_debug8:                   0 (0,0,0,0,0,0,0,0,0,0,0,0,0,0,0,0,0,0,0,0,0,0,0,0,0,0,0,0,0,0,0,0,0,0,0,0,0,0,0,0,0,0,0,0,0,0,0,0,0,)
    int_debug9:                   0 (0,0,0,0,0,0,0,0,0,0,0,0,0,0,0,0,0,0,0,0,0,0,0,0,0,0,0,0,0,0,0,0,0,0,0,0,0,0,0,0,0,0,0,0,0,0,0,0,0,)
    int_debug10:                  0 (0,0,0,0,0,0,0,0,0,0,0,0,0,0,0,0,0,0,0,0,0,0,0,0,0,0,0,0,0,0,0,0,0,0,0,0,0,0,0,0,0,0,0,0,0,0,0,0,0,)
    int_psnflush:                 0 (0,0,0,0,0,0,0,0,0,0,0,0,0,0,0,0,0,0,0,0,0,0,0,0,0,0,0,0,0,0,0,0,0,0,0,0,0,0,0,0,0,0,0,0,0,0,0,0,0,)
    int_flush_time_interval:      0 (0,0,0,0,0,0,0,0,0,0,0,0,0,0,0,0,0,0,0,0,0,0,0,0,0,0,0,0,0,0,0,0,0,0,0,0,0,0,0,0,0,0,0,0,0,0,0,0,0,)
    int_flush_half_full:          0 (0,0,0,0,0,0,0,0,0,0,0,0,0,0,0,0,0,0,0,0,0,0,0,0,0,0,0,0,0,0,0,0,0,0,0,0,0,0,0,0,0,0,0,0,0,0,0,0,0,)
    int_rec_fail_to_insert:       0 (0,0,0,0,0,0,0,0,0,0,0,0,0,0,0,0,0,0,0,0,0,0,0,0,0,0,0,0,0,0,0,0,0,0,0,0,0,0,0,0,0,0,0,0,0,0,0,0,0,)
    int_num_get_row:              0 (0,0,0,0,0,0,0,0,0,0,0,0,0,0,0,0,0,0,0,0,0,0,0,0,0,0,0,0,0,0,0,0,0,0,0,0,0,0,0,0,0,0,0,0,0,0,0,0,0,)
    int_locktable_volume:         0 (0,0,0,0,0,0,0,0,0,0,0,0,0,0,0,0,0,0,0,0,0,0,0,0,0,0,0,0,0,0,0,0,0,0,0,0,0,0,0,0,0,0,0,0,0,0,0,0,0,)
    int_aux_bytes:                0 (0,0,0,0,0,0,0,0,0,0,0,0,0,0,0,0,0,0,0,0,0,0,0,0,0,0,0,0,0,0,0,0,0,0,0,0,0,0,0,0,0,0,0,0,0,0,0,0,0,)
    int_nonzero:                  0 (0,0,0,0,0,0,0,0,0,0,0,0,0,0,0,0,0,0,0,0,0,0,0,0,0,0,0,0,0,0,0,0,0,0,0,0,0,0,0,0,0,0,0,0,0,0,0,0,0,)
    num_log_entries:              0 (0,0,0,0,0,0,0,0,0,0,0,0,0,0,0,0,0,0,0,0,0,0,0,0,0,0,0,0,0,0,0,0,0,0,0,0,0,0,0,0,0,0,0,0,0,0,0,0,0,)
    time_ts_alloc:                0 -nan -nan% 0 (0,0,0,0,0,0,0,0,0,0,0,0,0,0,0,0,0,0,0,0,0,0,0,0,0,0,0,0,0,0,0,0,0,0,0,0,0,0,0,0,0,0,0,0,0,0,0,0,0,)
    time_man:                     28.5235 0.594241 105.402% 4057.24 (0.583592,0.58777,0.585088,0.586392,0.586549,0.583094,0.587329,0.590039,0.58904,0.588763,0.58671,0.586606,0.588486,0.585849,0.588351,0.588238,0.585924,0.584487,0.585796,0.585963,0.584484,0.587368,0.586787,0.58668,0.602305,0.601203,0.600727,0.601018,0.598429,0.601043,0.602268,0.603862,0.605248,0.606031,0.603101,0.601528,0.60202,0.604081,0.606789,0.604327,0.601595,0.601783,0.600624,0.599513,0.602242,0.601907,0.62236,0.57016,0,)
    time_cleanup:                 5.15879 0.107475 19.063% 733.796 (0.108819,0.106338,0.105912,0.107079,0.106579,0.109193,0.104134,0.104466,0.106247,0.108331,0.103387,0.108151,0.104598,0.104561,0.105395,0.104949,0.106302,0.107668,0.104639,0.109233,0.105543,0.109299,0.10642,0.10725,0.108538,0.108506,0.109269,0.108882,0.10926,0.109152,0.109572,0.108986,0.108785,0.109341,0.108971,0.108367,0.107981,0.10935,0.110535,0.109649,0.10863,0.108634,0.109991,0.111167,0.110542,0.110875,0.0964032,0.102913,0,)
    time_txn:                     0 -nan -nan% 0 (0,0,0,0,0,0,0,0,0,0,0,0,0,0,0,0,0,0,0,0,0,0,0,0,0,0,0,0,0,0,0,0,0,0,0,0,0,0,0,0,0,0,0,0,0,0,0,0,0,)
    time_index:                   2.69207 0.0560848 9.94789% 382.925 (0.056666,0.0555021,0.0562902,0.055754,0.055599,0.0570169,0.0562248,0.0557854,0.0561492,0.055371,0.0544017,0.0552696,0.0548276,0.0549756,0.055265,0.0562807,0.0558984,0.0553251,0.0553709,0.0556792,0.0556394,0.0560515,0.0553253,0.0578552,0.0561394,0.0557245,0.0565904,0.0563939,0.0570543,0.056553,0.0569512,0.0569659,0.0556866,0.0561509,0.056402,0.0559264,0.0568687,0.0568067,0.0559754,0.0562216,0.0569116,0.0573637,0.0572809,0.0575445,0.0562368,0.0567133,0.0517183,0.0573686,0,)
    time_log:                     0.0620053 0.00129178 0.229125% 8.81975 (0.00126963,0.00127428,0.00128366,0.00128289,0.00128098,0.00127509,0.00126733,0.00126488,0.00126553,0.0012724,0.00126017,0.00127734,0.00126008,0.00126442,0.00127808,0.00126649,0.00128551,0.00129707,0.00126973,0.00127088,0.00128396,0.00128282,0.00127942,0.00130713,0.001303,0.00133054,0.00131946,0.00132392,0.00131209,0.00132507,0.00130704,0.00131607,0.00130997,0.00132338,0.00132408,0.00130085,0.00130522,0.00130628,0.00131937,0.00131005,0.00131692,0.00130762,0.00130385,0.00132184,0.00132172,0.0013122,0.00120345,0.00126155,0,)
    time_io:                      0 -nan -nan% 0 (0,0,0,0,0,0,0,0,0,0,0,0,0,0,0,0,0,0,0,0,0,0,0,0,0,0,0,0,0,0,0,0,0,0,0,0,0,0,0,0,0,0,0,0,0,0,0,0,0,)
    time_wait_io:                 0 -nan -nan% 0 (0,0,0,0,0,0,0,0,0,0,0,0,0,0,0,0,0,0,0,0,0,0,0,0,0,0,0,0,0,0,0,0,0,0,0,0,0,0,0,0,0,0,0,0,0,0,0,0,0,)
    time_phase1_add_graph:        0 -nan -nan% 0 (0,0,0,0,0,0,0,0,0,0,0,0,0,0,0,0,0,0,0,0,0,0,0,0,0,0,0,0,0,0,0,0,0,0,0,0,0,0,0,0,0,0,0,0,0,0,0,0,0,)
    time_recover_txn:             0 -nan -nan% 0 (0,0,0,0,0,0,0,0,0,0,0,0,0,0,0,0,0,0,0,0,0,0,0,0,0,0,0,0,0,0,0,0,0,0,0,0,0,0,0,0,0,0,0,0,0,0,0,0,0,)
    time_lv_overhead:             0 -nan -nan% 0 (0,0,0,0,0,0,0,0,0,0,0,0,0,0,0,0,0,0,0,0,0,0,0,0,0,0,0,0,0,0,0,0,0,0,0,0,0,0,0,0,0,0,0,0,0,0,0,0,0,)
    time_state_malloc:            0 -nan -nan% 0 (0,0,0,0,0,0,0,0,0,0,0,0,0,0,0,0,0,0,0,0,0,0,0,0,0,0,0,0,0,0,0,0,0,0,0,0,0,0,0,0,0,0,0,0,0,0,0,0,0,)
    time_phase1_1:                4.57096 0.0952282 16.8908% 650.181 (0.0943127,0.096466,0.0947855,0.095464,0.0972392,0.0951568,0.0970165,0.0946101,0.0949947,0.0946723,0.0952843,0.0957063,0.0969034,0.0957331,0.0958093,0.0931119,0.0975422,0.0976083,0.0963607,0.0942982,0.0960403,0.097791,0.0970092,0.0980284,0.0944171,0.0948044,0.0949687,0.0940843,0.096241,0.0963099,0.0932273,0.0944388,0.0948701,0.0943257,0.0941408,0.0954704,0.0952947,0.0949021,0.0940227,0.0934914,0.0940474,0.0954763,0.0956981,0.0936026,0.0947635,0.0955922,0.0878853,0.0969367,0,)
    time_phase1_2:                4.66917 0.0972744 17.2538% 664.152 (0.0941559,0.0948864,0.0949784,0.0945927,0.0915944,0.0930738,0.09394,0.0966754,0.09411,0.0950907,0.0954215,0.0928409,0.0949451,0.0991669,0.0963978,0.0952876,0.0950554,0.094134,0.0962594,0.0956699,0.0975739,0.0924864,0.0943544,0.111413,0.0974999,0.0979414,0.0953638,0.09701,0.0955189,0.0963264,0.09979,0.0976615,0.0972946,0.0990457,0.0986284,0.0957505,0.100505,0.100393,0.102199,0.100932,0.0980436,0.0950139,0.0977965,0.0979319,0.0968357,0.0968161,0.10973,0.11104,0,)
    time_phase2:                  6.40727 0.133485 23.6765% 911.381 (0.131786,0.133188,0.131261,0.131023,0.122288,0.12623,0.131226,0.138743,0.131973,0.132315,0.13643,0.128171,0.130676,0.135309,0.138565,0.132714,0.133417,0.130937,0.135291,0.132344,0.138475,0.128024,0.125918,0.127165,0.132118,0.137607,0.127153,0.133067,0.125752,0.130314,0.136931,0.133812,0.13637,0.139127,0.134198,0.127134,0.139553,0.140492,0.151101,0.140081,0.130203,0.128031,0.128356,0.131269,0.128961,0.131291,0.182747,0.11813,0,)
    time_phase3:                  9.4619 0.197123 34.9641% 1345.88 (0.206089,0.207719,0.208629,0.210104,0.209725,0.211613,0.206026,0.206159,0.206673,0.206207,0.20896,0.210663,0.207106,0.206867,0.206142,0.207623,0.20667,0.209321,0.206764,0.208722,0.206228,0.209725,0.207196,0.185396,0.187737,0.185182,0.189243,0.1883,0.189341,0.188296,0.186426,0.1856,0.185488,0.184808,0.18677,0.189207,0.186692,0.185122,0.181009,0.185043,0.186915,0.188568,0.188861,0.18704,0.186408,0.186568,0.176816,0.210124,0,)
    time_phase1_1_raw:            17.69 0.368542 65.3691% 2516.26 (0.365783,0.362054,0.362952,0.364578,0.371053,0.367387,0.365693,0.364589,0.366985,0.364031,0.361591,0.366926,0.367679,0.360936,0.35805,0.368803,0.358747,0.358541,0.359648,0.361871,0.351702,0.364594,0.367377,0.36572,0.378821,0.368423,0.382532,0.377103,0.37829,0.375225,0.372837,0.375301,0.374628,0.373416,0.37279,0.381754,0.368897,0.366393,0.357315,0.370638,0.38007,0.381165,0.37856,0.374523,0.377898,0.375239,0.356594,0.364319,0,)
    time_phase1_2_raw:            0.858459 0.0178846 3.17223% 122.109 (0.0173717,0.0178089,0.0176187,0.0176548,0.0175306,0.0214789,0.0175729,0.0176679,0.017681,0.0175013,0.0177054,0.0175233,0.0174014,0.0174777,0.017431,0.0177922,0.0175687,0.0174196,0.0171899,0.0174303,0.0176505,0.0175394,0.0176002,0.0178928,0.0179787,0.0179599,0.0183441,0.0182568,0.017971,0.0179879,0.0179373,0.0179955,0.0180614,0.0182267,0.0181039,0.0179528,0.0178712,0.01825,0.0179805,0.0181509,0.0181909,0.0180179,0.0179576,0.0207606,0.0180524,0.0179265,0.0159767,0.0170394,0,)
    time_phase2_raw:              0.424755 0.00884907 1.56958% 60.418 (0.0087,0.00897141,0.00878436,0.00881516,0.00872521,0.00874744,0.00863474,0.00866272,0.00895373,0.00871921,0.00859282,0.00872796,0.00868279,0.00877173,0.00874657,0.00868311,0.00880855,0.0087729,0.00873611,0.00877673,0.0089193,0.00877584,0.00876669,0.00888378,0.00903047,0.00898678,0.00898812,0.00917874,0.00906991,0.00900566,0.0089796,0.0090211,0.00897328,0.00911673,0.00902528,0.00896204,0.00902343,0.00906848,0.00907741,0.00903338,0.00901887,0.00895544,0.00892041,0.00893961,0.00903805,0.00900787,0.00750046,0.0084754,0,)
    time_phase3_raw:              0 -nan -nan% 0 (0,0,0,0,0,0,0,0,0,0,0,0,0,0,0,0,0,0,0,0,0,0,0,0,0,0,0,0,0,0,0,0,0,0,0,0,0,0,0,0,0,0,0,0,0,0,0,0,0,)
    time_recover_full:            0 -nan -nan% 0 (0,0,0,0,0,0,0,0,0,0,0,0,0,0,0,0,0,0,0,0,0,0,0,0,0,0,0,0,0,0,0,0,0,0,0,0,0,0,0,0,0,0,0,0,0,0,0,0,0,)
    time_recover1:                0 -nan -nan% 0 (0,0,0,0,0,0,0,0,0,0,0,0,0,0,0,0,0,0,0,0,0,0,0,0,0,0,0,0,0,0,0,0,0,0,0,0,0,0,0,0,0,0,0,0,0,0,0,0,0,)
    time_recover2:                0 -nan -nan% 0 (0,0,0,0,0,0,0,0,0,0,0,0,0,0,0,0,0,0,0,0,0,0,0,0,0,0,0,0,0,0,0,0,0,0,0,0,0,0,0,0,0,0,0,0,0,0,0,0,0,)
    time_recover3:                0 -nan -nan% 0 (0,0,0,0,0,0,0,0,0,0,0,0,0,0,0,0,0,0,0,0,0,0,0,0,0,0,0,0,0,0,0,0,0,0,0,0,0,0,0,0,0,0,0,0,0,0,0,0,0,)
    time_recover4:                0 -nan -nan% 0 (0,0,0,0,0,0,0,0,0,0,0,0,0,0,0,0,0,0,0,0,0,0,0,0,0,0,0,0,0,0,0,0,0,0,0,0,0,0,0,0,0,0,0,0,0,0,0,0,0,)
    time_recover5:                0 -nan -nan% 0 (0,0,0,0,0,0,0,0,0,0,0,0,0,0,0,0,0,0,0,0,0,0,0,0,0,0,0,0,0,0,0,0,0,0,0,0,0,0,0,0,0,0,0,0,0,0,0,0,0,)
    time_recover6:                0 -nan -nan% 0 (0,0,0,0,0,0,0,0,0,0,0,0,0,0,0,0,0,0,0,0,0,0,0,0,0,0,0,0,0,0,0,0,0,0,0,0,0,0,0,0,0,0,0,0,0,0,0,0,0,)
    time_recover7:                0 -nan -nan% 0 (0,0,0,0,0,0,0,0,0,0,0,0,0,0,0,0,0,0,0,0,0,0,0,0,0,0,0,0,0,0,0,0,0,0,0,0,0,0,0,0,0,0,0,0,0,0,0,0,0,)
    time_recover8:                0 -nan -nan% 0 (0,0,0,0,0,0,0,0,0,0,0,0,0,0,0,0,0,0,0,0,0,0,0,0,0,0,0,0,0,0,0,0,0,0,0,0,0,0,0,0,0,0,0,0,0,0,0,0,0,)
    time_debug_get_next:          0 -nan -nan% 0 (0,0,0,0,0,0,0,0,0,0,0,0,0,0,0,0,0,0,0,0,0,0,0,0,0,0,0,0,0,0,0,0,0,0,0,0,0,0,0,0,0,0,0,0,0,0,0,0,0,)
    time_debug0:                  0 -nan -nan% 0 (0,0,0,0,0,0,0,0,0,0,0,0,0,0,0,0,0,0,0,0,0,0,0,0,0,0,0,0,0,0,0,0,0,0,0,0,0,0,0,0,0,0,0,0,0,0,0,0,0,)
    time_debug1:                  0 -nan -nan% 0 (0,0,0,0,0,0,0,0,0,0,0,0,0,0,0,0,0,0,0,0,0,0,0,0,0,0,0,0,0,0,0,0,0,0,0,0,0,0,0,0,0,0,0,0,0,0,0,0,0,)
    time_debug2:                  0 -nan -nan% 0 (0,0,0,0,0,0,0,0,0,0,0,0,0,0,0,0,0,0,0,0,0,0,0,0,0,0,0,0,0,0,0,0,0,0,0,0,0,0,0,0,0,0,0,0,0,0,0,0,0,)
    time_debug3:                  0 -nan -nan% 0 (0,0,0,0,0,0,0,0,0,0,0,0,0,0,0,0,0,0,0,0,0,0,0,0,0,0,0,0,0,0,0,0,0,0,0,0,0,0,0,0,0,0,0,0,0,0,0,0,0,)
    time_debug4:                  0 -nan -nan% 0 (0,0,0,0,0,0,0,0,0,0,0,0,0,0,0,0,0,0,0,0,0,0,0,0,0,0,0,0,0,0,0,0,0,0,0,0,0,0,0,0,0,0,0,0,0,0,0,0,0,)
    time_debug5:                  2.70545e-06 5.75629e-08 1.02101e-05% 0.000384829 (5.81818e-08,5.18182e-08,6e-08,5e-08,5.81818e-08,5.90909e-08,5.81818e-08,5.81818e-08,5.90909e-08,5.09091e-08,5.81818e-08,5.90909e-08,5.81818e-08,5.81818e-08,6e-08,5.81818e-08,5.81818e-08,5.90909e-08,6e-08,5.81818e-08,5.81818e-08,5.72727e-08,5.72727e-08,5.81818e-08,5.72727e-08,5.81818e-08,5.81818e-08,5.81818e-08,5.72727e-08,5.72727e-08,6e-08,5.81818e-08,5.81818e-08,5.81818e-08,6e-08,5.81818e-08,5.81818e-08,5.09091e-08,5.72727e-08,5.72727e-08,5.81818e-08,5.81818e-08,5.72727e-08,5.90909e-08,5e-08,6e-08,5.81818e-08,0,0,)
    time_debug6:                  0 -nan -nan% 0 (0,0,0,0,0,0,0,0,0,0,0,0,0,0,0,0,0,0,0,0,0,0,0,0,0,0,0,0,0,0,0,0,0,0,0,0,0,0,0,0,0,0,0,0,0,0,0,0,0,)
    time_debug7:                  0 -nan -nan% 0 (0,0,0,0,0,0,0,0,0,0,0,0,0,0,0,0,0,0,0,0,0,0,0,0,0,0,0,0,0,0,0,0,0,0,0,0,0,0,0,0,0,0,0,0,0,0,0,0,0,)
    time_debug8:                  0 -nan -nan% 0 (0,0,0,0,0,0,0,0,0,0,0,0,0,0,0,0,0,0,0,0,0,0,0,0,0,0,0,0,0,0,0,0,0,0,0,0,0,0,0,0,0,0,0,0,0,0,0,0,0,)
    time_debug9:                  0 -nan -nan% 0 (0,0,0,0,0,0,0,0,0,0,0,0,0,0,0,0,0,0,0,0,0,0,0,0,0,0,0,0,0,0,0,0,0,0,0,0,0,0,0,0,0,0,0,0,0,0,0,0,0,)
    time_debug10:                 0 -nan -nan% 0 (0,0,0,0,0,0,0,0,0,0,0,0,0,0,0,0,0,0,0,0,0,0,0,0,0,0,0,0,0,0,0,0,0,0,0,0,0,0,0,0,0,0,0,0,0,0,0,0,0,)
    time_debug11:                 10.3496 0.215616 38.2444% 1472.14 (0.214108,0.214456,0.215318,0.213311,0.217442,0.208449,0.217974,0.211796,0.213078,0.214192,0.213001,0.213355,0.21273,0.21389,0.215041,0.213752,0.218038,0.217881,0.215753,0.214264,0.218755,0.215807,0.216584,0.21911,0.214344,0.21986,0.214782,0.215685,0.218728,0.219249,0.215855,0.219139,0.217877,0.214605,0.220435,0.216531,0.215687,0.218524,0.216162,0.214103,0.215408,0.217352,0.214608,0.21623,0.216033,0.218502,0.207935,0.213869,0,)
    time_debug12:                 48.8652 1.01803 180.569% 6950.68 (1.01929,1.01948,1.01692,1.02111,1.01653,1.02612,1.01629,1.02359,1.01994,1.0184,1.02082,1.02084,1.02055,1.0211,1.01843,1.0212,1.01627,1.01483,1.0181,1.01997,1.01434,1.01964,1.01671,1.01466,1.01842,1.01194,1.01819,1.01804,1.01457,1.01431,1.0177,1.01488,1.01594,1.01936,1.0146,1.01696,1.01782,1.01513,1.01611,1.01901,1.01742,1.01598,1.01791,1.01714,1.01468,1.01507,1.02661,1.02233,0,)
    time_debug13:                 0 -nan -nan% 0 (0,0,0,0,0,0,0,0,0,0,0,0,0,0,0,0,0,0,0,0,0,0,0,0,0,0,0,0,0,0,0,0,0,0,0,0,0,0,0,0,0,0,0,0,0,0,0,0,0,)
    time_debug14:                 0 -nan -nan% 0 (0,0,0,0,0,0,0,0,0,0,0,0,0,0,0,0,0,0,0,0,0,0,0,0,0,0,0,0,0,0,0,0,0,0,0,0,0,0,0,0,0,0,0,0,0,0,0,0,0,)
    time_debug15:                 4.57711 0.0953565 16.9136% 651.057 (0.0972928,0.094763,0.0943587,0.0953207,0.0948597,0.0975033,0.0926943,0.0929477,0.0946249,0.0934914,0.0920089,0.0938279,0.0931582,0.0927185,0.0937841,0.0934222,0.0947985,0.095788,0.0930775,0.0943691,0.0939889,0.0944316,0.0948776,0.0952986,0.0967274,0.0966403,0.097352,0.0969292,0.0971517,0.097167,0.0976952,0.0969681,0.0968222,0.0973424,0.0970471,0.0967329,0.0962341,0.0966633,0.096763,0.0976658,0.0968099,0.0967339,0.0963167,0.099107,0.0968457,0.0987551,0.0856606,0.0915776,0,)
    time_rec_loop_tryRead:        0 -nan -nan% 0 (0,0,0,0,0,0,0,0,0,0,0,0,0,0,0,0,0,0,0,0,0,0,0,0,0,0,0,0,0,0,0,0,0,0,0,0,0,0,0,0,0,0,0,0,0,0,0,0,0,)
    time_rec_finding_empty_slot:  0 -nan -nan% 0 (0,0,0,0,0,0,0,0,0,0,0,0,0,0,0,0,0,0,0,0,0,0,0,0,0,0,0,0,0,0,0,0,0,0,0,0,0,0,0,0,0,0,0,0,0,0,0,0,0,)
    time_silo_validate1:          1.65038 0.034383 6.09858% 234.753 (0.0359215,0.0341793,0.033963,0.0342275,0.0339767,0.0340433,0.033537,0.0337064,0.0340255,0.0337893,0.033967,0.0339746,0.0336458,0.0336772,0.033988,0.0338659,0.0340849,0.0340085,0.0337521,0.0339448,0.0341989,0.0341068,0.0340166,0.0346195,0.0348071,0.0349421,0.0352827,0.0351678,0.0349369,0.0350044,0.0349821,0.0347533,0.0348106,0.0352742,0.0349808,0.0346483,0.0348181,0.0350101,0.0349681,0.0350288,0.0350269,0.0348822,0.0348408,0.0352036,0.0349749,0.0350975,0.0306252,0.0330949,0,)
    time_silo_validate2:          0.379061 0.0078971 1.40073% 53.9183 (0.00767054,0.00795393,0.00788531,0.00780779,0.00787689,0.0077382,0.00763323,0.00785721,0.00808023,0.0076523,0.00763881,0.00780051,0.00767603,0.00758551,0.0078433,0.00792982,0.00792388,0.00899205,0.00759784,0.00770024,0.00787324,0.00780062,0.00800409,0.00784324,0.00787664,0.00794576,0.00807694,0.00797125,0.00795466,0.00793392,0.00794423,0.00819368,0.00806951,0.00821395,0.00792457,0.0079151,0.00788704,0.00817225,0.00799734,0.0080521,0.00800246,0.00797031,0.00793526,0.00801642,0.00792413,0.00786676,0.00720646,0.00764506,0,)
    time_silo_validate3:          0.781976 0.0162912 2.8896% 111.23 (0.0159059,0.0162022,0.0161462,0.0165997,0.0164517,0.0161075,0.0159729,0.0157388,0.0162346,0.0159553,0.0157632,0.0162671,0.0157631,0.0159646,0.0161217,0.0161922,0.0160697,0.0163667,0.0159427,0.0157722,0.0161967,0.0164378,0.0162495,0.0164539,0.0165461,0.0165354,0.0166499,0.0166501,0.0167429,0.0165522,0.0163139,0.0164809,0.0165576,0.0166865,0.0164173,0.0164305,0.0165271,0.0163997,0.0165411,0.0166142,0.0165584,0.0168642,0.0165051,0.0167402,0.016483,0.0166466,0.0147634,0.0158933,0,)
    time_silo_validate4:          0.0613896 0.00127895 0.22685% 8.73216 (0.00127044,0.00125853,0.00127275,0.00126717,0.00126681,0.00126621,0.00126743,0.00125111,0.00125596,0.00125815,0.00125139,0.00126143,0.00124471,0.00125686,0.00126646,0.00125383,0.00125243,0.00127724,0.00124984,0.001257,0.00126406,0.00126783,0.0012633,0.00129199,0.00128758,0.00130469,0.00131772,0.00131029,0.00130741,0.00131222,0.00129296,0.00129923,0.00130185,0.00130853,0.00131021,0.00128486,0.00129672,0.00129081,0.00130459,0.00130067,0.00130197,0.00129918,0.00128682,0.00131752,0.00130018,0.00129906,0.00119985,0.00126173,0,)
    time_silo_validate5:          3.11057 0.0648036 11.4944% 442.453 (0.0657418,0.0645536,0.0642658,0.0648675,0.0644084,0.0640327,0.0632966,0.0634745,0.0645607,0.0636204,0.063504,0.0641674,0.0632199,0.0633943,0.0641443,0.064233,0.0642901,0.06556,0.0634594,0.0635834,0.06448,0.0645335,0.0645077,0.0651666,0.0655751,0.0658122,0.0663573,0.0661408,0.0659785,0.0657884,0.0655971,0.0658107,0.0658482,0.0665716,0.0656783,0.0652602,0.0655892,0.065925,0.0658259,0.0660852,0.0659523,0.0659907,0.0655053,0.0663122,0.0657279,0.0659277,0.0577816,0.0624641,0,)
    time_silo_validate6:          0.00287605 5.99177e-05 0.0106277% 0.409094 (6.76764e-05,6.43827e-05,5.92318e-05,6.54609e-05,5.88236e-05,5.73064e-05,5.80536e-05,6.54982e-05,6.44745e-05,6.23655e-05,6.11773e-05,5.29727e-05,6.25064e-05,6.28391e-05,6.035e-05,6.62027e-05,6.23755e-05,6.64045e-05,6.30973e-05,6.57509e-05,5.53682e-05,5.99409e-05,5.96682e-05,5.29818e-05,6.12936e-05,6.42682e-05,5.07491e-05,6.30145e-05,6.50873e-05,5.39291e-05,6.36755e-05,6.65936e-05,7.07464e-05,6.34973e-05,6.16491e-05,5.706e-05,6.2e-05,6.10727e-05,5.96773e-05,6.96664e-05,6.17527e-05,5.89755e-05,5.87773e-05,6.09873e-05,6.59727e-05,6.19555e-05,7.72727e-08,3.86618e-05,0,)
    time_silo_validate7:          0 -nan -nan% 0 (0,0,0,0,0,0,0,0,0,0,0,0,0,0,0,0,0,0,0,0,0,0,0,0,0,0,0,0,0,0,0,0,0,0,0,0,0,0,0,0,0,0,0,0,0,0,0,0,0,)
    time_silo_validate8:          0.139951 0.00291564 0.517153% 19.9068 (0.00283817,0.00284428,0.00292964,0.00286914,0.00293531,0.00289558,0.00287437,0.00285835,0.00291631,0.00289199,0.00284987,0.00290195,0.00281485,0.00280203,0.00287598,0.00295889,0.00290927,0.00290608,0.00281713,0.0028929,0.0028493,0.00290492,0.00297483,0.00291363,0.00295086,0.00298272,0.00297911,0.00298978,0.00296645,0.00294224,0.00294922,0.00301948,0.00291752,0.00302111,0.00298784,0.00295727,0.00297912,0.0029234,0.00297635,0.0029754,0.00297387,0.00294626,0.00294143,0.00299764,0.00296143,0.00290562,0.00268719,0.00279448,0,)
    time_silo_validate9:          1.46367 0.030493 5.40862% 208.195 (0.0314834,0.030145,0.0300337,0.0303877,0.0303924,0.0334132,0.0293396,0.0294077,0.0299997,0.0298086,0.0284437,0.0296075,0.0298758,0.0292613,0.0295794,0.0291229,0.030446,0.0301616,0.029555,0.03072,0.0294535,0.0298382,0.0303102,0.030079,0.031091,0.0307638,0.0309439,0.0307253,0.031108,0.0313247,0.0320345,0.0310908,0.0309032,0.0307072,0.0313071,0.0314155,0.0305829,0.0306772,0.0308775,0.031511,0.0307959,0.0306842,0.0307526,0.0327337,0.0310518,0.0327654,0.0278789,0.0290749,0,)
    time_locktable_get:           3.45975 0.0720782 12.7847% 492.122 (0.0684532,0.0749419,0.0698488,0.0700214,0.0716898,0.0714543,0.070113,0.0721642,0.0743413,0.0697707,0.0691025,0.0696934,0.0709782,0.0695181,0.0694999,0.0693837,0.0748456,0.0699546,0.0703425,0.0689564,0.0750137,0.0707402,0.0719038,0.0722926,0.0721814,0.0773312,0.0722161,0.0717313,0.073012,0.0734584,0.0760204,0.0726256,0.0722861,0.0726524,0.0722437,0.0726502,0.0719311,0.079974,0.0731777,0.0714707,0.0728514,0.0738185,0.0724052,0.0716415,0.0732436,0.0726945,0.0666536,0.0764597,0,)
    time_locktable_get_validation:0 -nan -nan% 0 (0,0,0,0,0,0,0,0,0,0,0,0,0,0,0,0,0,0,0,0,0,0,0,0,0,0,0,0,0,0,0,0,0,0,0,0,0,0,0,0,0,0,0,0,0,0,0,0,0,)
    time_locktable_release:       0 -nan -nan% 0 (0,0,0,0,0,0,0,0,0,0,0,0,0,0,0,0,0,0,0,0,0,0,0,0,0,0,0,0,0,0,0,0,0,0,0,0,0,0,0,0,0,0,0,0,0,0,0,0,0,)
    time_get_row_before:          3.0635 0.0638229 11.3204% 435.758 (0.0612358,0.0631892,0.0623697,0.0643932,0.0624152,0.0605254,0.0631262,0.0641343,0.0621355,0.0621509,0.0633829,0.0632907,0.0621282,0.0646885,0.0650193,0.0638284,0.0648754,0.0622821,0.0636886,0.0620582,0.0640191,0.0627453,0.0626046,0.0621458,0.0639153,0.0647429,0.0633399,0.0639321,0.0632441,0.0640199,0.0646541,0.065687,0.0663326,0.0655462,0.0645472,0.0629564,0.0665925,0.0657726,0.067164,0.0656225,0.0637584,0.0628162,0.0606271,0.0638216,0.0625315,0.0636218,0.0749869,0.0608342,0,)
    time_get_row_after:           17.6838 0.368412 65.346% 2515.37 (0.362328,0.360642,0.364297,0.362308,0.363495,0.359399,0.367451,0.366822,0.363579,0.365764,0.368168,0.362741,0.367911,0.364271,0.365992,0.36739,0.357016,0.361936,0.364242,0.363045,0.357133,0.36195,0.36313,0.362566,0.375386,0.368422,0.37415,0.374362,0.370679,0.372209,0.369784,0.374314,0.375583,0.376458,0.375629,0.375453,0.373279,0.36672,0.373752,0.375471,0.37435,0.374259,0.375294,0.370951,0.374006,0.372717,0.40022,0.346734,0,)
    time_log_create:              0.0779452 0.00162386 0.288027% 11.0871 (0.00156854,0.00157,0.00164597,0.00158626,0.00165433,0.00162049,0.00160704,0.00159346,0.00165078,0.00161959,0.0015897,0.00162462,0.00155477,0.00153761,0.00159789,0.0016924,0.00162376,0.00160901,0.0015474,0.00162202,0.00156534,0.0016221,0.0016954,0.0016065,0.00164786,0.00165218,0.00165965,0.00166585,0.00165436,0.00161717,0.00164218,0.00170341,0.00160754,0.00169773,0.00166376,0.00165642,0.00167389,0.00161712,0.00165698,0.00166535,0.00165696,0.00163864,0.00163758,0.0016758,0.00163971,0.00159342,0.00148374,0.00153294,0,)
    time_log_serialLogTxn:        0 -nan -nan% 0 (0,0,0,0,0,0,0,0,0,0,0,0,0,0,0,0,0,0,0,0,0,0,0,0,0,0,0,0,0,0,0,0,0,0,0,0,0,0,0,0,0,0,0,0,0,0,0,0,0,)
    time_cleanup_1:               0.0646426 0.00134672 0.238871% 9.19488 (0.00133029,0.00131993,0.00133821,0.00134236,0.00132645,0.00133577,0.00132353,0.00132935,0.00132775,0.00132349,0.00131346,0.00132741,0.00131012,0.00131907,0.00134208,0.0013308,0.00133545,0.0013319,0.00132794,0.00133432,0.00132937,0.00133755,0.00132871,0.001361,0.00135788,0.00138289,0.00137366,0.00138608,0.00138352,0.00137325,0.00137058,0.00137346,0.00136166,0.00138325,0.0013745,0.00135765,0.00136243,0.00136139,0.00137773,0.00137139,0.0013747,0.00136806,0.00136747,0.00138387,0.00137553,0.001373,0.00122344,0.00129891,0,)
    time_cleanup_2:               0.140972 0.00293692 0.520927% 20.0521 (0.00264692,0.00262309,0.00267172,0.00265971,0.00263316,0.00262964,0.00264817,0.00261866,0.0026324,0.00572934,0.00261382,0.00542363,0.00262644,0.00295622,0.0026511,0.00262974,0.00263664,0.00264812,0.00261375,0.00581494,0.00264351,0.00588415,0.0026601,0.00273712,0.00270376,0.00273387,0.00272256,0.00275158,0.00272881,0.00272661,0.00272924,0.00269969,0.00270526,0.00274051,0.00272861,0.00269353,0.00269431,0.00273216,0.00273837,0.00271944,0.00271659,0.0027201,0.00271242,0.002747,0.00275101,0.00270938,0.00243951,0.00259561,0,)
    time_insideSLT1:              0 -nan -nan% 0 (0,0,0,0,0,0,0,0,0,0,0,0,0,0,0,0,0,0,0,0,0,0,0,0,0,0,0,0,0,0,0,0,0,0,0,0,0,0,0,0,0,0,0,0,0,0,0,0,0,)
    time_insideSLT2:              0 -nan -nan% 0 (0,0,0,0,0,0,0,0,0,0,0,0,0,0,0,0,0,0,0,0,0,0,0,0,0,0,0,0,0,0,0,0,0,0,0,0,0,0,0,0,0,0,0,0,0,0,0,0,0,)
    time_STLother:                0 -nan -nan% 0 (0,0,0,0,0,0,0,0,0,0,0,0,0,0,0,0,0,0,0,0,0,0,0,0,0,0,0,0,0,0,0,0,0,0,0,0,0,0,0,0,0,0,0,0,0,0,0,0,0,)
    time_logging_thread:          0 -nan -nan% 0 (0,0,0,0,0,0,0,0,0,0,0,0,0,0,0,0,0,0,0,0,0,0,0,0,0,0,0,0,0,0,0,0,0,0,0,0,0,0,0,0,0,0,0,0,0,0,0,0,0,)
    int_serialLogFail:            0 (0,0,0,0,0,0,0,0,0,0,0,0,0,0,0,0,0,0,0,0,0,0,0,0,0,0,0,0,0,0,0,0,0,0,0,0,0,0,0,0,0,0,0,0,0,0,0,0,0,)
Projected Disk Bandwidth Utilized - avg -nan real -nan
Total time measured 652.977
Total wall time observed 654.575
Estimated CPU_FREQ is 2.19463
