NUM_CORES_PER_SLOT=24
NUMA_NODE_NUM=2
HYPER_THREADING_FACTOR=2
Running in big-hash-table mode.

Using 1 disks.
g_flush_blocksize=1048576, g_log_buffer_size=52428800
Init parallelism 96
Stats initialized
Global manager initialized
reading schema file: ./benchmarks/TPCC_full_schema.txt
0 0x7f94791c3040 50000000 1
0 0x55fac34a1000 500 1
0 0x55fac34a4000 5000 1
0 0x7f9463a70040 15000000 1
0 0x7f944e31d040 15000000 1
0 0x7f9406ab4040 50000000 1
TPCC schema initialized
TPCC Data Initialization Complete!
workload initialized!
Init time 564.853
Log Read Size: 419430400
mem_allocator initialized!
Query Queue Init Time 12.104972
query_queue initialized!
sim_done = 1
sim_done = 8
sim_done = 25
sim_done = 32
sim_done = 38
sim_done = 42
sim_done = 7
sim_done = 5
sim_done = 15
sim_done = 15
sim_done = 23
sim_done = 34
sim_done = 35
sim_done = 40
sim_done = 45
sim_done = 45
sim_done = 48
sim_done = 28
sim_done = 22
sim_done = 16
sim_done = 15
sim_done = 12
sim_done = 7
sim_done = 24
sim_done = 20
sim_done = 31
sim_done = 28
sim_done = 26
sim_done = 37
sim_done = 43
sim_done = 30
sim_done = 48
sim_done = 33
sim_done = 4
sim_done = 10
sim_done = 12
sim_done = 18
sim_done = 46
sim_done = 2
sim_done = 29
sim_done = 9
sim_done = 19
sim_done = 36
sim_done = 41
sim_done = 40
sim_done = 21
sim_done = 3
sim_done = 18
PASS! SimTime = 1.20245e+09
=Worker Thread=
    Throughput:                   5.87071e+06
    MaxThr:                       5.86117e+06
    PerThdThr:                    5.87072e+06
    run_time:                     57.4469 (1.19632,1.1958,1.19714,1.1975,1.19694,1.19633,1.1975,1.19668,1.19687,1.19853,1.19826,1.19637,1.19704,1.19554,1.19821,1.19533,1.19622,1.19876,1.19671,1.19687,1.19555,1.19753,1.19657,1.19688,1.19725,1.19527,1.19821,1.19529,1.19779,1.19662,1.19487,1.198,1.19467,1.19738,1.19516,1.19692,1.19727,1.19858,1.1967,1.19714,1.19574,1.19656,1.19746,1.19723,1.19561,1.19858,1.19682,1.19624,0,)
    log_bytes:                    0 (0,0,0,0,0,0,0,0,0,0,0,0,0,0,0,0,0,0,0,0,0,0,0,0,0,0,0,0,0,0,0,0,0,0,0,0,0,0,0,0,0,0,0,0,0,0,0,0,0,)
    log_dep_size:                 0 (0,0,0,0,0,0,0,0,0,0,0,0,0,0,0,0,0,0,0,0,0,0,0,0,0,0,0,0,0,0,0,0,0,0,0,0,0,0,0,0,0,0,0,0,0,0,0,0,0,)
    log_total_size:               0 (0,0,0,0,0,0,0,0,0,0,0,0,0,0,0,0,0,0,0,0,0,0,0,0,0,0,0,0,0,0,0,0,0,0,0,0,0,0,0,0,0,0,0,0,0,0,0,0,0,)
    latency:                      122.502 (2.55087,2.54236,2.54525,2.54663,2.54638,2.54541,2.54491,2.54359,2.54536,2.54962,2.55012,2.54334,2.54451,2.5404,2.54721,2.5422,2.54485,2.54979,2.54263,2.54474,2.54293,2.54716,2.54578,2.56384,2.5594,2.55078,2.56137,2.55584,2.5616,2.55973,2.55338,2.56154,2.55533,2.56222,2.55694,2.56032,2.55831,2.56123,2.55913,2.56063,2.55833,2.55887,2.55898,2.56025,2.55323,2.56489,2.55626,2.54319,0,)

    num_commits:                  7.02612e+06 (134334,144761,144139,144472,144286,144138,144311,144384,144208,144450,143825,144292,144674,144566,144683,144832,144540,144455,145088,144183,144153,144332,144896,140872,149156,149646,149049,148844,149229,149470,149073,149148,149070,148560,149362,149319,149515,149451,149520,149402,149305,150000,149462,148974,148838,145547,149220,144090,0,)
    num_async_commits:            0 (0,0,0,0,0,0,0,0,0,0,0,0,0,0,0,0,0,0,0,0,0,0,0,0,0,0,0,0,0,0,0,0,0,0,0,0,0,0,0,0,0,0,0,0,0,0,0,0,0,)
    num_aborts:                   208968 (2,5318,4777,5080,5330,4867,5395,4635,4744,5144,5204,5064,4681,5162,4968,4747,5097,5068,5245,5118,4829,5156,5185,6,4508,4245,4531,4414,4400,3425,4503,4490,3119,3983,4784,4426,4298,4123,4189,4346,4182,4470,4401,4015,4632,6,3737,4919,0,)
    num_aborts_logging:           0 (0,0,0,0,0,0,0,0,0,0,0,0,0,0,0,0,0,0,0,0,0,0,0,0,0,0,0,0,0,0,0,0,0,0,0,0,0,0,0,0,0,0,0,0,0,0,0,0,0,)
    num_log_records:              0 (0,0,0,0,0,0,0,0,0,0,0,0,0,0,0,0,0,0,0,0,0,0,0,0,0,0,0,0,0,0,0,0,0,0,0,0,0,0,0,0,0,0,0,0,0,0,0,0,0,)
    log_data:                     0 (0,0,0,0,0,0,0,0,0,0,0,0,0,0,0,0,0,0,0,0,0,0,0,0,0,0,0,0,0,0,0,0,0,0,0,0,0,0,0,0,0,0,0,0,0,0,0,0,0,)
    num_latency_count:            7.23509e+06 (134336,150079,148916,149552,149616,149005,149706,149019,148952,149594,149029,149356,149355,149728,149651,149579,149637,149523,150333,149301,148982,149488,150081,140878,153664,153891,153580,153258,153629,152895,153576,153638,152189,152543,154146,153745,153813,153574,153709,153748,153487,154470,153863,152989,153470,145553,152957,149009,0,)
    num_raw_edges:                0 (0,0,0,0,0,0,0,0,0,0,0,0,0,0,0,0,0,0,0,0,0,0,0,0,0,0,0,0,0,0,0,0,0,0,0,0,0,0,0,0,0,0,0,0,0,0,0,0,0,)
    num_waw_edges:                0 (0,0,0,0,0,0,0,0,0,0,0,0,0,0,0,0,0,0,0,0,0,0,0,0,0,0,0,0,0,0,0,0,0,0,0,0,0,0,0,0,0,0,0,0,0,0,0,0,0,)
    num_war_edges:                0 (0,0,0,0,0,0,0,0,0,0,0,0,0,0,0,0,0,0,0,0,0,0,0,0,0,0,0,0,0,0,0,0,0,0,0,0,0,0,0,0,0,0,0,0,0,0,0,0,0,)
    int_num_log:                  0 (0,0,0,0,0,0,0,0,0,0,0,0,0,0,0,0,0,0,0,0,0,0,0,0,0,0,0,0,0,0,0,0,0,0,0,0,0,0,0,0,0,0,0,0,0,0,0,0,0,)
    int_debug_get_next:           0 (0,0,0,0,0,0,0,0,0,0,0,0,0,0,0,0,0,0,0,0,0,0,0,0,0,0,0,0,0,0,0,0,0,0,0,0,0,0,0,0,0,0,0,0,0,0,0,0,0,)
    int_debug1:                   0 (0,0,0,0,0,0,0,0,0,0,0,0,0,0,0,0,0,0,0,0,0,0,0,0,0,0,0,0,0,0,0,0,0,0,0,0,0,0,0,0,0,0,0,0,0,0,0,0,0,)
    int_debug2:                   0 (0,0,0,0,0,0,0,0,0,0,0,0,0,0,0,0,0,0,0,0,0,0,0,0,0,0,0,0,0,0,0,0,0,0,0,0,0,0,0,0,0,0,0,0,0,0,0,0,0,)
    int_debug3:                   0 (0,0,0,0,0,0,0,0,0,0,0,0,0,0,0,0,0,0,0,0,0,0,0,0,0,0,0,0,0,0,0,0,0,0,0,0,0,0,0,0,0,0,0,0,0,0,0,0,0,)
    int_debug4:                   0 (0,0,0,0,0,0,0,0,0,0,0,0,0,0,0,0,0,0,0,0,0,0,0,0,0,0,0,0,0,0,0,0,0,0,0,0,0,0,0,0,0,0,0,0,0,0,0,0,0,)
    int_debug5:                   0 (0,0,0,0,0,0,0,0,0,0,0,0,0,0,0,0,0,0,0,0,0,0,0,0,0,0,0,0,0,0,0,0,0,0,0,0,0,0,0,0,0,0,0,0,0,0,0,0,0,)
    int_debug6:                   0 (0,0,0,0,0,0,0,0,0,0,0,0,0,0,0,0,0,0,0,0,0,0,0,0,0,0,0,0,0,0,0,0,0,0,0,0,0,0,0,0,0,0,0,0,0,0,0,0,0,)
    int_debug7:                   0 (0,0,0,0,0,0,0,0,0,0,0,0,0,0,0,0,0,0,0,0,0,0,0,0,0,0,0,0,0,0,0,0,0,0,0,0,0,0,0,0,0,0,0,0,0,0,0,0,0,)
    int_debug8:                   0 (0,0,0,0,0,0,0,0,0,0,0,0,0,0,0,0,0,0,0,0,0,0,0,0,0,0,0,0,0,0,0,0,0,0,0,0,0,0,0,0,0,0,0,0,0,0,0,0,0,)
    int_debug9:                   0 (0,0,0,0,0,0,0,0,0,0,0,0,0,0,0,0,0,0,0,0,0,0,0,0,0,0,0,0,0,0,0,0,0,0,0,0,0,0,0,0,0,0,0,0,0,0,0,0,0,)
    int_debug10:                  0 (0,0,0,0,0,0,0,0,0,0,0,0,0,0,0,0,0,0,0,0,0,0,0,0,0,0,0,0,0,0,0,0,0,0,0,0,0,0,0,0,0,0,0,0,0,0,0,0,0,)
    int_psnflush:                 0 (0,0,0,0,0,0,0,0,0,0,0,0,0,0,0,0,0,0,0,0,0,0,0,0,0,0,0,0,0,0,0,0,0,0,0,0,0,0,0,0,0,0,0,0,0,0,0,0,0,)
    int_flush_time_interval:      0 (0,0,0,0,0,0,0,0,0,0,0,0,0,0,0,0,0,0,0,0,0,0,0,0,0,0,0,0,0,0,0,0,0,0,0,0,0,0,0,0,0,0,0,0,0,0,0,0,0,)
    int_flush_half_full:          0 (0,0,0,0,0,0,0,0,0,0,0,0,0,0,0,0,0,0,0,0,0,0,0,0,0,0,0,0,0,0,0,0,0,0,0,0,0,0,0,0,0,0,0,0,0,0,0,0,0,)
    int_rec_fail_to_insert:       0 (0,0,0,0,0,0,0,0,0,0,0,0,0,0,0,0,0,0,0,0,0,0,0,0,0,0,0,0,0,0,0,0,0,0,0,0,0,0,0,0,0,0,0,0,0,0,0,0,0,)
    int_num_get_row:              0 (0,0,0,0,0,0,0,0,0,0,0,0,0,0,0,0,0,0,0,0,0,0,0,0,0,0,0,0,0,0,0,0,0,0,0,0,0,0,0,0,0,0,0,0,0,0,0,0,0,)
    int_locktable_volume:         0 (0,0,0,0,0,0,0,0,0,0,0,0,0,0,0,0,0,0,0,0,0,0,0,0,0,0,0,0,0,0,0,0,0,0,0,0,0,0,0,0,0,0,0,0,0,0,0,0,0,)
    int_aux_bytes:                0 (0,0,0,0,0,0,0,0,0,0,0,0,0,0,0,0,0,0,0,0,0,0,0,0,0,0,0,0,0,0,0,0,0,0,0,0,0,0,0,0,0,0,0,0,0,0,0,0,0,)
    int_nonzero:                  0 (0,0,0,0,0,0,0,0,0,0,0,0,0,0,0,0,0,0,0,0,0,0,0,0,0,0,0,0,0,0,0,0,0,0,0,0,0,0,0,0,0,0,0,0,0,0,0,0,0,)
    num_log_entries:              0 (0,0,0,0,0,0,0,0,0,0,0,0,0,0,0,0,0,0,0,0,0,0,0,0,0,0,0,0,0,0,0,0,0,0,0,0,0,0,0,0,0,0,0,0,0,0,0,0,0,)
    time_ts_alloc:                1.28472 0.026765 4.92% 182.849 (0.0283857,0.0303404,0.0304357,0.0301789,0.0296967,0.029645,0.030825,0.0307715,0.030271,0.0298557,0.0293909,0.0304368,0.0306722,0.0304485,0.0301913,0.0300282,0.0296976,0.0299331,0.0310982,0.0303929,0.0299313,0.0299566,0.0295562,0.0225356,0.0237905,0.0236521,0.023825,0.023521,0.0233431,0.0231188,0.0241426,0.0234652,0.0232678,0.022741,0.0227811,0.0231557,0.0242996,0.0240016,0.0234025,0.0231243,0.0228941,0.023355,0.0241588,0.0235984,0.0236199,0.0228033,0.0236028,0.0303811,0,)
    time_man:                     21.9829 0.457977 84.1863% 3128.74 (0.434469,0.456922,0.453495,0.452241,0.450307,0.445829,0.453943,0.449633,0.456395,0.456102,0.459411,0.448152,0.453265,0.452975,0.452885,0.450623,0.450905,0.4467,0.448882,0.457133,0.446099,0.4464,0.449434,0.453636,0.464973,0.466932,0.471018,0.461153,0.472255,0.460364,0.466031,0.46548,0.463729,0.472681,0.461247,0.4619,0.465784,0.469029,0.466759,0.478093,0.468998,0.46121,0.464695,0.464616,0.46714,0.455062,0.458948,0.448982,0,)
    time_cleanup:                 2.46008 0.0512516 9.42117% 350.133 (0.0304179,0.053264,0.0522471,0.053637,0.0542044,0.0509018,0.0540308,0.0516508,0.0524455,0.0533917,0.0547052,0.0525989,0.0517864,0.0538162,0.0531556,0.0515772,0.0527968,0.0517828,0.0538409,0.0544177,0.0516981,0.0521607,0.0538714,0.0324778,0.0527741,0.0529894,0.0526863,0.05199,0.054526,0.0488318,0.0523896,0.0528496,0.0490939,0.0511163,0.0527756,0.0518901,0.0519691,0.0523635,0.0524281,0.052916,0.0519579,0.0520779,0.0533927,0.0519506,0.0545956,0.0333903,0.0496119,0.0526342,0,)
    time_txn:                     0 -nan -nan% 0 (0,0,0,0,0,0,0,0,0,0,0,0,0,0,0,0,0,0,0,0,0,0,0,0,0,0,0,0,0,0,0,0,0,0,0,0,0,0,0,0,0,0,0,0,0,0,0,0,0,)
    time_index:                   2.52397 0.0525826 9.66584% 359.226 (0.0703766,0.0512334,0.0509188,0.0518239,0.0509119,0.0516164,0.0513419,0.0519289,0.0511156,0.0515323,0.0515436,0.0510136,0.0504188,0.0506076,0.0505616,0.052268,0.0512426,0.0521268,0.051725,0.0511393,0.0507949,0.0514206,0.0511165,0.0456379,0.0521972,0.0523952,0.0531023,0.0530371,0.0533482,0.0534665,0.052706,0.0535699,0.051695,0.0546608,0.0513175,0.0525863,0.0524001,0.0523789,0.0530255,0.0536444,0.0536314,0.0539025,0.0546286,0.0523781,0.0527719,0.0529828,0.0521419,0.0615807,0,)
    time_log:                     0 -nan -nan% 0 (0,0,0,0,0,0,0,0,0,0,0,0,0,0,0,0,0,0,0,0,0,0,0,0,0,0,0,0,0,0,0,0,0,0,0,0,0,0,0,0,0,0,0,0,0,0,0,0,0,)
    time_io:                      0 -nan -nan% 0 (0,0,0,0,0,0,0,0,0,0,0,0,0,0,0,0,0,0,0,0,0,0,0,0,0,0,0,0,0,0,0,0,0,0,0,0,0,0,0,0,0,0,0,0,0,0,0,0,0,)
    time_wait_io:                 0 -nan -nan% 0 (0,0,0,0,0,0,0,0,0,0,0,0,0,0,0,0,0,0,0,0,0,0,0,0,0,0,0,0,0,0,0,0,0,0,0,0,0,0,0,0,0,0,0,0,0,0,0,0,0,)
    time_phase1_add_graph:        0 -nan -nan% 0 (0,0,0,0,0,0,0,0,0,0,0,0,0,0,0,0,0,0,0,0,0,0,0,0,0,0,0,0,0,0,0,0,0,0,0,0,0,0,0,0,0,0,0,0,0,0,0,0,0,)
    time_recover_txn:             0 -nan -nan% 0 (0,0,0,0,0,0,0,0,0,0,0,0,0,0,0,0,0,0,0,0,0,0,0,0,0,0,0,0,0,0,0,0,0,0,0,0,0,0,0,0,0,0,0,0,0,0,0,0,0,)
    time_lv_overhead:             0 -nan -nan% 0 (0,0,0,0,0,0,0,0,0,0,0,0,0,0,0,0,0,0,0,0,0,0,0,0,0,0,0,0,0,0,0,0,0,0,0,0,0,0,0,0,0,0,0,0,0,0,0,0,0,)
    time_state_malloc:            0 -nan -nan% 0 (0,0,0,0,0,0,0,0,0,0,0,0,0,0,0,0,0,0,0,0,0,0,0,0,0,0,0,0,0,0,0,0,0,0,0,0,0,0,0,0,0,0,0,0,0,0,0,0,0,)
    time_phase1_1:                5.87619 0.122421 22.5036% 836.335 (0.11258,0.125472,0.12479,0.12606,0.123916,0.123339,0.126528,0.123318,0.123457,0.124868,0.12672,0.123501,0.123678,0.123862,0.124552,0.124326,0.1261,0.1248,0.12429,0.126498,0.123985,0.125593,0.125212,0.10063,0.123424,0.121377,0.123158,0.122148,0.125231,0.120523,0.123769,0.124839,0.118988,0.120943,0.122943,0.120816,0.122504,0.122191,0.122764,0.121493,0.123831,0.121882,0.123587,0.120975,0.123974,0.101083,0.119396,0.126277,0,)
    time_phase1_2:                5.01916 0.104566 19.2215% 714.357 (0.123679,0.102664,0.102209,0.104355,0.102147,0.0988029,0.100852,0.105051,0.105304,0.107166,0.0996995,0.101935,0.104142,0.0982647,0.102477,0.101929,0.0986606,0.100848,0.101079,0.107164,0.102534,0.102742,0.0999613,0.14464,0.101287,0.10116,0.101695,0.105412,0.101244,0.0990705,0.0997691,0.101478,0.109829,0.105473,0.105768,0.10034,0.10059,0.105681,0.102855,0.104121,0.104209,0.0990472,0.103477,0.107609,0.107221,0.126783,0.102766,0.103971,0,)
    time_phase2:                  8.00218 0.166712 30.6454% 1138.92 (0.176568,0.164761,0.165082,0.165295,0.164112,0.15818,0.165975,0.165792,0.170194,0.164046,0.165247,0.163085,0.166581,0.163507,0.16721,0.159691,0.163639,0.16045,0.164916,0.165745,0.160315,0.160279,0.165486,0.174774,0.168354,0.164355,0.167213,0.164841,0.166341,0.161349,0.166616,0.167576,0.176305,0.172064,0.167247,0.167122,0.166307,0.17342,0.168697,0.170304,0.170096,0.164261,0.169996,0.175102,0.164897,0.18503,0.161351,0.16241,0,)
    time_phase3:                  8.9245 0.185927 34.1775% 1270.19 (0.185521,0.193131,0.195713,0.195147,0.196401,0.198256,0.194568,0.193881,0.193017,0.192921,0.194948,0.195667,0.193192,0.193773,0.193597,0.194319,0.195318,0.198605,0.194011,0.192207,0.193374,0.195386,0.195646,0.172232,0.178107,0.177827,0.178817,0.178693,0.179079,0.181808,0.17864,0.177116,0.174976,0.180336,0.176542,0.179225,0.178856,0.176508,0.176669,0.177331,0.177448,0.180275,0.177323,0.176633,0.175634,0.173352,0.179398,0.193077,0,)
    time_phase1_1_raw:            17.0658 0.355538 65.3557% 2428.91 (0.329041,0.342543,0.349047,0.346836,0.351334,0.357291,0.348646,0.345549,0.342465,0.345043,0.350595,0.34877,0.348261,0.350626,0.346849,0.349403,0.347126,0.353062,0.346143,0.340907,0.351297,0.349872,0.345321,0.352676,0.366422,0.369225,0.365267,0.36962,0.366297,0.372039,0.364815,0.365391,0.354234,0.3629,0.362031,0.369619,0.36953,0.360868,0.363627,0.365001,0.359346,0.370019,0.362973,0.357665,0.36227,0.349555,0.372679,0.345731,0,)
    time_phase1_2_raw:            0.820158 0.0170866 3.1409% 116.73 (0.0153866,0.0183162,0.0168683,0.0166749,0.0167135,0.0166822,0.0169316,0.016828,0.0168001,0.0165226,0.0166746,0.0167483,0.0166475,0.0166321,0.0167571,0.0170021,0.0167415,0.0166079,0.016727,0.0166263,0.0166872,0.016778,0.0167088,0.0158628,0.0175747,0.0173236,0.0172756,0.0172621,0.017445,0.0176406,0.0174578,0.0174987,0.0172735,0.017173,0.0188783,0.0172397,0.0175079,0.0174183,0.0175501,0.0173296,0.0175886,0.0173746,0.0175282,0.0172409,0.0172211,0.0182055,0.0173411,0.0168843,0,)
    time_phase2_raw:              0.410895 0.00856031 1.57357% 58.481 (0.00751111,0.00820053,0.00862043,0.00851161,0.00854169,0.00852767,0.00858483,0.00852685,0.00830551,0.00816294,0.00845037,0.00855087,0.00841515,0.00850102,0.00853198,0.00858645,0.00856361,0.00858846,0.00848735,0.00835201,0.00850551,0.00854911,0.00852577,0.00760422,0.0088993,0.00865667,0.00856345,0.00875358,0.00878079,0.00896605,0.00876718,0.00884311,0.00865505,0.0084452,0.0087882,0.008773,0.00888748,0.00881646,0.0088746,0.00845737,0.00885612,0.00883972,0.00882713,0.0087337,0.00862076,0.00803457,0.00875805,0.00859228,0,)
    time_phase3_raw:              0 -nan -nan% 0 (0,0,0,0,0,0,0,0,0,0,0,0,0,0,0,0,0,0,0,0,0,0,0,0,0,0,0,0,0,0,0,0,0,0,0,0,0,0,0,0,0,0,0,0,0,0,0,0,0,)
    time_recover_full:            0 -nan -nan% 0 (0,0,0,0,0,0,0,0,0,0,0,0,0,0,0,0,0,0,0,0,0,0,0,0,0,0,0,0,0,0,0,0,0,0,0,0,0,0,0,0,0,0,0,0,0,0,0,0,0,)
    time_recover1:                0 -nan -nan% 0 (0,0,0,0,0,0,0,0,0,0,0,0,0,0,0,0,0,0,0,0,0,0,0,0,0,0,0,0,0,0,0,0,0,0,0,0,0,0,0,0,0,0,0,0,0,0,0,0,0,)
    time_recover2:                0 -nan -nan% 0 (0,0,0,0,0,0,0,0,0,0,0,0,0,0,0,0,0,0,0,0,0,0,0,0,0,0,0,0,0,0,0,0,0,0,0,0,0,0,0,0,0,0,0,0,0,0,0,0,0,)
    time_recover3:                0 -nan -nan% 0 (0,0,0,0,0,0,0,0,0,0,0,0,0,0,0,0,0,0,0,0,0,0,0,0,0,0,0,0,0,0,0,0,0,0,0,0,0,0,0,0,0,0,0,0,0,0,0,0,0,)
    time_recover4:                0 -nan -nan% 0 (0,0,0,0,0,0,0,0,0,0,0,0,0,0,0,0,0,0,0,0,0,0,0,0,0,0,0,0,0,0,0,0,0,0,0,0,0,0,0,0,0,0,0,0,0,0,0,0,0,)
    time_recover5:                0 -nan -nan% 0 (0,0,0,0,0,0,0,0,0,0,0,0,0,0,0,0,0,0,0,0,0,0,0,0,0,0,0,0,0,0,0,0,0,0,0,0,0,0,0,0,0,0,0,0,0,0,0,0,0,)
    time_recover6:                0 -nan -nan% 0 (0,0,0,0,0,0,0,0,0,0,0,0,0,0,0,0,0,0,0,0,0,0,0,0,0,0,0,0,0,0,0,0,0,0,0,0,0,0,0,0,0,0,0,0,0,0,0,0,0,)
    time_recover7:                0 -nan -nan% 0 (0,0,0,0,0,0,0,0,0,0,0,0,0,0,0,0,0,0,0,0,0,0,0,0,0,0,0,0,0,0,0,0,0,0,0,0,0,0,0,0,0,0,0,0,0,0,0,0,0,)
    time_recover8:                0 -nan -nan% 0 (0,0,0,0,0,0,0,0,0,0,0,0,0,0,0,0,0,0,0,0,0,0,0,0,0,0,0,0,0,0,0,0,0,0,0,0,0,0,0,0,0,0,0,0,0,0,0,0,0,)
    time_debug_get_next:          0 -nan -nan% 0 (0,0,0,0,0,0,0,0,0,0,0,0,0,0,0,0,0,0,0,0,0,0,0,0,0,0,0,0,0,0,0,0,0,0,0,0,0,0,0,0,0,0,0,0,0,0,0,0,0,)
    time_debug0:                  0 -nan -nan% 0 (0,0,0,0,0,0,0,0,0,0,0,0,0,0,0,0,0,0,0,0,0,0,0,0,0,0,0,0,0,0,0,0,0,0,0,0,0,0,0,0,0,0,0,0,0,0,0,0,0,)
    time_debug1:                  0 -nan -nan% 0 (0,0,0,0,0,0,0,0,0,0,0,0,0,0,0,0,0,0,0,0,0,0,0,0,0,0,0,0,0,0,0,0,0,0,0,0,0,0,0,0,0,0,0,0,0,0,0,0,0,)
    time_debug2:                  0 -nan -nan% 0 (0,0,0,0,0,0,0,0,0,0,0,0,0,0,0,0,0,0,0,0,0,0,0,0,0,0,0,0,0,0,0,0,0,0,0,0,0,0,0,0,0,0,0,0,0,0,0,0,0,)
    time_debug3:                  0 -nan -nan% 0 (0,0,0,0,0,0,0,0,0,0,0,0,0,0,0,0,0,0,0,0,0,0,0,0,0,0,0,0,0,0,0,0,0,0,0,0,0,0,0,0,0,0,0,0,0,0,0,0,0,)
    time_debug4:                  0 -nan -nan% 0 (0,0,0,0,0,0,0,0,0,0,0,0,0,0,0,0,0,0,0,0,0,0,0,0,0,0,0,0,0,0,0,0,0,0,0,0,0,0,0,0,0,0,0,0,0,0,0,0,0,)
    time_debug5:                  9.09091e-09 9.09091e-09 1.67111e-06% 1.29387e-06 (0,0,0,0,0,0,0,0,0,0,0,0,0,0,0,0,0,0,0,0,0,0,0,0,0,0,0,0,0,0,0,0,0,0,0,0,0,0,0,0,0,9.09091e-09,0,0,0,0,0,0,0,)
    time_debug6:                  0 -nan -nan% 0 (0,0,0,0,0,0,0,0,0,0,0,0,0,0,0,0,0,0,0,0,0,0,0,0,0,0,0,0,0,0,0,0,0,0,0,0,0,0,0,0,0,0,0,0,0,0,0,0,0,)
    time_debug7:                  13.8469 0.288478 53.0286% 1970.78 (0.28506,0.279028,0.287695,0.285168,0.28407,0.283996,0.285724,0.283386,0.283946,0.282254,0.284558,0.281678,0.284746,0.282962,0.284475,0.28166,0.28371,0.283621,0.28216,0.28177,0.282471,0.281522,0.282283,0.291673,0.293955,0.289854,0.292902,0.293181,0.293123,0.295637,0.293404,0.292812,0.292954,0.294194,0.292092,0.295127,0.297229,0.296848,0.295908,0.294917,0.293715,0.293232,0.293159,0.293554,0.289647,0.294012,0.29445,0.281425,0,)
    time_debug8:                  0 -nan -nan% 0 (0,0,0,0,0,0,0,0,0,0,0,0,0,0,0,0,0,0,0,0,0,0,0,0,0,0,0,0,0,0,0,0,0,0,0,0,0,0,0,0,0,0,0,0,0,0,0,0,0,)
    time_debug9:                  0 -nan -nan% 0 (0,0,0,0,0,0,0,0,0,0,0,0,0,0,0,0,0,0,0,0,0,0,0,0,0,0,0,0,0,0,0,0,0,0,0,0,0,0,0,0,0,0,0,0,0,0,0,0,0,)
    time_debug10:                 0 -nan -nan% 0 (0,0,0,0,0,0,0,0,0,0,0,0,0,0,0,0,0,0,0,0,0,0,0,0,0,0,0,0,0,0,0,0,0,0,0,0,0,0,0,0,0,0,0,0,0,0,0,0,0,)
    time_debug11:                 9.04316 0.188399 34.6319% 1287.08 (0.199855,0.190028,0.183999,0.184122,0.183587,0.183848,0.184047,0.186578,0.186943,0.189651,0.18625,0.187027,0.185236,0.189088,0.187213,0.189666,0.190078,0.185429,0.188269,0.188632,0.188426,0.188014,0.189781,0.186779,0.188276,0.188473,0.191227,0.184186,0.187486,0.191183,0.189667,0.190743,0.190345,0.18661,0.188872,0.189927,0.187715,0.1885,0.189661,0.188934,0.190657,0.190357,0.188346,0.188728,0.189789,0.193798,0.189138,0.187992,0,)
    time_debug12:                 46.7697 0.974368 179.11% 6656.54 (0.962041,0.968184,0.975519,0.976066,0.976478,0.975668,0.975356,0.972257,0.972611,0.97188,0.975494,0.971629,0.973989,0.968834,0.973237,0.968514,0.969276,0.976244,0.970137,0.970653,0.970078,0.972417,0.970014,0.981117,0.977795,0.973667,0.97574,0.980315,0.97953,0.975027,0.973602,0.976316,0.973797,0.980776,0.976049,0.976553,0.977876,0.97837,0.976136,0.977693,0.97487,0.975439,0.977524,0.977678,0.974538,0.975398,0.976713,0.970576,0,)
    time_debug13:                 0 -nan -nan% 0 (0,0,0,0,0,0,0,0,0,0,0,0,0,0,0,0,0,0,0,0,0,0,0,0,0,0,0,0,0,0,0,0,0,0,0,0,0,0,0,0,0,0,0,0,0,0,0,0,0,)
    time_debug14:                 0 -nan -nan% 0 (0,0,0,0,0,0,0,0,0,0,0,0,0,0,0,0,0,0,0,0,0,0,0,0,0,0,0,0,0,0,0,0,0,0,0,0,0,0,0,0,0,0,0,0,0,0,0,0,0,)
    time_debug15:                 0 -nan -nan% 0 (0,0,0,0,0,0,0,0,0,0,0,0,0,0,0,0,0,0,0,0,0,0,0,0,0,0,0,0,0,0,0,0,0,0,0,0,0,0,0,0,0,0,0,0,0,0,0,0,0,)
    time_rec_loop_tryRead:        0 -nan -nan% 0 (0,0,0,0,0,0,0,0,0,0,0,0,0,0,0,0,0,0,0,0,0,0,0,0,0,0,0,0,0,0,0,0,0,0,0,0,0,0,0,0,0,0,0,0,0,0,0,0,0,)
    time_rec_finding_empty_slot:  0 -nan -nan% 0 (0,0,0,0,0,0,0,0,0,0,0,0,0,0,0,0,0,0,0,0,0,0,0,0,0,0,0,0,0,0,0,0,0,0,0,0,0,0,0,0,0,0,0,0,0,0,0,0,0,)
    time_silo_validate1:          0 -nan -nan% 0 (0,0,0,0,0,0,0,0,0,0,0,0,0,0,0,0,0,0,0,0,0,0,0,0,0,0,0,0,0,0,0,0,0,0,0,0,0,0,0,0,0,0,0,0,0,0,0,0,0,)
    time_silo_validate2:          0 -nan -nan% 0 (0,0,0,0,0,0,0,0,0,0,0,0,0,0,0,0,0,0,0,0,0,0,0,0,0,0,0,0,0,0,0,0,0,0,0,0,0,0,0,0,0,0,0,0,0,0,0,0,0,)
    time_silo_validate3:          0 -nan -nan% 0 (0,0,0,0,0,0,0,0,0,0,0,0,0,0,0,0,0,0,0,0,0,0,0,0,0,0,0,0,0,0,0,0,0,0,0,0,0,0,0,0,0,0,0,0,0,0,0,0,0,)
    time_silo_validate4:          0 -nan -nan% 0 (0,0,0,0,0,0,0,0,0,0,0,0,0,0,0,0,0,0,0,0,0,0,0,0,0,0,0,0,0,0,0,0,0,0,0,0,0,0,0,0,0,0,0,0,0,0,0,0,0,)
    time_silo_validate5:          0 -nan -nan% 0 (0,0,0,0,0,0,0,0,0,0,0,0,0,0,0,0,0,0,0,0,0,0,0,0,0,0,0,0,0,0,0,0,0,0,0,0,0,0,0,0,0,0,0,0,0,0,0,0,0,)
    time_silo_validate6:          0 -nan -nan% 0 (0,0,0,0,0,0,0,0,0,0,0,0,0,0,0,0,0,0,0,0,0,0,0,0,0,0,0,0,0,0,0,0,0,0,0,0,0,0,0,0,0,0,0,0,0,0,0,0,0,)
    time_silo_validate7:          0 -nan -nan% 0 (0,0,0,0,0,0,0,0,0,0,0,0,0,0,0,0,0,0,0,0,0,0,0,0,0,0,0,0,0,0,0,0,0,0,0,0,0,0,0,0,0,0,0,0,0,0,0,0,0,)
    time_silo_validate8:          0 -nan -nan% 0 (0,0,0,0,0,0,0,0,0,0,0,0,0,0,0,0,0,0,0,0,0,0,0,0,0,0,0,0,0,0,0,0,0,0,0,0,0,0,0,0,0,0,0,0,0,0,0,0,0,)
    time_silo_validate9:          0 -nan -nan% 0 (0,0,0,0,0,0,0,0,0,0,0,0,0,0,0,0,0,0,0,0,0,0,0,0,0,0,0,0,0,0,0,0,0,0,0,0,0,0,0,0,0,0,0,0,0,0,0,0,0,)
    time_locktable_get:           15.5129 0.323186 59.4086% 2207.89 (0.315933,0.313269,0.322265,0.319313,0.318256,0.318045,0.320041,0.317648,0.318078,0.316393,0.318799,0.315825,0.318943,0.317217,0.318865,0.315905,0.31791,0.317847,0.31644,0.315932,0.316633,0.315878,0.316535,0.324247,0.329723,0.325429,0.328673,0.328553,0.328933,0.331235,0.329086,0.328518,0.328366,0.329685,0.327215,0.330316,0.332919,0.33256,0.331523,0.330657,0.329011,0.328664,0.328943,0.3288,0.324852,0.327583,0.329718,0.315728,0,)
    time_locktable_get_validation:0 -nan -nan% 0 (0,0,0,0,0,0,0,0,0,0,0,0,0,0,0,0,0,0,0,0,0,0,0,0,0,0,0,0,0,0,0,0,0,0,0,0,0,0,0,0,0,0,0,0,0,0,0,0,0,)
    time_locktable_release:       0 -nan -nan% 0 (0,0,0,0,0,0,0,0,0,0,0,0,0,0,0,0,0,0,0,0,0,0,0,0,0,0,0,0,0,0,0,0,0,0,0,0,0,0,0,0,0,0,0,0,0,0,0,0,0,)
    time_get_row_before:          2.76808 0.0576683 10.6007% 393.97 (0.0656029,0.057633,0.0558272,0.0566192,0.0549612,0.053906,0.0563603,0.0574147,0.0579451,0.0556245,0.0585994,0.056521,0.0579946,0.0561979,0.0580006,0.0557843,0.0571391,0.0544735,0.0557437,0.0574518,0.0548977,0.0549289,0.0563989,0.0624299,0.0581449,0.0562225,0.0572384,0.0568645,0.0569386,0.0550227,0.0568859,0.0600405,0.0620035,0.0601413,0.0575499,0.0562716,0.056869,0.0602521,0.0582096,0.0579258,0.0596213,0.0558581,0.0581386,0.0602267,0.0579677,0.0690536,0.0554903,0.0566872,0,)
    time_get_row_after:           7.28543 0.15178 27.9005% 1036.91 (0.138961,0.149311,0.14854,0.147891,0.14972,0.150367,0.148525,0.147399,0.147384,0.14829,0.149402,0.148896,0.148363,0.149306,0.148684,0.150147,0.14858,0.149843,0.147844,0.146885,0.1504,0.150094,0.147971,0.149597,0.155981,0.158307,0.15739,0.156647,0.156253,0.157765,0.156589,0.155491,0.151585,0.154709,0.156102,0.1569,0.15655,0.153623,0.154548,0.15642,0.15396,0.156447,0.154835,0.152204,0.154628,0.15077,0.157713,0.147615,0,)
    time_log_create:              0 -nan -nan% 0 (0,0,0,0,0,0,0,0,0,0,0,0,0,0,0,0,0,0,0,0,0,0,0,0,0,0,0,0,0,0,0,0,0,0,0,0,0,0,0,0,0,0,0,0,0,0,0,0,0,)
    time_log_serialLogTxn:        0 -nan -nan% 0 (0,0,0,0,0,0,0,0,0,0,0,0,0,0,0,0,0,0,0,0,0,0,0,0,0,0,0,0,0,0,0,0,0,0,0,0,0,0,0,0,0,0,0,0,0,0,0,0,0,)
    time_cleanup_1:               0.0638253 0.00132969 0.244427% 9.084 (0.00117515,0.00132913,0.00131523,0.00131082,0.00131358,0.0012995,0.00132089,0.00132153,0.00130145,0.00131007,0.00130241,0.00130437,0.00130631,0.00132682,0.00131224,0.00131768,0.00130747,0.0013075,0.0013155,0.00130508,0.00131872,0.00130608,0.00130943,0.00124822,0.0013636,0.00137392,0.00136494,0.00135001,0.0013665,0.00136063,0.00137084,0.00135841,0.00135012,0.00135092,0.00135223,0.00134675,0.00137211,0.00136623,0.00137256,0.00136221,0.00134436,0.00136043,0.00137974,0.00135232,0.00137011,0.00129669,0.00134529,0.0013092,0,)
    time_cleanup_2:               0.128643 0.00268006 0.492654% 18.3092 (0.00238419,0.00264723,0.00264406,0.00263092,0.00263923,0.0026183,0.00263782,0.00263993,0.00260483,0.00263295,0.00262386,0.00263097,0.00263837,0.00321521,0.00266645,0.00263354,0.00263276,0.00268432,0.00263981,0.00262808,0.00263349,0.00262751,0.00263614,0.00252364,0.00275529,0.00274255,0.00276016,0.00271313,0.00273624,0.00273333,0.00274582,0.0027396,0.00271969,0.00272615,0.00271167,0.00270925,0.00274961,0.00277077,0.00273855,0.00274306,0.00268832,0.00271905,0.00275228,0.00267939,0.00267262,0.0025473,0.00268564,0.00260965,0,)
    time_insideSLT1:              0 -nan -nan% 0 (0,0,0,0,0,0,0,0,0,0,0,0,0,0,0,0,0,0,0,0,0,0,0,0,0,0,0,0,0,0,0,0,0,0,0,0,0,0,0,0,0,0,0,0,0,0,0,0,0,)
    time_insideSLT2:              0 -nan -nan% 0 (0,0,0,0,0,0,0,0,0,0,0,0,0,0,0,0,0,0,0,0,0,0,0,0,0,0,0,0,0,0,0,0,0,0,0,0,0,0,0,0,0,0,0,0,0,0,0,0,0,)
    time_STLother:                0 -nan -nan% 0 (0,0,0,0,0,0,0,0,0,0,0,0,0,0,0,0,0,0,0,0,0,0,0,0,0,0,0,0,0,0,0,0,0,0,0,0,0,0,0,0,0,0,0,0,0,0,0,0,0,)
    time_logging_thread:          0 -nan -nan% 0 (0,0,0,0,0,0,0,0,0,0,0,0,0,0,0,0,0,0,0,0,0,0,0,0,0,0,0,0,0,0,0,0,0,0,0,0,0,0,0,0,0,0,0,0,0,0,0,0,0,)
    int_serialLogFail:            0 (0,0,0,0,0,0,0,0,0,0,0,0,0,0,0,0,0,0,0,0,0,0,0,0,0,0,0,0,0,0,0,0,0,0,0,0,0,0,0,0,0,0,0,0,0,0,0,0,0,)
Projected Disk Bandwidth Utilized - avg -nan real -nan
Total time measured 571.563
Total wall time observed 572.959
Estimated CPU_FREQ is 2.19464
