NUM_CORES_PER_SLOT=24
NUMA_NODE_NUM=2
HYPER_THREADING_FACTOR=2
Using SIMD
MM_MAX=_mm512_max_epu32
SIMD_PREFIX=__m512i
MAX_LOGGER_NUM_SIMD=16
Running in big-hash-table mode.

Using 1 disks.
g_flush_blocksize=1048576, g_log_buffer_size=52428800
Init parallelism 96
Stats initialized
Global manager initialized
reading schema file: ./benchmarks/TPCC_full_schema.txt
0 0x7f81622b0040 50000000 1
0 0x56284af63f80 500 1
0 0x56284af66f40 5000 1
0 0x7f814cb5d040 15000000 1
0 0x7f813740a040 15000000 1
0 0x7f80efba1040 50000000 1
TPCC schema initialized
TPCC Data Initialization Complete!
workload initialized!
Init time 562.744
Queue Buffer Length728177
Log Read Size: 419430400
Log buffer size 52428800
log file:		/mnt/dbx1000/logs/TC_log0_1_TPCC_0.500000.data
/mnt/dbx1000/logs/TC_log0_1_TPCC_0.500000.data
Start Initializing Locktable, size 16777216
ltiSize=64
Locktable Initialized, size 16777216, schema table size 15728640
mem_allocator initialized!
Query Queue Init Time 12.567871
query_queue initialized!
Setting logger 0 to CPU node 0
PSN Flush Frequency: 1000
sim_done = 1
sim_done = 11
sim_done = 21
sim_done = 25
sim_done = 29
sim_done = 31
sim_done = 33
sim_done = 34
sim_done = 37
sim_done = 10
sim_done = 39
sim_done = 20
sim_done = 41
sim_done = 24
sim_done = 6
sim_done = 27
sim_done = 44
sim_done = 4
sim_done = 14
sim_done = 9
sim_done = 36
sim_done = 2
sim_done = 13
sim_done = 17
sim_done = 24
sim_done = 32
sim_done = 7
sim_done = 8
sim_done = 35
sim_done = 18
sim_done = 40
sim_done = 5
sim_done = 3
sim_done = 30
sim_done = 17
sim_done = 46
sim_done = 22
sim_done = 28
sim_done = 27
sim_done = 42
sim_done = 43
sim_done = 19
sim_done = 12
sim_done = 48
sim_done = 15
sim_done = 38
sim_done = 45
sim_done = 47
Destructor 0. flush size=10240 (2380267520 to 2380277760)
PASS! SimTime = 3.91179e+09
=Worker Thread=
    Throughput:                   1.7159e+06
    MaxThr:                       1.7159e+06
    PerThdThr:                    1.72104e+06
    run_time:                     187.129 (3.89767,3.8984,3.8986,3.89836,3.89755,3.89892,3.89839,3.89858,3.89946,3.89836,3.90015,3.89841,3.89878,3.89822,3.90048,3.89892,3.89789,3.89711,3.89922,3.90032,3.8994,3.90007,3.89836,3.89882,3.89759,3.89774,3.89923,3.89989,3.89839,3.89974,3.89796,3.89772,3.89896,3.89756,3.89834,3.8978,3.89751,3.89802,3.89963,3.89768,3.89924,3.89807,3.89818,3.89805,3.8984,3.89791,3.89835,3.8967,0,)
    log_bytes:                    2.38028 (0,0,0,0,0,0,0,0,0,0,0,0,0,0,0,0,0,0,0,0,0,0,0,0,0,0,0,0,0,0,0,0,0,0,0,0,0,0,0,0,0,0,0,0,0,0,0,0,2.38028,)
    log_dep_size:                 0 (0,0,0,0,0,0,0,0,0,0,0,0,0,0,0,0,0,0,0,0,0,0,0,0,0,0,0,0,0,0,0,0,0,0,0,0,0,0,0,0,0,0,0,0,0,0,0,0,0,)
    log_total_size:               1.26717 (0.0272198,0.0263215,0.0265987,0.0266009,0.0266081,0.0266003,0.0265948,0.0266085,0.0254133,0.0265791,0.0265449,0.0263465,0.0256032,0.0259266,0.0265686,0.0263304,0.0259935,0.0263372,0.0265998,0.0263584,0.0265891,0.0265656,0.0265653,0.026538,0.0265609,0.0265712,0.0265532,0.0265542,0.0282232,0.0252567,0.0265493,0.0262397,0.0265501,0.0265643,0.0265714,0.0262143,0.025621,0.0258124,0.0272229,0.0265589,0.026179,0.0282519,0.0265691,0.0262106,0.026553,0.026552,0.0254118,0.0238052,0,)
    latency:                      26927.1 (535.599,564.48,567.716,559.813,570.992,560.907,569.25,568.145,543.669,560.706,567.471,565.082,532.301,557.638,558.284,562.202,550.344,564.902,566.376,568.313,568.621,563.731,560.276,565.851,560.867,568.201,565.839,566.523,600.207,539.332,568.857,565.819,565.304,566.307,565.162,561.554,533.416,546.168,548.487,567.461,560.001,603.256,565.887,562.694,564.84,567.095,543.259,517.934,0,)

    num_commits:                  6.70951e+06 (144834,139088,140910,141045,141133,140877,140850,141173,134445,140544,140649,139618,135729,137255,140366,139218,137758,139389,140902,139869,140829,140260,140288,140220,140614,140739,140493,140489,149329,134239,140463,139413,140387,140727,140866,138829,135650,136307,143878,140609,138193,150000,140790,138811,140433,140435,134869,125702,0,)
    num_async_commits:            6.70654e+06 (144758,139037,140851,140980,141067,140822,140792,141116,134387,140491,140581,139550,135669,137206,140303,139151,137700,139333,140848,139808,140774,140193,140214,140161,140548,140676,140437,140419,149265,134196,140382,139361,140332,140659,140815,138763,135583,136235,143803,140550,138125,149937,140739,138754,140364,140361,134796,125652,0,)
    num_aborts:                   89299 (2,1520,2915,2549,3023,3091,3157,2695,33,3080,609,1031,9,140,3042,802,52,1185,3188,1464,3173,3035,3335,3504,2244,3237,3004,3528,411,22,3370,1294,2920,2535,2316,1159,22,69,100,3774,884,416,2309,1788,3739,3388,56,80,0,)
    num_aborts_logging:           0 (0,0,0,0,0,0,0,0,0,0,0,0,0,0,0,0,0,0,0,0,0,0,0,0,0,0,0,0,0,0,0,0,0,0,0,0,0,0,0,0,0,0,0,0,0,0,0,0,0,)
    num_log_records:              0 (0,0,0,0,0,0,0,0,0,0,0,0,0,0,0,0,0,0,0,0,0,0,0,0,0,0,0,0,0,0,0,0,0,0,0,0,0,0,0,0,0,0,0,0,0,0,0,0,0,)
    log_data:                     0 (0,0,0,0,0,0,0,0,0,0,0,0,0,0,0,0,0,0,0,0,0,0,0,0,0,0,0,0,0,0,0,0,0,0,0,0,0,0,0,0,0,0,0,0,0,0,0,0,0,)
    num_latency_count:            6.70654e+06 (144758,139037,140851,140980,141067,140822,140792,141116,134387,140491,140581,139550,135669,137206,140303,139151,137700,139333,140848,139808,140774,140193,140214,140161,140548,140676,140437,140419,149265,134196,140382,139361,140332,140659,140815,138763,135583,136235,143803,140550,138125,149937,140739,138754,140364,140361,134796,125652,0,)
    num_raw_edges:                0 (0,0,0,0,0,0,0,0,0,0,0,0,0,0,0,0,0,0,0,0,0,0,0,0,0,0,0,0,0,0,0,0,0,0,0,0,0,0,0,0,0,0,0,0,0,0,0,0,0,)
    num_waw_edges:                0 (0,0,0,0,0,0,0,0,0,0,0,0,0,0,0,0,0,0,0,0,0,0,0,0,0,0,0,0,0,0,0,0,0,0,0,0,0,0,0,0,0,0,0,0,0,0,0,0,0,)
    num_war_edges:                0 (0,0,0,0,0,0,0,0,0,0,0,0,0,0,0,0,0,0,0,0,0,0,0,0,0,0,0,0,0,0,0,0,0,0,0,0,0,0,0,0,0,0,0,0,0,0,0,0,0,)
    int_num_log:                  6.70951e+06 (144834,139088,140910,141045,141133,140877,140850,141173,134445,140544,140649,139618,135729,137255,140366,139218,137758,139389,140902,139869,140829,140260,140288,140220,140614,140739,140493,140489,149329,134239,140463,139413,140387,140727,140866,138829,135650,136307,143878,140609,138193,150000,140790,138811,140433,140435,134869,125702,0,)
    int_debug_get_next:           0 (0,0,0,0,0,0,0,0,0,0,0,0,0,0,0,0,0,0,0,0,0,0,0,0,0,0,0,0,0,0,0,0,0,0,0,0,0,0,0,0,0,0,0,0,0,0,0,0,0,)
    int_debug1:                   0 (0,0,0,0,0,0,0,0,0,0,0,0,0,0,0,0,0,0,0,0,0,0,0,0,0,0,0,0,0,0,0,0,0,0,0,0,0,0,0,0,0,0,0,0,0,0,0,0,0,)
    int_debug2:                   2.33309e+09 (0,0,0,0,0,0,0,0,0,0,0,0,0,0,0,0,0,0,0,0,0,0,0,0,0,0,0,0,0,0,0,0,0,0,0,0,0,0,0,0,0,0,0,0,0,0,0,0,2333091840,)
    int_debug3:                   2271 (0,0,0,0,0,0,0,0,0,0,0,0,0,0,0,0,0,0,0,0,0,0,0,0,0,0,0,0,0,0,0,0,0,0,0,0,0,0,0,0,0,0,0,0,0,0,0,0,2271,)
    int_debug4:                   1.29965e+08 (1914054,3025428,3400841,2553499,3093221,2667818,2550490,2680013,2563831,2884603,2841870,2599357,2129442,2381213,2893900,2552216,2401435,2789648,3015763,3272971,3383324,2680615,2740078,2642875,2590529,2825326,2771532,2945256,2628496,2694575,3183759,2983449,2964020,2377462,2748777,2563624,2226486,2387222,1918996,2759645,3078893,2601370,2741739,2821481,2679453,3099683,2409443,2305069,0,)
    int_debug5:                   8.83615e+07 (1868488,1832740,1869907,1862904,1869828,1869676,1873291,1863844,1748862,1869780,1833698,1825659,1760050,1785391,1869892,1822778,1787820,1827904,1872340,1832017,1871422,1869634,1873881,1873994,1856356,1870276,1866409,1874445,1947166,1734579,1874261,1820551,1865521,1861702,1858890,1818218,1762508,1777654,1874898,1877275,1814823,1947128,1858227,1827359,1877126,1873809,1746911,1639576,0,)
    int_debug6:                   1.1264e+07 (116287,266821,321168,258750,266056,203641,274511,252168,275314,210293,202155,234989,172779,263735,210757,240577,258524,287899,225669,262626,274623,228323,219702,218095,214604,195679,263289,203000,169413,247032,231364,325692,215123,274477,226760,227388,165594,267656,106036,195745,289390,169440,244406,278565,201901,235623,252848,317514,0,)
    int_debug7:                   707067 (190,17165,10026,8334,15877,19400,4604,7611,10562,18435,21127,22279,19794,10332,20137,19785,10353,22091,18308,17174,21087,23161,19299,26095,12377,16980,11381,16922,18092,7057,16179,7585,19207,19356,22112,4806,3413,9032,378,15757,16873,21125,17314,15201,17601,19066,7795,8232,0,)
    int_debug8:                   0 (0,0,0,0,0,0,0,0,0,0,0,0,0,0,0,0,0,0,0,0,0,0,0,0,0,0,0,0,0,0,0,0,0,0,0,0,0,0,0,0,0,0,0,0,0,0,0,0,0,)
    int_debug9:                   8.82722e+07 (1868486,1831220,1866992,1860355,1866805,1866585,1870134,1861149,1748829,1866700,1833089,1824628,1760041,1785251,1866850,1821976,1787768,1826719,1869152,1830553,1868249,1866599,1870546,1870490,1854112,1867039,1863405,1870917,1946755,1734557,1870891,1819257,1862601,1859167,1856574,1817059,1762486,1777585,1874798,1873501,1813939,1946712,1855918,1825571,1873387,1870421,1746855,1639496,0,)
    int_debug10:                  1.24389e+08 (1902775,2815699,3089796,2457849,2926411,2597301,2410483,2578879,2411706,2806204,2770511,2480078,2119514,2266062,2816153,2429963,2307122,2537864,2936273,3086817,3210078,2584546,2658769,2563224,2517197,2756520,2672591,2871426,2615078,2605968,3027332,2722737,2887676,2244358,2664663,2465156,2218012,2240332,1911687,2697410,2831207,2587952,2654583,2605661,2610297,2930389,2272966,2013290,0,)
    int_psnflush:                 0 (0,0,0,0,0,0,0,0,0,0,0,0,0,0,0,0,0,0,0,0,0,0,0,0,0,0,0,0,0,0,0,0,0,0,0,0,0,0,0,0,0,0,0,0,0,0,0,0,0,)
    int_flush_time_interval:      0 (0,0,0,0,0,0,0,0,0,0,0,0,0,0,0,0,0,0,0,0,0,0,0,0,0,0,0,0,0,0,0,0,0,0,0,0,0,0,0,0,0,0,0,0,0,0,0,0,0,)
    int_flush_half_full:          2270 (0,0,0,0,0,0,0,0,0,0,0,0,0,0,0,0,0,0,0,0,0,0,0,0,0,0,0,0,0,0,0,0,0,0,0,0,0,0,0,0,0,0,0,0,0,0,0,0,2270,)
    int_rec_fail_to_insert:       0 (0,0,0,0,0,0,0,0,0,0,0,0,0,0,0,0,0,0,0,0,0,0,0,0,0,0,0,0,0,0,0,0,0,0,0,0,0,0,0,0,0,0,0,0,0,0,0,0,0,)
    int_num_get_row:              8.8273e+07 (1868486,1831233,1867023,1860402,1866846,1866627,1870163,1861197,1748829,1866735,1833092,1824636,1760041,1785252,1866888,1821977,1787768,1826727,1869188,1830567,1868290,1866643,1870585,1870520,1854126,1867071,1863418,1870933,1946763,1734557,1870910,1819265,1862630,1859182,1856587,1817062,1762486,1777585,1874798,1873523,1813944,1946724,1855931,1825583,1873407,1870435,1746855,1639496,0,)
    int_locktable_volume:         1.65496e+08 (1952560,4041211,4151881,3344641,3974850,3459954,3480592,3403772,3219551,3448478,3448542,3462391,2606371,3233544,3463985,3441582,3214029,4066288,3420124,4044752,3981372,3512443,3457338,3480161,3406253,3533376,3374201,3528296,3108960,3121970,4156695,3881320,3463195,3408548,3411777,3418079,2608373,3289460,1977206,3548253,4010408,3110489,3359110,4038576,3530707,4157878,3248464,3494088,0,)
    int_aux_bytes:                5.36761e+07 (1158672,1112704,1127280,1128360,1129064,1127016,1126800,1129384,1075560,1124352,1125192,1116944,1085832,1098040,1122928,1113744,1102064,1115112,1127216,1118952,1126632,1122080,1122304,1121760,1124912,1125912,1123944,1123912,1194632,1073912,1123704,1115304,1123096,1125816,1126928,1110632,1085200,1090456,1151024,1124872,1105544,1200000,1126320,1110488,1123464,1123480,1078952,1005616,0,)
    int_nonzero:                  0 (0,0,0,0,0,0,0,0,0,0,0,0,0,0,0,0,0,0,0,0,0,0,0,0,0,0,0,0,0,0,0,0,0,0,0,0,0,0,0,0,0,0,0,0,0,0,0,0,0,)
    num_log_entries:              6.70951e+06 (144834,139088,140910,141045,141133,140877,140850,141173,134445,140544,140649,139618,135729,137255,140366,139218,137758,139389,140902,139869,140829,140260,140288,140220,140614,140739,140493,140489,149329,134239,140463,139413,140387,140727,140866,138829,135650,136307,143878,140609,138193,150000,140790,138811,140433,140435,134869,125702,0,)
    time_ts_alloc:                0 -nan -nan% 0 (0,0,0,0,0,0,0,0,0,0,0,0,0,0,0,0,0,0,0,0,0,0,0,0,0,0,0,0,0,0,0,0,0,0,0,0,0,0,0,0,0,0,0,0,0,0,0,0,0,)
    time_man:                     144.938 3.01954 170.398% 21601.9 (2.77301,3.0556,3.05694,3.05366,3.04224,3.05295,3.05506,3.04265,3.06154,3.03705,3.03498,3.0479,3.04571,3.04533,2.99715,3.05395,3.02512,3.04446,3.03428,3.05747,3.0312,3.03107,3.04326,3.0002,3.01417,3.01005,3.01688,3.01575,2.94213,3.04545,3.02219,3.02571,3.02092,3.02731,2.992,3.00954,3.03341,3.03023,3.00528,3.01183,3.01659,2.93721,2.96831,3.02755,3.01493,3.01594,3.02935,2.98253,0,)
    time_cleanup:                 26.959 0.561646 31.6946% 4018.03 (0.426633,0.585357,0.610401,0.57618,0.591287,0.58943,0.558617,0.56269,0.562428,0.577843,0.576133,0.576096,0.530143,0.558567,0.579184,0.587195,0.534453,0.583371,0.57559,0.598167,0.600033,0.590385,0.578058,0.574734,0.529609,0.579177,0.571081,0.5794,0.545245,0.549581,0.576408,0.564644,0.595502,0.562826,0.540511,0.520561,0.485156,0.527691,0.449066,0.589285,0.56905,0.5314,0.574521,0.571942,0.579226,0.592536,0.540732,0.550872,0,)
    time_txn:                     0 -nan -nan% 0 (0,0,0,0,0,0,0,0,0,0,0,0,0,0,0,0,0,0,0,0,0,0,0,0,0,0,0,0,0,0,0,0,0,0,0,0,0,0,0,0,0,0,0,0,0,0,0,0,0,)
    time_index:                   3.74505 0.0780218 4.4029% 558.17 (0.188175,0.0753714,0.0752681,0.0747406,0.0754179,0.0739291,0.0760098,0.0760808,0.0703034,0.0736052,0.0726197,0.0742045,0.0706602,0.0720188,0.074123,0.0742085,0.0719484,0.074281,0.0749789,0.0739706,0.0742764,0.0748043,0.0738365,0.0955225,0.074371,0.0735818,0.0754297,0.0760595,0.0807209,0.0701563,0.0725363,0.0734304,0.0741893,0.0737736,0.0743374,0.0775776,0.0699643,0.0691966,0.0742465,0.0752174,0.0730077,0.0815476,0.0989579,0.0766016,0.0743102,0.0745914,0.0738507,0.0970383,0,)
    time_log:                     0.278455 0.00580114 0.327368% 41.5015 (0.00480201,0.0055999,0.00534908,0.00534822,0.00555436,0.00527638,0.00519073,0.00573897,0.00497596,0.00510279,0.00517822,0.00513594,0.00857201,0.00560918,0.00496337,0.00888818,0.00530172,0.00528877,0.00909002,0.0087536,0.00559819,0.00482224,0.00489801,0.00504507,0.00515922,0.00630681,0.00558649,0.00548874,0.00642489,0.00733538,0.00572842,0.0051318,0.00551141,0.00704444,0.00581404,0.00542933,0.00489385,0.00504958,0.00720937,0.00527503,0.00510751,0.00562167,0.00630331,0.00522181,0.00577297,0.00563752,0.00473698,0.00658132,0,)
    time_io:                      1.49286 1.49286 84.2447% 222.499 (0,0,0,0,0,0,0,0,0,0,0,0,0,0,0,0,0,0,0,0,0,0,0,0,0,0,0,0,0,0,0,0,0,0,0,0,0,0,0,0,0,0,0,0,0,0,0,0,1.49286,)
    time_wait_io:                 0 -nan -nan% 0 (0,0,0,0,0,0,0,0,0,0,0,0,0,0,0,0,0,0,0,0,0,0,0,0,0,0,0,0,0,0,0,0,0,0,0,0,0,0,0,0,0,0,0,0,0,0,0,0,0,)
    time_phase1_add_graph:        0 -nan -nan% 0 (0,0,0,0,0,0,0,0,0,0,0,0,0,0,0,0,0,0,0,0,0,0,0,0,0,0,0,0,0,0,0,0,0,0,0,0,0,0,0,0,0,0,0,0,0,0,0,0,0,)
    time_recover_txn:             0 -nan -nan% 0 (0,0,0,0,0,0,0,0,0,0,0,0,0,0,0,0,0,0,0,0,0,0,0,0,0,0,0,0,0,0,0,0,0,0,0,0,0,0,0,0,0,0,0,0,0,0,0,0,0,)
    time_lv_overhead:             7.34551 0.153031 8.63581% 1094.79 (0.0786222,0.167549,0.182902,0.164805,0.161771,0.141168,0.180635,0.174246,0.165045,0.151177,0.13766,0.156838,0.1408,0.173972,0.145988,0.161974,0.154449,0.153331,0.153119,0.163065,0.16139,0.14669,0.152259,0.151267,0.142818,0.152163,0.163928,0.148993,0.114846,0.166683,0.161833,0.193462,0.150644,0.162735,0.147816,0.157458,0.131598,0.17086,0.0989152,0.146883,0.162428,0.112887,0.152946,0.166513,0.142823,0.150156,0.171159,0.154237,0,)
    time_state_malloc:            0 -nan -nan% 0 (0,0,0,0,0,0,0,0,0,0,0,0,0,0,0,0,0,0,0,0,0,0,0,0,0,0,0,0,0,0,0,0,0,0,0,0,0,0,0,0,0,0,0,0,0,0,0,0,0,)
    time_phase1_1:                30.8323 0.642339 36.2482% 4595.31 (0.656771,0.661726,0.656279,0.659617,0.641314,0.654612,0.634405,0.641772,0.620735,0.672377,0.634856,0.662927,0.609269,0.620706,0.649782,0.63026,0.60959,0.668209,0.65693,0.650675,0.654291,0.688562,0.610059,0.650091,0.636731,0.661952,0.665872,0.667446,0.617664,0.633912,0.66391,0.630091,0.66671,0.67498,0.618367,0.609744,0.608593,0.628257,0.540037,0.632866,0.67511,0.599883,0.671825,0.654466,0.646964,0.674523,0.619891,0.636668,0,)
    time_phase1_2:                7.72018 0.160837 9.0763% 1150.63 (0.192929,0.155369,0.153626,0.156439,0.158612,0.153093,0.154577,0.161967,0.167701,0.153346,0.157639,0.154547,0.170751,0.161103,0.207217,0.157605,0.166985,0.156225,0.158299,0.156246,0.154991,0.164447,0.156506,0.163025,0.155188,0.157669,0.15234,0.150331,0.183803,0.166248,0.147797,0.146221,0.152249,0.147531,0.172957,0.153188,0.166519,0.160425,0.175724,0.152788,0.15178,0.182916,0.155135,0.149559,0.148771,0.145664,0.161555,0.190574,0,)
    time_phase2:                  22.7552 0.474066 26.7523% 3391.48 (0.621056,0.464484,0.458765,0.45509,0.486151,0.438853,0.524825,0.501172,0.469926,0.440515,0.460383,0.439409,0.487041,0.480051,0.439105,0.440539,0.486729,0.474933,0.474146,0.460747,0.475232,0.440488,0.429312,0.446992,0.516391,0.452136,0.460393,0.440385,0.6051,0.464441,0.453297,0.4405,0.446172,0.43483,0.51401,0.510185,0.472827,0.465278,0.490533,0.448229,0.466545,0.601544,0.470916,0.461671,0.429287,0.445872,0.464382,0.504312,0,)
    time_phase3:                  11.4004 0.237508 13.403% 1699.14 (0.21647,0.213451,0.21646,0.21352,0.214639,0.215479,0.215383,0.213302,0.206233,0.229861,0.215946,0.227719,0.220309,0.225476,0.225459,0.22609,0.227554,0.227418,0.231758,0.227638,0.229692,0.229292,0.232151,0.25121,0.253365,0.253111,0.251917,0.253304,0.265946,0.245145,0.253154,0.251536,0.250277,0.251386,0.25547,0.252258,0.243382,0.251785,0.250845,0.251903,0.250474,0.26843,0.252029,0.247524,0.250979,0.253795,0.247517,0.242335,0,)
    time_phase1_1_raw:            82.4113 1.7169 96.8876% 12282.8 (1.43945,1.70186,1.72606,1.73962,1.72048,1.77059,1.71425,1.71305,1.75684,1.72935,1.73345,1.71875,1.76222,1.7366,1.72359,1.7802,1.73757,1.68662,1.70428,1.73795,1.70833,1.67371,1.83481,1.7298,1.7239,1.72565,1.70157,1.74768,1.5201,1.74698,1.70763,1.79555,1.6964,1.70554,1.73331,1.73934,1.79896,1.75742,1.8832,1.77096,1.66002,1.5469,1.63637,1.69467,1.76634,1.66763,1.76958,1.6362,0,)
    time_phase1_2_raw:            0.940642 0.0195967 1.10587% 140.195 (0.0191271,0.0194193,0.0197629,0.0196575,0.0197454,0.0197725,0.0198554,0.0198375,0.0188276,0.0197214,0.0195343,0.0195065,0.0185487,0.0189951,0.0195453,0.0193529,0.0189518,0.0193979,0.0197866,0.0191377,0.0196585,0.0198046,0.0196569,0.0197684,0.0195601,0.0197477,0.0198031,0.0197435,0.0206656,0.0183473,0.0197709,0.0192894,0.0196908,0.0196547,0.0195632,0.0194021,0.0188655,0.0189899,0.019472,0.0198713,0.0194887,0.0206513,0.0197065,0.0192799,0.019843,0.0198906,0.0185505,0.0234228,0,)
    time_phase2_raw:              0.478713 0.00997318 0.562803% 71.3483 (0.00943819,0.0099423,0.0103925,0.00999461,0.0101905,0.0101094,0.010171,0.0101978,0.00951134,0.0100933,0.00983245,0.00985102,0.00908343,0.00954937,0.00987919,0.00983758,0.00947863,0.0100232,0.0100723,0.00989688,0.010244,0.0101143,0.0100391,0.0102348,0.00993264,0.0100619,0.0101175,0.0101854,0.0101656,0.00925634,0.0102948,0.0100825,0.0100904,0.0100861,0.00999061,0.00985027,0.00908447,0.00955505,0.00932161,0.0103219,0.00999069,0.0101179,0.0099594,0.00990381,0.0102212,0.010312,0.00931512,0.0123183,0,)
    time_phase3_raw:              0 -nan -nan% 0 (0,0,0,0,0,0,0,0,0,0,0,0,0,0,0,0,0,0,0,0,0,0,0,0,0,0,0,0,0,0,0,0,0,0,0,0,0,0,0,0,0,0,0,0,0,0,0,0,0,)
    time_recover_full:            0 -nan -nan% 0 (0,0,0,0,0,0,0,0,0,0,0,0,0,0,0,0,0,0,0,0,0,0,0,0,0,0,0,0,0,0,0,0,0,0,0,0,0,0,0,0,0,0,0,0,0,0,0,0,0,)
    time_recover1:                0 -nan -nan% 0 (0,0,0,0,0,0,0,0,0,0,0,0,0,0,0,0,0,0,0,0,0,0,0,0,0,0,0,0,0,0,0,0,0,0,0,0,0,0,0,0,0,0,0,0,0,0,0,0,0,)
    time_recover2:                0 -nan -nan% 0 (0,0,0,0,0,0,0,0,0,0,0,0,0,0,0,0,0,0,0,0,0,0,0,0,0,0,0,0,0,0,0,0,0,0,0,0,0,0,0,0,0,0,0,0,0,0,0,0,0,)
    time_recover3:                0 -nan -nan% 0 (0,0,0,0,0,0,0,0,0,0,0,0,0,0,0,0,0,0,0,0,0,0,0,0,0,0,0,0,0,0,0,0,0,0,0,0,0,0,0,0,0,0,0,0,0,0,0,0,0,)
    time_recover4:                0 -nan -nan% 0 (0,0,0,0,0,0,0,0,0,0,0,0,0,0,0,0,0,0,0,0,0,0,0,0,0,0,0,0,0,0,0,0,0,0,0,0,0,0,0,0,0,0,0,0,0,0,0,0,0,)
    time_recover5:                0 -nan -nan% 0 (0,0,0,0,0,0,0,0,0,0,0,0,0,0,0,0,0,0,0,0,0,0,0,0,0,0,0,0,0,0,0,0,0,0,0,0,0,0,0,0,0,0,0,0,0,0,0,0,0,)
    time_recover6:                0 -nan -nan% 0 (0,0,0,0,0,0,0,0,0,0,0,0,0,0,0,0,0,0,0,0,0,0,0,0,0,0,0,0,0,0,0,0,0,0,0,0,0,0,0,0,0,0,0,0,0,0,0,0,0,)
    time_recover7:                0 -nan -nan% 0 (0,0,0,0,0,0,0,0,0,0,0,0,0,0,0,0,0,0,0,0,0,0,0,0,0,0,0,0,0,0,0,0,0,0,0,0,0,0,0,0,0,0,0,0,0,0,0,0,0,)
    time_recover8:                0 -nan -nan% 0 (0,0,0,0,0,0,0,0,0,0,0,0,0,0,0,0,0,0,0,0,0,0,0,0,0,0,0,0,0,0,0,0,0,0,0,0,0,0,0,0,0,0,0,0,0,0,0,0,0,)
    time_debug_get_next:          0 -nan -nan% 0 (0,0,0,0,0,0,0,0,0,0,0,0,0,0,0,0,0,0,0,0,0,0,0,0,0,0,0,0,0,0,0,0,0,0,0,0,0,0,0,0,0,0,0,0,0,0,0,0,0,)
    time_debug0:                  27.7045 0.577177 32.5711% 4129.14 (0.595246,0.574392,0.582301,0.595746,0.570478,0.586308,0.552227,0.576898,0.573475,0.579827,0.583132,0.576075,0.607723,0.588722,0.575198,0.574981,0.589968,0.577642,0.5757,0.575072,0.558729,0.55577,0.589309,0.536597,0.577704,0.577308,0.580185,0.578148,0.5441,0.600199,0.564731,0.57233,0.556475,0.557295,0.565662,0.576574,0.627113,0.595251,0.670036,0.57787,0.572864,0.529046,0.594202,0.572007,0.581539,0.568511,0.584789,0.529063,0,)
    time_debug1:                  70.7884 1.47476 83.223% 10550.4 (1.5241,1.41892,1.40187,1.47841,1.47932,1.50109,1.59519,1.54487,1.46886,1.45812,1.48581,1.3953,1.52774,1.43437,1.40961,1.44361,1.45807,1.39189,1.47999,1.44818,1.42047,1.43537,1.49668,1.45991,1.53764,1.46666,1.48314,1.47654,1.49091,1.50679,1.48754,1.4743,1.45223,1.42794,1.54402,1.60029,1.62494,1.48791,1.65268,1.51757,1.40151,1.52876,1.41225,1.47074,1.48401,1.43136,1.49089,1.17998,0,)
    time_debug2:                  7.22721 0.150567 8.49673% 1077.16 (0.0784872,0.169129,0.190473,0.155709,0.154187,0.12482,0.173878,0.164221,0.201506,0.139906,0.13703,0.172029,0.131501,0.174264,0.133146,0.164854,0.1583,0.176719,0.143554,0.16089,0.154249,0.150428,0.138099,0.145536,0.129867,0.12309,0.163572,0.129626,0.104498,0.160245,0.146539,0.199789,0.141724,0.195933,0.129744,0.152865,0.120252,0.183279,0.0898738,0.125441,0.172073,0.105636,0.146743,0.173004,0.128183,0.144096,0.174267,0.193951,0,)
    time_debug3:                  5.58417 0.116337 6.56508% 832.277 (0.000893902,0.167697,0.137392,0.113939,0.109254,0.117055,0.0296182,0.0538678,0.120929,0.147212,0.123307,0.195652,0.112991,0.145432,0.156021,0.151165,0.135031,0.181772,0.105579,0.131818,0.151057,0.165309,0.0908216,0.149882,0.104967,0.123163,0.0869704,0.11821,0.103213,0.0806028,0.11078,0.0869217,0.142328,0.155064,0.0780624,0.0274444,0.0406703,0.0988291,0.00153434,0.0681313,0.166591,0.0832388,0.100561,0.0988816,0.10741,0.149152,0.0960516,0.361696,0,)
    time_debug4:                  22.8426 0.475888 26.8552% 3404.52 (0.508193,0.468073,0.424242,0.453294,0.468826,0.494862,0.465458,0.477697,0.441013,0.482182,0.509266,0.461725,0.495369,0.473447,0.477499,0.473985,0.470796,0.452215,0.482781,0.474172,0.451642,0.464575,0.47963,0.471196,0.493267,0.499201,0.45387,0.48999,0.515924,0.498014,0.493243,0.43903,0.492734,0.439774,0.46897,0.503291,0.533273,0.468893,0.500155,0.498474,0.446401,0.516954,0.467266,0.458467,0.490045,0.475352,0.474777,0.403136,0,)
    time_debug5:                  0.182454 0.00380113 0.214504% 27.1934 (0.00379229,0.00376761,0.00381712,0.00378782,0.00378106,0.00378787,0.00380837,0.00384459,0.0039115,0.00375085,0.0041015,0.00376428,0.0039703,0.00385947,0.00407225,0.00374678,0.00407797,0.00372547,0.00378991,0.00369938,0.00376167,0.00375397,0.00388043,0.00379307,0.0037217,0.00371351,0.00379246,0.00369721,0.00390634,0.00359494,0.00374854,0.00368466,0.00371877,0.0037424,0.00379509,0.00371363,0.00358149,0.00355854,0.00367787,0.00381366,0.00374906,0.00397002,0.00391651,0.00382282,0.00383231,0.00384603,0.0035757,0.00423551,0,)
    time_debug6:                  0 -nan -nan% 0 (0,0,0,0,0,0,0,0,0,0,0,0,0,0,0,0,0,0,0,0,0,0,0,0,0,0,0,0,0,0,0,0,0,0,0,0,0,0,0,0,0,0,0,0,0,0,0,0,0,)
    time_debug7:                  14.0842 0.29342 16.5582% 2099.14 (0.449358,0.245853,0.226224,0.27454,0.263195,0.314541,0.262514,0.297058,0.262261,0.295847,0.319143,0.280525,0.371423,0.280303,0.288427,0.274784,0.289985,0.239743,0.315651,0.252568,0.255381,0.271846,0.294535,0.284481,0.311776,0.314377,0.271362,0.296292,0.365885,0.300643,0.27007,0.233921,0.300475,0.252552,0.291774,0.311934,0.392466,0.275664,0.441878,0.315195,0.244738,0.373752,0.289716,0.243082,0.298829,0.255967,0.281972,0.239675,0,)
    time_debug8:                  5.77597 0.120333 6.79057% 860.863 (0.0749325,0.132651,0.137345,0.124492,0.14183,0.137608,0.12111,0.12607,0.0996905,0.13391,0.104286,0.120676,0.0975271,0.10177,0.134624,0.113991,0.0980974,0.127892,0.130566,0.1305,0.136167,0.125323,0.131807,0.134851,0.125075,0.142145,0.132458,0.143128,0.090331,0.111316,0.135939,0.125316,0.133389,0.123582,0.121388,0.111331,0.0970631,0.10382,0.0743545,0.142871,0.118297,0.0913816,0.124533,0.127973,0.13877,0.142376,0.104536,0.0968814,0,)
    time_debug9:                  8.28259 0.172554 9.7375% 1234.45 (0.151469,0.17485,0.178995,0.174548,0.174197,0.167838,0.172159,0.170863,0.181906,0.170124,0.184112,0.175965,0.173886,0.17991,0.17073,0.185524,0.170146,0.175027,0.173565,0.181228,0.17743,0.168506,0.16253,0.1674,0.167472,0.180653,0.176814,0.175246,0.170835,0.182107,0.168331,0.180612,0.177397,0.167234,0.172812,0.16573,0.160875,0.176781,0.152121,0.17201,0.183706,0.164945,0.172928,0.171978,0.164207,0.164539,0.179237,0.17111,0,)
    time_debug10:                 0 -nan -nan% 0 (0,0,0,0,0,0,0,0,0,0,0,0,0,0,0,0,0,0,0,0,0,0,0,0,0,0,0,0,0,0,0,0,0,0,0,0,0,0,0,0,0,0,0,0,0,0,0,0,0,)
    time_debug11:                 26.1771 0.545356 30.7753% 3901.48 (0.680971,0.581455,0.557372,0.549798,0.55923,0.537557,0.551327,0.551096,0.539339,0.547125,0.550822,0.571807,0.516734,0.554652,0.51847,0.540356,0.527804,0.562651,0.556092,0.543388,0.543392,0.557827,0.497276,0.522887,0.517096,0.536389,0.551744,0.52577,0.571398,0.546269,0.54919,0.527573,0.547731,0.558855,0.502101,0.534183,0.504897,0.528244,0.460354,0.514234,0.579928,0.562502,0.581346,0.570218,0.526075,0.57944,0.529061,0.553043,0,)
    time_debug12:                 160.475 3.34323 188.664% 23917.5 (3.2091,3.30883,3.33272,3.34037,3.32986,3.3531,3.33864,3.33932,3.33962,3.34313,3.32743,3.31861,3.35881,3.33588,3.35987,3.35049,3.34509,3.32655,3.33475,3.34843,3.34727,3.33364,3.39286,3.36718,3.37226,3.35257,3.33918,3.36579,3.31864,3.34592,3.34024,3.36202,3.34302,3.33058,3.38818,3.35537,3.38471,3.36205,3.43123,3.37197,3.31143,3.32756,3.30611,3.31801,3.36154,3.30785,3.36225,3.33492,0,)
    time_debug13:                 0 -nan -nan% 0 (0,0,0,0,0,0,0,0,0,0,0,0,0,0,0,0,0,0,0,0,0,0,0,0,0,0,0,0,0,0,0,0,0,0,0,0,0,0,0,0,0,0,0,0,0,0,0,0,0,)
    time_debug14:                 0 -nan -nan% 0 (0,0,0,0,0,0,0,0,0,0,0,0,0,0,0,0,0,0,0,0,0,0,0,0,0,0,0,0,0,0,0,0,0,0,0,0,0,0,0,0,0,0,0,0,0,0,0,0,0,)
    time_debug15:                 0 -nan -nan% 0 (0,0,0,0,0,0,0,0,0,0,0,0,0,0,0,0,0,0,0,0,0,0,0,0,0,0,0,0,0,0,0,0,0,0,0,0,0,0,0,0,0,0,0,0,0,0,0,0,0,)
    time_rec_loop_tryRead:        0 -nan -nan% 0 (0,0,0,0,0,0,0,0,0,0,0,0,0,0,0,0,0,0,0,0,0,0,0,0,0,0,0,0,0,0,0,0,0,0,0,0,0,0,0,0,0,0,0,0,0,0,0,0,0,)
    time_rec_finding_empty_slot:  0 -nan -nan% 0 (0,0,0,0,0,0,0,0,0,0,0,0,0,0,0,0,0,0,0,0,0,0,0,0,0,0,0,0,0,0,0,0,0,0,0,0,0,0,0,0,0,0,0,0,0,0,0,0,0,)
    time_silo_validate1:          0 -nan -nan% 0 (0,0,0,0,0,0,0,0,0,0,0,0,0,0,0,0,0,0,0,0,0,0,0,0,0,0,0,0,0,0,0,0,0,0,0,0,0,0,0,0,0,0,0,0,0,0,0,0,0,)
    time_silo_validate2:          0 -nan -nan% 0 (0,0,0,0,0,0,0,0,0,0,0,0,0,0,0,0,0,0,0,0,0,0,0,0,0,0,0,0,0,0,0,0,0,0,0,0,0,0,0,0,0,0,0,0,0,0,0,0,0,)
    time_silo_validate3:          0 -nan -nan% 0 (0,0,0,0,0,0,0,0,0,0,0,0,0,0,0,0,0,0,0,0,0,0,0,0,0,0,0,0,0,0,0,0,0,0,0,0,0,0,0,0,0,0,0,0,0,0,0,0,0,)
    time_silo_validate4:          0 -nan -nan% 0 (0,0,0,0,0,0,0,0,0,0,0,0,0,0,0,0,0,0,0,0,0,0,0,0,0,0,0,0,0,0,0,0,0,0,0,0,0,0,0,0,0,0,0,0,0,0,0,0,0,)
    time_silo_validate5:          0 -nan -nan% 0 (0,0,0,0,0,0,0,0,0,0,0,0,0,0,0,0,0,0,0,0,0,0,0,0,0,0,0,0,0,0,0,0,0,0,0,0,0,0,0,0,0,0,0,0,0,0,0,0,0,)
    time_silo_validate6:          0 -nan -nan% 0 (0,0,0,0,0,0,0,0,0,0,0,0,0,0,0,0,0,0,0,0,0,0,0,0,0,0,0,0,0,0,0,0,0,0,0,0,0,0,0,0,0,0,0,0,0,0,0,0,0,)
    time_silo_validate7:          0 -nan -nan% 0 (0,0,0,0,0,0,0,0,0,0,0,0,0,0,0,0,0,0,0,0,0,0,0,0,0,0,0,0,0,0,0,0,0,0,0,0,0,0,0,0,0,0,0,0,0,0,0,0,0,)
    time_silo_validate8:          0 -nan -nan% 0 (0,0,0,0,0,0,0,0,0,0,0,0,0,0,0,0,0,0,0,0,0,0,0,0,0,0,0,0,0,0,0,0,0,0,0,0,0,0,0,0,0,0,0,0,0,0,0,0,0,)
    time_silo_validate9:          0 -nan -nan% 0 (0,0,0,0,0,0,0,0,0,0,0,0,0,0,0,0,0,0,0,0,0,0,0,0,0,0,0,0,0,0,0,0,0,0,0,0,0,0,0,0,0,0,0,0,0,0,0,0,0,)
    time_locktable_get:           113.172 2.35776 133.052% 16867.4 (2.23574,2.36855,2.3513,2.38299,2.35317,2.36888,2.39022,2.37928,2.40141,2.36409,2.36727,2.37696,2.41582,2.37975,2.31297,2.37239,2.38235,2.36635,2.35726,2.35435,2.32858,2.34657,2.35406,2.33143,2.38911,2.32985,2.35313,2.34184,2.28296,2.38367,2.3488,2.37216,2.33175,2.37487,2.35625,2.39563,2.44896,2.40199,2.45172,2.32886,2.35092,2.28715,2.29327,2.35264,2.3404,2.3322,2.38218,2.30031,0,)
    time_locktable_get_validation:0 -nan -nan% 0 (0,0,0,0,0,0,0,0,0,0,0,0,0,0,0,0,0,0,0,0,0,0,0,0,0,0,0,0,0,0,0,0,0,0,0,0,0,0,0,0,0,0,0,0,0,0,0,0,0,)
    time_locktable_release:       16.3399 0.340414 19.2101% 2435.33 (0.270263,0.354917,0.365639,0.347013,0.364293,0.354767,0.346297,0.344981,0.324897,0.353424,0.3346,0.343339,0.314399,0.32746,0.354077,0.346545,0.312998,0.350169,0.353954,0.359364,0.363125,0.34244,0.343175,0.35123,0.340531,0.371088,0.357738,0.366881,0.310362,0.336982,0.35366,0.352829,0.358775,0.338536,0.341518,0.323383,0.300879,0.324937,0.271796,0.364928,0.348458,0.304383,0.344951,0.346982,0.35233,0.355659,0.327566,0.321345,0,)
    time_get_row_before:          3.28917 0.0685244 3.86695% 490.225 (0.0796641,0.0674293,0.0667212,0.0673096,0.0700643,0.0670657,0.0692557,0.0721924,0.0696924,0.0669034,0.0622404,0.0645251,0.0732503,0.0705595,0.0676302,0.0634353,0.0723779,0.0655828,0.0666559,0.0657167,0.0695028,0.0665454,0.0672048,0.0668999,0.0682431,0.0664019,0.065251,0.0666004,0.084023,0.073404,0.0649082,0.0624252,0.0658513,0.0622015,0.0662028,0.066109,0.0728397,0.0683344,0.0770202,0.0659325,0.0652813,0.0822253,0.0650761,0.0656702,0.0656871,0.0636402,0.0714659,0.0759532,0,)
    time_get_row_after:           7.94807 0.165585 9.34422% 1184.6 (0.16851,0.16717,0.166701,0.164787,0.168064,0.165303,0.167232,0.167714,0.159988,0.168581,0.16943,0.164676,0.159976,0.167552,0.163731,0.16467,0.16571,0.164224,0.168567,0.166009,0.169539,0.164979,0.171655,0.162516,0.164426,0.165717,0.164302,0.162987,0.171942,0.160992,0.163795,0.163026,0.162708,0.162608,0.166434,0.163211,0.157514,0.162658,0.161802,0.164334,0.164617,0.172136,0.168053,0.164962,0.166097,0.163765,0.160397,0.182303,0,)
    time_log_create:              0.200142 0.00416963 0.235299% 29.8296 (0.00397097,0.00386853,0.00404047,0.00395227,0.00421452,0.00420018,0.00404491,0.00409255,0.00381986,0.00392395,0.0042132,0.00398066,0.0050517,0.00407046,0.00400437,0.0039881,0.0038648,0.00398415,0.00410229,0.00406089,0.00419346,0.00417597,0.00408322,0.00430401,0.00513708,0.00404924,0.00405072,0.0039468,0.00432126,0.00461191,0.00417103,0.00413876,0.00409426,0.00404637,0.00403549,0.00411024,0.00378665,0.00418047,0.00422183,0.00447791,0.00388154,0.00426798,0.00408138,0.00412389,0.00413963,0.0040351,0.00462514,0.0054021,0,)
    time_log_serialLogTxn:        8.2613 0.17211 9.71247% 1231.28 (0.109874,0.181406,0.194636,0.180703,0.176811,0.185772,0.163223,0.16792,0.190389,0.176215,0.192801,0.184055,0.164739,0.18298,0.176632,0.188903,0.174181,0.184752,0.168544,0.186312,0.187295,0.199807,0.186662,0.174605,0.139891,0.158355,0.16409,0.162964,0.1834,0.162795,0.173521,0.163484,0.187959,0.174193,0.150017,0.149106,0.138979,0.156164,0.127754,0.175238,0.172837,0.176402,0.179519,0.17668,0.177439,0.187398,0.165687,0.178211,0,)
    time_cleanup_1:               0.0707487 0.00147393 0.0831763% 10.5445 (0.00145742,0.0014709,0.0014985,0.00148939,0.00149908,0.00149507,0.00149863,0.00151019,0.00140156,0.00148815,0.00147837,0.00145733,0.00139991,0.00143404,0.00148572,0.00146537,0.00143416,0.00146375,0.00150802,0.00147211,0.00149668,0.00151217,0.00148903,0.00150821,0.00148527,0.00149746,0.00150086,0.00152002,0.00155763,0.00140583,0.00149155,0.0014604,0.00148291,0.00148533,0.00148993,0.0014637,0.001401,0.001421,0.00146278,0.00150258,0.00143929,0.00158591,0.00148768,0.00146605,0.00149815,0.0014916,0.00140266,0.00133536,0,)
    time_cleanup_2:               0.363893 0.0075811 0.427814% 54.2353 (0.00741054,0.00752052,0.00775302,0.00758118,0.00760883,0.0076982,0.00761165,0.00767196,0.00743357,0.00757521,0.00787064,0.00747811,0.0074758,0.0074571,0.00797335,0.00754934,0.00772278,0.00743827,0.00769184,0.00743121,0.00757322,0.00747451,0.00767372,0.00768488,0.0074645,0.00760848,0.00758635,0.0074549,0.00789653,0.00720069,0.0075352,0.00737051,0.00747455,0.00743782,0.00756863,0.00742239,0.00709396,0.00707145,0.00728654,0.00768208,0.00753813,0.00787552,0.0076583,0.00754677,0.00764127,0.00761256,0.00733855,0.00916745,0,)
    time_insideSLT1:              7.3053 0.152194 8.58854% 1088.8 (0.0944233,0.161439,0.174226,0.160696,0.160961,0.165662,0.143129,0.147714,0.171437,0.15615,0.172615,0.163836,0.145143,0.163262,0.156853,0.169021,0.154122,0.169333,0.148053,0.166496,0.166991,0.180006,0.166567,0.153842,0.124229,0.142488,0.143925,0.142496,0.162095,0.143279,0.153194,0.147958,0.167672,0.158666,0.129541,0.13349,0.123838,0.136427,0.106931,0.151379,0.152946,0.154477,0.150653,0.153776,0.148417,0.159866,0.145822,0.159761,0,)
    time_insideSLT2:              7.81692 0.162853 9.19003% 1165.05 (0.101688,0.172992,0.185984,0.172175,0.168181,0.177282,0.154895,0.15945,0.18224,0.167984,0.184151,0.175729,0.156622,0.174877,0.168356,0.180665,0.165559,0.176651,0.159812,0.17802,0.178693,0.191601,0.178481,0.165804,0.131472,0.149901,0.15577,0.154639,0.174619,0.15459,0.16529,0.155204,0.179501,0.165902,0.141642,0.140763,0.131036,0.14819,0.119007,0.158846,0.164529,0.167398,0.162758,0.161184,0.160526,0.171763,0.157285,0.167216,0,)
    time_STLother:                0.0714285 0.00148809 0.0839756% 10.6459 (0.00149265,0.0015298,0.00147627,0.00149899,0.00150322,0.0014907,0.00148231,0.00154374,0.00144756,0.00148046,0.00149882,0.00146343,0.00146197,0.0014907,0.00149256,0.00150173,0.00147861,0.00149472,0.00149738,0.00146932,0.00147878,0.00149497,0.001463,0.00148211,0.00151732,0.00148714,0.00152811,0.00150485,0.00160832,0.00144146,0.00152515,0.00144418,0.00147611,0.00151462,0.00146946,0.00147275,0.00146333,0.00146402,0.00145921,0.00144688,0.00147615,0.00162194,0.00147478,0.00145085,0.00145237,0.00144378,0.00144841,0.00152353,0,)
    time_logging_thread:          3.91019 3.91019 220.659% 582.783 (0,0,0,0,0,0,0,0,0,0,0,0,0,0,0,0,0,0,0,0,0,0,0,0,0,0,0,0,0,0,0,0,0,0,0,0,0,0,0,0,0,0,0,0,0,0,0,0,3.91019,)
    int_serialLogFail:            0 (0,0,0,0,0,0,0,0,0,0,0,0,0,0,0,0,0,0,0,0,0,0,0,0,0,0,0,0,0,0,0,0,0,0,0,0,0,0,0,0,0,0,0,0,0,0,0,0,0,)
Projected Disk Bandwidth Utilized - avg 1.59444e+09 real 1.59444e+09
Total time measured 572.58
Total wall time observed 573.979
Estimated CPU_FREQ is 2.19464
