NUM_CORES_PER_SLOT=24
NUMA_NODE_NUM=2
HYPER_THREADING_FACTOR=2
Using SIMD
MM_MAX=_mm512_max_epu32
SIMD_PREFIX=__m512i
MAX_LOGGER_NUM_SIMD=16
Running in big-hash-table mode.

Using 1 disks.
g_flush_blocksize=1048576, g_log_buffer_size=52428800
Init parallelism 96
Stats initialized
Global manager initialized
reading schema file: ./benchmarks/TPCC_full_schema.txt
0 0x7f4c967ed040 50000000 1
0 0x564d3ecf0f80 500 1
0 0x564d3ecf3f40 5000 1
0 0x7f4c8109a040 15000000 1
0 0x7f4c6b947040 15000000 1
0 0x7f4c240de040 50000000 1
TPCC schema initialized
TPCC Data Initialization Complete!
workload initialized!
Init time 564.735
Queue Buffer Length728177
Log Read Size: 419430400
Log buffer size 52428800
log file:		/home/guest/dbx1000/logs/TC_log0_1_TPCC_0.500000.data
/home/guest/dbx1000/logs/TC_log0_1_TPCC_0.500000.data
Start Initializing Locktable, size 16777216
ltiSize=64
Locktable Initialized, size 16777216, schema table size 15728640
mem_allocator initialized!
Query Queue Init Time 12.720577
query_queue initialized!
Setting logger 0 to CPU node 0
PSN Flush Frequency: 1000
sim_done = 1
sim_done = 5
sim_done = 11
sim_done = 20
sim_done = 7
sim_done = 28
sim_done = 15
sim_done = 35
sim_done = 20
sim_done = 41
sim_done = 2
sim_done = 44
sim_done = 28
sim_done = 3
sim_done = 48
sim_done = 34
sim_done = 13
sim_done = 40
sim_done = 42
sim_done = 24
sim_done = 16
sim_done = 6
sim_done = 20
sim_done = 13
sim_done = 22
sim_done = 25
sim_done = 4
sim_done = 30
sim_done = 23
sim_done = 40
sim_done = 21
sim_done = 33
sim_done = 32
sim_done = 45
sim_done = 46
sim_done = 9
sim_done = 36
sim_done = 14
sim_done = 26
sim_done = 29
sim_done = 10
sim_done = 31
sim_done = 38
sim_done = 37
sim_done = 43
sim_done = 8
sim_done = 47
sim_done = 20
Destructor 0. flush size=50399744 (1749024768 to 1799424512)
PASS! SimTime = 8.34949e+09
=Worker Thread=
    Throughput:                   607656
    MaxThr:                       607656
    PerThdThr:                    624221
    run_time:                     390.07 (8.12918,8.12725,8.12797,8.12654,8.12685,8.12669,8.12594,8.12576,8.12657,8.12542,8.12583,8.12662,8.1268,8.12855,8.12615,8.12713,8.12715,8.12554,8.12652,8.12716,8.12646,8.1279,8.12668,8.12426,8.12554,8.12568,8.12607,8.12524,8.12467,8.12713,8.12604,8.1271,8.12522,8.12401,8.12608,8.12584,8.12652,8.1252,8.12723,8.12653,8.12678,8.12732,8.12821,8.12663,8.12751,8.12591,8.12613,8.12632,0,)
    log_bytes:                    1.79942 (0,0,0,0,0,0,0,0,0,0,0,0,0,0,0,0,0,0,0,0,0,0,0,0,0,0,0,0,0,0,0,0,0,0,0,0,0,0,0,0,0,0,0,0,0,0,0,0,1.79942,)
    log_dep_size:                 0 (0,0,0,0,0,0,0,0,0,0,0,0,0,0,0,0,0,0,0,0,0,0,0,0,0,0,0,0,0,0,0,0,0,0,0,0,0,0,0,0,0,0,0,0,0,0,0,0,0,)
    log_total_size:               0.957862 (0.0282863,0.0242575,0.024178,0.0199962,0.0195296,0.0218216,0.0193328,0.0191823,0.0189464,0.0197272,0.019078,0.0190669,0.0209673,0.0190558,0.0196771,0.0189226,0.0191052,0.0190531,0.0194918,0.019082,0.0195053,0.0196269,0.0193227,0.0188229,0.0195572,0.0198208,0.0198598,0.0196052,0.0195789,0.0192502,0.0193496,0.0207425,0.0188053,0.0191316,0.0191452,0.0185581,0.0195731,0.0198815,0.0195573,0.0176869,0.0195932,0.0195794,0.0196086,0.0195904,0.0193734,0.0197141,0.0194788,0.0247851,0,)
    latency:                      2.03732e+06 (65666.8,52193.2,53295.2,42365.1,40478,46404.6,40686.3,40357.8,40101.8,41342.8,40236.3,39986.8,43887.9,40340.9,41529.6,40172.6,40915.3,39964.3,41179.1,40082.8,41083.8,40877.2,40645.2,41534.7,41502.7,42202.9,41993.4,41827.6,40729.7,40814.1,40758.7,43264.5,40258.6,39651.3,40352.5,40770.3,41200.8,42350.4,41506.5,39979.2,41623.7,41381.1,41962.2,41741.1,40874.7,41194.9,40560.2,53486.8,0,)

    num_commits:                  5.07273e+06 (150000,128500,128010,106070,103695,115635,102157,101778,100174,104585,101035,100864,111317,100749,104324,100225,101112,100903,103683,101468,103027,103764,101900,99686,103099,105184,105121,103932,103846,101792,102335,109983,99878,101075,101236,98162,103411,105357,103651,93593,103532,103490,104192,103732,102768,104194,103147,131357,0,)
    num_async_commits:            4.92764e+06 (145028,123957,123928,103210,100245,111313,99436,98949,97400,101766,98244,98025,108356,97815,101513,97427,98222,98150,100850,98620,100185,100941,99191,96722,100227,102288,102198,101037,100906,98911,99565,107080,96976,98330,98417,95262,100545,102473,100828,90577,100679,100652,101324,100866,99982,101339,100368,127315,0,)
    num_aborts:                   3386 (5,37,61,53,39,62,148,99,68,48,49,104,30,47,52,77,52,110,55,110,79,35,87,28,199,63,72,170,56,27,74,34,28,34,40,30,111,90,76,5,78,61,205,173,90,44,61,30,0,)
    num_aborts_logging:           0 (0,0,0,0,0,0,0,0,0,0,0,0,0,0,0,0,0,0,0,0,0,0,0,0,0,0,0,0,0,0,0,0,0,0,0,0,0,0,0,0,0,0,0,0,0,0,0,0,0,)
    num_log_records:              0 (0,0,0,0,0,0,0,0,0,0,0,0,0,0,0,0,0,0,0,0,0,0,0,0,0,0,0,0,0,0,0,0,0,0,0,0,0,0,0,0,0,0,0,0,0,0,0,0,0,)
    log_data:                     0 (0,0,0,0,0,0,0,0,0,0,0,0,0,0,0,0,0,0,0,0,0,0,0,0,0,0,0,0,0,0,0,0,0,0,0,0,0,0,0,0,0,0,0,0,0,0,0,0,0,)
    num_latency_count:            4.92764e+06 (145028,123957,123928,103210,100245,111313,99436,98949,97400,101766,98244,98025,108356,97815,101513,97427,98222,98150,100850,98620,100185,100941,99191,96722,100227,102288,102198,101037,100906,98911,99565,107080,96976,98330,98417,95262,100545,102473,100828,90577,100679,100652,101324,100866,99982,101339,100368,127315,0,)
    num_raw_edges:                0 (0,0,0,0,0,0,0,0,0,0,0,0,0,0,0,0,0,0,0,0,0,0,0,0,0,0,0,0,0,0,0,0,0,0,0,0,0,0,0,0,0,0,0,0,0,0,0,0,0,)
    num_waw_edges:                0 (0,0,0,0,0,0,0,0,0,0,0,0,0,0,0,0,0,0,0,0,0,0,0,0,0,0,0,0,0,0,0,0,0,0,0,0,0,0,0,0,0,0,0,0,0,0,0,0,0,)
    num_war_edges:                0 (0,0,0,0,0,0,0,0,0,0,0,0,0,0,0,0,0,0,0,0,0,0,0,0,0,0,0,0,0,0,0,0,0,0,0,0,0,0,0,0,0,0,0,0,0,0,0,0,0,)
    int_num_log:                  5.07273e+06 (150000,128500,128010,106070,103695,115635,102157,101778,100174,104585,101035,100864,111317,100749,104324,100225,101112,100903,103683,101468,103027,103764,101900,99686,103099,105184,105121,103932,103846,101792,102335,109983,99878,101075,101236,98162,103411,105357,103651,93593,103532,103490,104192,103732,102768,104194,103147,131357,0,)
    int_debug_get_next:           0 (0,0,0,0,0,0,0,0,0,0,0,0,0,0,0,0,0,0,0,0,0,0,0,0,0,0,0,0,0,0,0,0,0,0,0,0,0,0,0,0,0,0,0,0,0,0,0,0,0,)
    int_debug1:                   0 (0,0,0,0,0,0,0,0,0,0,0,0,0,0,0,0,0,0,0,0,0,0,0,0,0,0,0,0,0,0,0,0,0,0,0,0,0,0,0,0,0,0,0,0,0,0,0,0,0,)
    int_debug2:                   1.73127e+09 (0,0,0,0,0,0,0,0,0,0,0,0,0,0,0,0,0,0,0,0,0,0,0,0,0,0,0,0,0,0,0,0,0,0,0,0,0,0,0,0,0,0,0,0,0,0,0,0,1731267072,)
    int_debug3:                   1669 (0,0,0,0,0,0,0,0,0,0,0,0,0,0,0,0,0,0,0,0,0,0,0,0,0,0,0,0,0,0,0,0,0,0,0,0,0,0,0,0,0,0,0,0,0,0,0,0,1669,)
    int_debug4:                   1.0188e+08 (2017144,2666286,2701026,2270336,2331556,2304784,1978975,2307914,1960233,2435130,2199343,2022008,2048892,2104264,1940308,2093688,1980489,2155524,2141589,2307677,2156184,2475913,2041199,1581276,1991793,2042008,2027312,1918088,2311860,1848919,2428717,1927343,1885102,2103579,1739893,1725105,1986003,1933282,2128573,1297654,2026616,2110158,2182923,2134031,2470508,2103392,2486498,2848474,0,)
    int_debug5:                   6.59155e+07 (1944493,1668329,1663679,1375081,1342412,1501361,1332847,1319265,1304704,1356331,1312598,1313394,1440901,1311964,1353280,1301988,1314700,1311757,1339120,1311920,1343534,1350945,1331921,1294882,1349870,1363149,1367069,1349960,1346480,1324603,1332167,1426115,1292298,1317299,1317838,1277368,1348574,1367691,1345439,1216612,1349822,1347861,1350287,1349303,1332472,1357440,1340598,1703815,0,)
    int_debug6:                   5.96793e+06 (113474,153510,131888,128501,136002,124183,117592,125540,119927,141794,119169,119789,119742,118947,133714,120462,118189,129287,127295,143644,119469,145590,120835,98102,113705,119492,116170,118226,132446,122143,123009,119978,120675,151276,134930,101155,125802,119571,115464,79571,112910,118158,115970,113298,128879,126438,134526,177490,0,)
    int_debug7:                   1.15993e+06 (3406,20062,18417,16917,29497,15944,21091,27533,31853,18392,25141,30491,23637,33369,31489,28826,25207,36763,21266,45228,24418,27378,33420,16707,18768,24109,14870,26114,14028,32255,19686,18721,26574,35536,33050,21717,37057,23995,23136,2126,16667,29569,23312,13784,31354,17701,25755,23593,0,)
    int_debug8:                   0 (0,0,0,0,0,0,0,0,0,0,0,0,0,0,0,0,0,0,0,0,0,0,0,0,0,0,0,0,0,0,0,0,0,0,0,0,0,0,0,0,0,0,0,0,0,0,0,0,0,)
    int_debug9:                   6.59122e+07 (1944488,1668292,1663618,1375028,1342373,1501299,1332699,1319166,1304636,1356283,1312549,1313290,1440871,1311917,1353228,1301911,1314648,1311647,1339065,1311810,1343455,1350910,1331834,1294854,1349671,1363086,1366997,1349790,1346424,1324576,1332093,1426081,1292270,1317265,1317798,1277338,1348463,1367601,1345363,1216607,1349744,1347800,1350082,1349130,1332382,1357396,1340537,1703785,0,)
    int_debug10:                  1.00013e+08 (2004004,2620413,2666379,2240240,2263406,2271491,1949688,2243514,1924939,2375834,2165545,1988866,2039130,2071083,1906079,2061505,1949755,2085334,2112693,2217700,2125960,2412007,2009329,1579074,1964276,2012009,1996802,1888553,2248621,1815441,2366551,1918239,1853113,2023713,1696308,1721254,1948942,1902028,2097602,1294230,1998523,2079837,2153631,2104425,2400386,2073044,2420842,2750468,0,)
    int_psnflush:                 0 (0,0,0,0,0,0,0,0,0,0,0,0,0,0,0,0,0,0,0,0,0,0,0,0,0,0,0,0,0,0,0,0,0,0,0,0,0,0,0,0,0,0,0,0,0,0,0,0,0,)
    int_flush_time_interval:      0 (0,0,0,0,0,0,0,0,0,0,0,0,0,0,0,0,0,0,0,0,0,0,0,0,0,0,0,0,0,0,0,0,0,0,0,0,0,0,0,0,0,0,0,0,0,0,0,0,0,)
    int_flush_half_full:          1668 (0,0,0,0,0,0,0,0,0,0,0,0,0,0,0,0,0,0,0,0,0,0,0,0,0,0,0,0,0,0,0,0,0,0,0,0,0,0,0,0,0,0,0,0,0,0,0,0,1668,)
    int_rec_fail_to_insert:       0 (0,0,0,0,0,0,0,0,0,0,0,0,0,0,0,0,0,0,0,0,0,0,0,0,0,0,0,0,0,0,0,0,0,0,0,0,0,0,0,0,0,0,0,0,0,0,0,0,0,)
    int_num_get_row:              6.59122e+07 (1944488,1668292,1663618,1375030,1342374,1501299,1332699,1319168,1304636,1356286,1312549,1313291,1440871,1311918,1353228,1301911,1314648,1311649,1339065,1311811,1343455,1350911,1331835,1294854,1349672,1363086,1366997,1349790,1346424,1324576,1332093,1426081,1292270,1317266,1317798,1277339,1348464,1367601,1345363,1216607,1349744,1347800,1350082,1349132,1332383,1357397,1340537,1703785,0,)
    int_locktable_volume:         1.34193e+08 (2078764,3357683,3365517,2734897,3278898,3045241,2694354,3231523,2632046,3234456,2640960,2642732,2385239,2612115,2707893,2617246,2633468,3220437,2670037,3216945,2710942,3222798,2687224,2013746,2716217,2740968,2752023,2690106,3285372,2665499,3267215,2358975,2587926,3153349,2638921,1991130,2727210,2743053,2708751,1356103,2680041,2706234,2716450,2709161,3271948,2706297,3274897,4109583,0,)
    int_aux_bytes:                4.05818e+07 (1200000,1028000,1024080,848560,829560,925080,817256,814224,801392,836680,808280,806912,890536,805992,834592,801800,808896,807224,829464,811744,824216,830112,815200,797488,824792,841472,840968,831456,830768,814336,818680,879864,799024,808600,809888,785296,827288,842856,829208,748744,828256,827920,833536,829856,822144,833552,825176,1050856,0,)
    int_nonzero:                  0 (0,0,0,0,0,0,0,0,0,0,0,0,0,0,0,0,0,0,0,0,0,0,0,0,0,0,0,0,0,0,0,0,0,0,0,0,0,0,0,0,0,0,0,0,0,0,0,0,0,)
    num_log_entries:              5.07273e+06 (150000,128500,128010,106070,103695,115635,102157,101778,100174,104585,101035,100864,111317,100749,104324,100225,101112,100903,103683,101468,103027,103764,101900,99686,103099,105184,105121,103932,103846,101792,102335,109983,99878,101075,101236,98162,103411,105357,103651,93593,103532,103490,104192,103732,102768,104194,103147,131357,0,)
    time_ts_alloc:                0 -nan -nan% 0 (0,0,0,0,0,0,0,0,0,0,0,0,0,0,0,0,0,0,0,0,0,0,0,0,0,0,0,0,0,0,0,0,0,0,0,0,0,0,0,0,0,0,0,0,0,0,0,0,0,)
    time_man:                     343.432 7.15484 193.696% 67701.7 (6.82489,7.07942,7.17567,7.13614,7.17639,7.14337,7.17515,7.18249,7.1844,7.13254,7.15564,7.14216,7.10898,7.19494,7.15186,7.07778,7.16966,7.18618,7.12289,7.14841,7.11422,7.11919,7.16143,7.20115,7.162,7.17544,7.17679,7.13285,7.18296,7.11147,7.18401,7.11759,7.18887,7.18404,7.09262,7.1901,7.20815,7.19249,7.17768,7.25052,7.16949,7.15644,7.19543,7.1959,7.17193,7.17914,7.17995,7.1914,0,)
    time_cleanup:                 205.312 4.27734 115.796% 40473.7 (4.0728,4.21769,4.23617,4.28005,4.29865,4.27123,4.29344,4.3014,4.27752,4.2955,4.27541,4.2788,4.33027,4.28268,4.2907,4.26937,4.27037,4.29067,4.30367,4.31889,4.29368,4.2984,4.28648,4.20943,4.29032,4.30089,4.30002,4.27962,4.30943,4.28185,4.32579,4.31668,4.24691,4.3051,4.3004,4.20972,4.29726,4.28776,4.31191,4.13031,4.29413,4.3059,4.28415,4.3029,4.31339,4.30893,4.31107,4.15446,0,)
    time_txn:                     0 -nan -nan% 0 (0,0,0,0,0,0,0,0,0,0,0,0,0,0,0,0,0,0,0,0,0,0,0,0,0,0,0,0,0,0,0,0,0,0,0,0,0,0,0,0,0,0,0,0,0,0,0,0,0,)
    time_index:                   4.48318 0.0933995 2.52852% 883.78 (0.269975,0.0868697,0.0857916,0.0939053,0.0881548,0.0902818,0.0898604,0.0901547,0.0864285,0.0936761,0.0889556,0.0869384,0.0977178,0.0877965,0.0957856,0.0875458,0.0880295,0.087574,0.0909105,0.0925388,0.0905805,0.0923048,0.08931,0.101608,0.090134,0.0902335,0.0911472,0.087973,0.0922748,0.088446,0.0890308,0.095589,0.0864193,0.0867172,0.0889778,0.0842227,0.0897639,0.0906016,0.0895519,0.0802995,0.0893508,0.0908199,0.0906318,0.0898951,0.0895079,0.0906981,0.0903991,0.0777977,0,)
    time_log:                     0.574682 0.0119725 0.324121% 113.289 (0.00866665,0.009574,0.010331,0.0151402,0.0141906,0.0128712,0.0140146,0.011558,0.0108564,0.0127224,0.0138813,0.0108818,0.0131524,0.0116873,0.0106447,0.0111082,0.0122174,0.0115871,0.0135488,0.0108874,0.01081,0.0116626,0.0117686,0.011211,0.0113267,0.0120909,0.0112999,0.0144677,0.0176591,0.01235,0.01254,0.0140076,0.0116986,0.0108261,0.0106145,0.0103079,0.012991,0.0117261,0.0112196,0.0094329,0.011842,0.0132911,0.0145232,0.0119152,0.0113553,0.0122962,0.0120085,0.00791789,0,)
    time_io:                      6.51243 6.51243 176.305% 1283.81 (0,0,0,0,0,0,0,0,0,0,0,0,0,0,0,0,0,0,0,0,0,0,0,0,0,0,0,0,0,0,0,0,0,0,0,0,0,0,0,0,0,0,0,0,0,0,0,0,6.51243,)
    time_wait_io:                 0 -nan -nan% 0 (0,0,0,0,0,0,0,0,0,0,0,0,0,0,0,0,0,0,0,0,0,0,0,0,0,0,0,0,0,0,0,0,0,0,0,0,0,0,0,0,0,0,0,0,0,0,0,0,0,)
    time_phase1_add_graph:        0 -nan -nan% 0 (0,0,0,0,0,0,0,0,0,0,0,0,0,0,0,0,0,0,0,0,0,0,0,0,0,0,0,0,0,0,0,0,0,0,0,0,0,0,0,0,0,0,0,0,0,0,0,0,0,)
    time_recover_txn:             0 -nan -nan% 0 (0,0,0,0,0,0,0,0,0,0,0,0,0,0,0,0,0,0,0,0,0,0,0,0,0,0,0,0,0,0,0,0,0,0,0,0,0,0,0,0,0,0,0,0,0,0,0,0,0,)
    time_lv_overhead:             7.034 0.146542 3.96719% 1386.63 (0.0965045,0.146279,0.140701,0.145088,0.144509,0.14913,0.14014,0.153554,0.152495,0.158992,0.153902,0.155687,0.143999,0.141456,0.145024,0.145675,0.148904,0.135389,0.142122,0.138312,0.148077,0.137293,0.142932,0.134443,0.163307,0.159014,0.15986,0.146827,0.152803,0.156336,0.155919,0.152439,0.146557,0.141456,0.143959,0.144173,0.144201,0.144815,0.159645,0.131125,0.154026,0.146286,0.153166,0.161244,0.148452,0.158598,0.154098,0.115083,0,)
    time_state_malloc:            0 -nan -nan% 0 (0,0,0,0,0,0,0,0,0,0,0,0,0,0,0,0,0,0,0,0,0,0,0,0,0,0,0,0,0,0,0,0,0,0,0,0,0,0,0,0,0,0,0,0,0,0,0,0,0,)
    time_phase1_1:                36.9355 0.76949 20.8317% 7281.19 (0.765852,0.714105,0.714475,0.744038,0.769325,0.722522,0.753967,0.819801,0.766419,0.796235,0.749354,0.779416,0.819297,0.775402,0.783103,0.745927,0.790558,0.808376,0.739602,0.847903,0.776344,0.776246,0.779246,0.702227,0.775344,0.777058,0.774952,0.753854,0.810248,0.747448,0.771949,0.774514,0.762596,0.754227,0.811757,0.690965,0.786461,0.813645,0.807569,0.647713,0.810762,0.770438,0.796359,0.820437,0.819555,0.78364,0.782189,0.652089,0,)
    time_phase1_2:                10.1748 0.211975 5.73862% 2005.79 (0.215583,0.281791,0.201106,0.205594,0.187463,0.191067,0.189804,0.183474,0.182639,0.204891,0.2161,0.223591,0.205707,0.186302,0.189005,0.296392,0.189758,0.182505,0.229433,0.204759,0.23377,0.218519,0.204137,0.195319,0.229593,0.200674,0.192678,0.246086,0.198458,0.289199,0.210104,0.21465,0.218231,0.206048,0.295546,0.217341,0.187264,0.191398,0.225084,0.198049,0.218587,0.227758,0.190148,0.190856,0.217241,0.191994,0.19042,0.208707,0,)
    time_phase2:                  27.16 0.565832 15.3183% 5354.11 (0.652444,0.568201,0.531083,0.635533,0.583904,0.559996,0.544955,0.550746,0.539544,0.695868,0.52277,0.533475,0.60337,0.534338,0.560563,0.528831,0.541153,0.543016,0.592807,0.542255,0.550021,0.690426,0.544809,0.541074,0.540099,0.541814,0.5579,0.530926,0.636729,0.546426,0.546668,0.623608,0.547707,0.616108,0.551275,0.535178,0.54765,0.549166,0.5365,0.509115,0.54176,0.548352,0.541484,0.532187,0.544993,0.565738,0.606481,0.670911,0,)
    time_phase3:                  11.4128 0.237767 6.43685% 2249.84 (0.248785,0.246881,0.248693,0.252089,0.243484,0.259115,0.248816,0.241827,0.245334,0.251073,0.247791,0.248985,0.259528,0.247219,0.252562,0.244465,0.248203,0.249001,0.2497,0.246964,0.250013,0.254945,0.248698,0.223992,0.228935,0.230658,0.228892,0.230884,0.228294,0.225972,0.225124,0.238805,0.221268,0.223603,0.224186,0.221367,0.227015,0.230766,0.224015,0.211836,0.228147,0.229357,0.22968,0.228177,0.223154,0.228035,0.228052,0.238431,0,)
    time_phase1_1_raw:            94.1766 1.96201 53.1157% 18565.3 (1.71384,1.9574,2.11224,1.89799,1.93315,2.0271,2.0444,1.93122,2.03113,1.77469,2.05777,1.9572,1.77105,2.05912,1.91767,1.98798,1.95757,1.95969,1.91111,1.79966,1.9337,1.77877,1.96499,2.14678,1.98506,2.00463,1.99035,2.04079,1.84574,1.97475,2.02015,1.84132,2.02096,1.9245,1.81086,2.20124,1.99862,1.9358,1.93723,2.34734,1.95662,1.97637,1.99874,1.94148,1.92817,1.95119,1.90139,2.01704,0,)
    time_phase1_2_raw:            1.58983 0.0331215 0.896669% 313.408 (0.0216051,0.0265116,0.026819,0.034397,0.0323638,0.0311117,0.0338237,0.0332986,0.0333124,0.034589,0.0341251,0.0332731,0.0356576,0.0335419,0.0343353,0.0333138,0.0340103,0.0334857,0.0337804,0.0333593,0.03393,0.0341506,0.0338268,0.034061,0.0345939,0.0348846,0.034924,0.0345393,0.0339415,0.0339534,0.0337257,0.0355375,0.0328589,0.0334209,0.0339154,0.0331628,0.0340242,0.0349088,0.0341884,0.0320995,0.03463,0.034277,0.0344338,0.0345086,0.0338482,0.0344638,0.0340969,0.0222144,0,)
    time_phase2_raw:              0.785839 0.0163716 0.443214% 154.914 (0.0107081,0.0132776,0.0133596,0.0170384,0.016228,0.0153782,0.0168122,0.0166903,0.0164603,0.017382,0.0166016,0.0165059,0.0172855,0.0165359,0.0169066,0.0165312,0.0166711,0.0168108,0.0167327,0.0165807,0.0168764,0.0170922,0.0166727,0.0163495,0.0172115,0.0171749,0.0171007,0.0171203,0.0170261,0.01675,0.0168888,0.0172666,0.0163777,0.0166314,0.0167196,0.0161092,0.0167189,0.0170877,0.0166754,0.0154622,0.0169833,0.0168677,0.0168607,0.0170126,0.0168979,0.0170339,0.0170848,0.0112893,0,)
    time_phase3_raw:              0 -nan -nan% 0 (0,0,0,0,0,0,0,0,0,0,0,0,0,0,0,0,0,0,0,0,0,0,0,0,0,0,0,0,0,0,0,0,0,0,0,0,0,0,0,0,0,0,0,0,0,0,0,0,0,)
    time_recover_full:            0 -nan -nan% 0 (0,0,0,0,0,0,0,0,0,0,0,0,0,0,0,0,0,0,0,0,0,0,0,0,0,0,0,0,0,0,0,0,0,0,0,0,0,0,0,0,0,0,0,0,0,0,0,0,0,)
    time_recover1:                0 -nan -nan% 0 (0,0,0,0,0,0,0,0,0,0,0,0,0,0,0,0,0,0,0,0,0,0,0,0,0,0,0,0,0,0,0,0,0,0,0,0,0,0,0,0,0,0,0,0,0,0,0,0,0,)
    time_recover2:                0 -nan -nan% 0 (0,0,0,0,0,0,0,0,0,0,0,0,0,0,0,0,0,0,0,0,0,0,0,0,0,0,0,0,0,0,0,0,0,0,0,0,0,0,0,0,0,0,0,0,0,0,0,0,0,)
    time_recover3:                0 -nan -nan% 0 (0,0,0,0,0,0,0,0,0,0,0,0,0,0,0,0,0,0,0,0,0,0,0,0,0,0,0,0,0,0,0,0,0,0,0,0,0,0,0,0,0,0,0,0,0,0,0,0,0,)
    time_recover4:                0 -nan -nan% 0 (0,0,0,0,0,0,0,0,0,0,0,0,0,0,0,0,0,0,0,0,0,0,0,0,0,0,0,0,0,0,0,0,0,0,0,0,0,0,0,0,0,0,0,0,0,0,0,0,0,)
    time_recover5:                0 -nan -nan% 0 (0,0,0,0,0,0,0,0,0,0,0,0,0,0,0,0,0,0,0,0,0,0,0,0,0,0,0,0,0,0,0,0,0,0,0,0,0,0,0,0,0,0,0,0,0,0,0,0,0,)
    time_recover6:                0 -nan -nan% 0 (0,0,0,0,0,0,0,0,0,0,0,0,0,0,0,0,0,0,0,0,0,0,0,0,0,0,0,0,0,0,0,0,0,0,0,0,0,0,0,0,0,0,0,0,0,0,0,0,0,)
    time_recover7:                0 -nan -nan% 0 (0,0,0,0,0,0,0,0,0,0,0,0,0,0,0,0,0,0,0,0,0,0,0,0,0,0,0,0,0,0,0,0,0,0,0,0,0,0,0,0,0,0,0,0,0,0,0,0,0,)
    time_recover8:                0 -nan -nan% 0 (0,0,0,0,0,0,0,0,0,0,0,0,0,0,0,0,0,0,0,0,0,0,0,0,0,0,0,0,0,0,0,0,0,0,0,0,0,0,0,0,0,0,0,0,0,0,0,0,0,)
    time_debug_get_next:          0 -nan -nan% 0 (0,0,0,0,0,0,0,0,0,0,0,0,0,0,0,0,0,0,0,0,0,0,0,0,0,0,0,0,0,0,0,0,0,0,0,0,0,0,0,0,0,0,0,0,0,0,0,0,0,)
    time_debug0:                  27.6042 0.575088 15.5688% 5441.69 (0.641831,0.579501,0.601596,0.553476,0.533376,0.59893,0.583699,0.573639,0.578581,0.534921,0.575453,0.567363,0.548699,0.59823,0.559108,0.578742,0.570351,0.559447,0.546688,0.562443,0.574378,0.532422,0.565101,0.650328,0.571101,0.57359,0.577088,0.584971,0.561787,0.554978,0.571097,0.562554,0.582641,0.520169,0.558415,0.632043,0.574067,0.587991,0.571043,0.700353,0.581534,0.566276,0.579333,0.560717,0.573418,0.582733,0.562144,0.545872,0,)
    time_debug1:                  85.7312 1.78607 48.3525% 16900.4 (1.84976,1.84101,1.89446,1.84684,1.76661,1.8342,1.83745,1.75674,1.78831,1.80878,1.83306,1.76423,1.71932,1.75201,1.71948,1.72942,1.74969,1.74546,1.80328,1.57959,1.72083,1.75048,1.75753,1.8884,1.81601,1.78709,1.83124,1.74827,1.85393,1.67725,1.7991,1.77035,1.88293,1.73243,1.67523,1.92679,1.70605,1.73868,1.7187,2.12467,1.78672,1.70907,1.80073,1.85781,1.67265,1.7776,1.7949,1.80599,0,)
    time_debug2:                  5.1881 0.108085 2.9261% 1022.74 (0.0909016,0.117121,0.109451,0.101261,0.121216,0.106337,0.104538,0.117868,0.110268,0.112874,0.110753,0.108433,0.100436,0.0994374,0.111837,0.110147,0.106607,0.106717,0.108153,0.118692,0.104952,0.10701,0.10062,0.0984978,0.111429,0.109779,0.105878,0.108663,0.109745,0.108315,0.110524,0.102932,0.11164,0.137232,0.120085,0.0974534,0.105233,0.104256,0.108296,0.0964774,0.102009,0.0971996,0.0993313,0.106339,0.106707,0.118299,0.113497,0.112653,0,)
    time_debug3:                  9.95125 0.207318 5.61252% 1961.72 (0.0101784,0.151044,0.155823,0.15014,0.263407,0.141162,0.14763,0.238212,0.233992,0.174799,0.16606,0.226406,0.194959,0.260492,0.258144,0.195347,0.271689,0.28971,0.1588,0.373847,0.210126,0.227298,0.242922,0.151638,0.16391,0.199528,0.150662,0.211818,0.136081,0.284428,0.18044,0.142751,0.163099,0.291328,0.239674,0.11951,0.313525,0.259288,0.262457,0.00976042,0.198155,0.258484,0.223263,0.156705,0.309341,0.183418,0.198928,0.400872,0,)
    time_debug4:                  28.1925 0.587343 15.9006% 5557.66 (0.520988,0.580954,0.606193,0.599029,0.615169,0.614937,0.61407,0.60333,0.591759,0.601135,0.611916,0.60139,0.590985,0.598146,0.570185,0.594011,0.562291,0.602299,0.59315,0.550252,0.586658,0.580716,0.579428,0.545451,0.593849,0.588122,0.608606,0.574373,0.640677,0.565033,0.619072,0.602095,0.590677,0.595056,0.5596,0.54892,0.589348,0.586688,0.598873,0.485806,0.590046,0.577265,0.574285,0.606381,0.598476,0.625478,0.621675,0.53764,0,)
    time_debug5:                  0.365353 0.00761152 0.20606% 72.023 (0.00662683,0.00709746,0.00705873,0.00787567,0.00722018,0.00745107,0.00749577,0.00759491,0.00763741,0.00777087,0.00748023,0.00761779,0.0078568,0.00746245,0.00813113,0.00743063,0.00779553,0.00738126,0.00758388,0.00751714,0.0078292,0.00752885,0.00768211,0.00764701,0.00908548,0.00785378,0.00773226,0.00766238,0.00769027,0.00812256,0.00760667,0.00799251,0.00732948,0.00740549,0.00744563,0.00748714,0.00791183,0.00799392,0.00770467,0.00726019,0.00770438,0.00802724,0.00781175,0.0076882,0.00766377,0.00754353,0.00760505,0.00625207,0,)
    time_debug6:                  0 -nan -nan% 0 (0,0,0,0,0,0,0,0,0,0,0,0,0,0,0,0,0,0,0,0,0,0,0,0,0,0,0,0,0,0,0,0,0,0,0,0,0,0,0,0,0,0,0,0,0,0,0,0,0,)
    time_debug7:                  16.9157 0.352411 9.54051% 3334.64 (0.462401,0.349826,0.37402,0.364221,0.33346,0.378653,0.364606,0.333008,0.354083,0.34518,0.366655,0.355187,0.382396,0.356751,0.338825,0.349764,0.337544,0.330947,0.363336,0.295157,0.351721,0.329896,0.346853,0.359547,0.353101,0.354912,0.370749,0.346762,0.349375,0.335158,0.342672,0.407346,0.353969,0.318995,0.326192,0.371065,0.339903,0.342712,0.347887,0.389458,0.359829,0.344179,0.341526,0.367138,0.319579,0.369498,0.338549,0.301151,0,)
    time_debug8:                  5.44615 0.113461 3.07163% 1073.61 (0.0737086,0.101033,0.103328,0.113561,0.112972,0.112568,0.115562,0.12383,0.111352,0.113244,0.116696,0.116099,0.115743,0.121488,0.108008,0.115762,0.107848,0.124658,0.108946,0.111837,0.115579,0.110173,0.113445,0.10607,0.125888,0.117253,0.119038,0.116452,0.118261,0.109525,0.132958,0.114564,0.111349,0.116493,0.110459,0.110854,0.121194,0.113844,0.126653,0.0852327,0.117066,0.119942,0.116948,0.11435,0.129585,0.116922,0.116965,0.0908329,0,)
    time_debug9:                  10.5116 0.218991 5.92853% 2072.17 (0.168028,0.209497,0.211426,0.22132,0.223375,0.216827,0.220289,0.229726,0.22022,0.22661,0.222353,0.228405,0.231866,0.230071,0.221563,0.221325,0.215312,0.223389,0.217936,0.227052,0.227629,0.228102,0.225385,0.193134,0.214876,0.225377,0.223121,0.217543,0.226415,0.215333,0.233237,0.220715,0.214885,0.219642,0.2188,0.200453,0.220358,0.219972,0.228263,0.17528,0.222411,0.226086,0.220835,0.224599,0.234865,0.2266,0.234001,0.187044,0,)
    time_debug10:                 0 -nan -nan% 0 (0,0,0,0,0,0,0,0,0,0,0,0,0,0,0,0,0,0,0,0,0,0,0,0,0,0,0,0,0,0,0,0,0,0,0,0,0,0,0,0,0,0,0,0,0,0,0,0,0,)
    time_debug11:                 62.7062 1.30638 35.3664% 12361.4 (1.47257,1.30979,1.25927,1.32277,1.30247,1.3193,1.30348,1.34632,1.2614,1.38389,1.30314,1.35213,1.41241,1.19573,1.35859,1.25679,1.34274,1.27195,1.32194,1.44002,1.33023,1.34334,1.3082,1.2614,1.1889,1.2377,1.23965,1.24749,1.34582,1.21952,1.22684,1.43117,1.31925,1.32899,1.29664,1.11417,1.32352,1.31148,1.33338,1.1224,1.34151,1.27497,1.3139,1.39005,1.34783,1.29565,1.40175,1.2738,0,)
    time_debug12:                 326.662 6.80546 184.238% 64395.8 (6.64781,6.80644,6.85691,6.78957,6.81124,6.79454,6.80804,6.76561,6.8406,6.72741,6.80915,6.76064,6.69958,6.91869,6.74378,6.85607,6.76379,6.83944,6.79083,6.67239,6.77243,6.76998,6.80444,6.84822,6.92212,6.87332,6.87212,6.86342,6.76493,6.8932,6.88564,6.68121,6.79244,6.78151,6.81543,6.99761,6.78927,6.79901,6.7799,6.99061,6.77136,6.83486,6.80092,6.72289,6.76614,6.81613,6.70868,6.84194,0,)
    time_debug13:                 0 -nan -nan% 0 (0,0,0,0,0,0,0,0,0,0,0,0,0,0,0,0,0,0,0,0,0,0,0,0,0,0,0,0,0,0,0,0,0,0,0,0,0,0,0,0,0,0,0,0,0,0,0,0,0,)
    time_debug14:                 0 -nan -nan% 0 (0,0,0,0,0,0,0,0,0,0,0,0,0,0,0,0,0,0,0,0,0,0,0,0,0,0,0,0,0,0,0,0,0,0,0,0,0,0,0,0,0,0,0,0,0,0,0,0,0,)
    time_debug15:                 0 -nan -nan% 0 (0,0,0,0,0,0,0,0,0,0,0,0,0,0,0,0,0,0,0,0,0,0,0,0,0,0,0,0,0,0,0,0,0,0,0,0,0,0,0,0,0,0,0,0,0,0,0,0,0,)
    time_rec_loop_tryRead:        0 -nan -nan% 0 (0,0,0,0,0,0,0,0,0,0,0,0,0,0,0,0,0,0,0,0,0,0,0,0,0,0,0,0,0,0,0,0,0,0,0,0,0,0,0,0,0,0,0,0,0,0,0,0,0,)
    time_rec_finding_empty_slot:  0 -nan -nan% 0 (0,0,0,0,0,0,0,0,0,0,0,0,0,0,0,0,0,0,0,0,0,0,0,0,0,0,0,0,0,0,0,0,0,0,0,0,0,0,0,0,0,0,0,0,0,0,0,0,0,)
    time_silo_validate1:          0 -nan -nan% 0 (0,0,0,0,0,0,0,0,0,0,0,0,0,0,0,0,0,0,0,0,0,0,0,0,0,0,0,0,0,0,0,0,0,0,0,0,0,0,0,0,0,0,0,0,0,0,0,0,0,)
    time_silo_validate2:          0 -nan -nan% 0 (0,0,0,0,0,0,0,0,0,0,0,0,0,0,0,0,0,0,0,0,0,0,0,0,0,0,0,0,0,0,0,0,0,0,0,0,0,0,0,0,0,0,0,0,0,0,0,0,0,)
    time_silo_validate3:          0 -nan -nan% 0 (0,0,0,0,0,0,0,0,0,0,0,0,0,0,0,0,0,0,0,0,0,0,0,0,0,0,0,0,0,0,0,0,0,0,0,0,0,0,0,0,0,0,0,0,0,0,0,0,0,)
    time_silo_validate4:          0 -nan -nan% 0 (0,0,0,0,0,0,0,0,0,0,0,0,0,0,0,0,0,0,0,0,0,0,0,0,0,0,0,0,0,0,0,0,0,0,0,0,0,0,0,0,0,0,0,0,0,0,0,0,0,)
    time_silo_validate5:          0 -nan -nan% 0 (0,0,0,0,0,0,0,0,0,0,0,0,0,0,0,0,0,0,0,0,0,0,0,0,0,0,0,0,0,0,0,0,0,0,0,0,0,0,0,0,0,0,0,0,0,0,0,0,0,)
    time_silo_validate6:          0 -nan -nan% 0 (0,0,0,0,0,0,0,0,0,0,0,0,0,0,0,0,0,0,0,0,0,0,0,0,0,0,0,0,0,0,0,0,0,0,0,0,0,0,0,0,0,0,0,0,0,0,0,0,0,)
    time_silo_validate7:          0 -nan -nan% 0 (0,0,0,0,0,0,0,0,0,0,0,0,0,0,0,0,0,0,0,0,0,0,0,0,0,0,0,0,0,0,0,0,0,0,0,0,0,0,0,0,0,0,0,0,0,0,0,0,0,)
    time_silo_validate8:          0 -nan -nan% 0 (0,0,0,0,0,0,0,0,0,0,0,0,0,0,0,0,0,0,0,0,0,0,0,0,0,0,0,0,0,0,0,0,0,0,0,0,0,0,0,0,0,0,0,0,0,0,0,0,0,)
    time_silo_validate9:          0 -nan -nan% 0 (0,0,0,0,0,0,0,0,0,0,0,0,0,0,0,0,0,0,0,0,0,0,0,0,0,0,0,0,0,0,0,0,0,0,0,0,0,0,0,0,0,0,0,0,0,0,0,0,0,)
    time_locktable_get:           131.579 2.74124 74.211% 25938.6 (2.63451,2.74045,2.81378,2.71849,2.74734,2.74084,2.73929,2.75133,2.77589,2.69889,2.75035,2.73107,2.63526,2.77511,2.71594,2.67852,2.76423,2.76642,2.68438,2.69901,2.68026,2.6834,2.73216,2.85439,2.73025,2.73791,2.73269,2.72108,2.72892,2.69077,2.72696,2.64928,2.80489,2.74586,2.65942,2.8409,2.7659,2.75814,2.72713,2.99328,2.73579,2.69852,2.77055,2.7487,2.72829,2.72898,2.73633,2.90756,0,)
    time_locktable_get_validation:0 -nan -nan% 0 (0,0,0,0,0,0,0,0,0,0,0,0,0,0,0,0,0,0,0,0,0,0,0,0,0,0,0,0,0,0,0,0,0,0,0,0,0,0,0,0,0,0,0,0,0,0,0,0,0,)
    time_locktable_release:       19.6729 0.409853 11.0956% 3878.18 (0.291583,0.372816,0.377343,0.414895,0.410882,0.402496,0.415966,0.432019,0.409119,0.420929,0.416845,0.422205,0.429209,0.429015,0.410275,0.414427,0.401536,0.42624,0.406521,0.416961,0.422719,0.417356,0.417711,0.376996,0.421783,0.423812,0.422775,0.41452,0.430434,0.404029,0.446815,0.41868,0.403035,0.414027,0.40783,0.387833,0.424331,0.414897,0.436234,0.334219,0.420761,0.425242,0.417724,0.421058,0.443989,0.423739,0.429877,0.329236,0,)
    time_get_row_before:          4.0285 0.0839271 2.27208% 794.149 (0.0814418,0.0812824,0.0805618,0.0847395,0.0824444,0.0856427,0.0835132,0.0814289,0.0831651,0.0879947,0.0807391,0.083563,0.0917673,0.0820686,0.0853617,0.0818458,0.0848219,0.080484,0.0853293,0.0811794,0.0835115,0.086834,0.0840022,0.089247,0.0829414,0.0829421,0.0867468,0.0816079,0.085631,0.0882066,0.0822531,0.0927595,0.0876177,0.0850204,0.0836592,0.0853965,0.0817205,0.0834115,0.0799887,0.0804956,0.0846712,0.0840525,0.0821356,0.0828027,0.0807475,0.0873657,0.083673,0.0796852,0,)
    time_get_row_after:           8.62496 0.179687 4.86449% 1700.26 (0.176573,0.174599,0.177697,0.18481,0.176069,0.185573,0.18303,0.175667,0.174771,0.181736,0.176449,0.176121,0.187945,0.178158,0.181617,0.171753,0.177578,0.174707,0.176732,0.175437,0.180998,0.1801,0.181197,0.174955,0.182322,0.182886,0.184722,0.182083,0.184132,0.178596,0.175723,0.193044,0.173717,0.17538,0.177043,0.176665,0.183648,0.188186,0.180125,0.165495,0.181437,0.187995,0.185499,0.187388,0.177565,0.179722,0.180599,0.176717,0,)
    time_log_create:              0.34571 0.00720229 0.194981% 68.1507 (0.00475193,0.00558996,0.00696141,0.00703251,0.00829929,0.00645163,0.012438,0.00690856,0.00681828,0.00701029,0.0069591,0.00682305,0.00730769,0.00678562,0.00721791,0.00684873,0.00690074,0.00684362,0.00838176,0.00682969,0.00697482,0.0069187,0.00704373,0.00734395,0.00716827,0.00716555,0.00699393,0.00706405,0.00701724,0.00691981,0.00685359,0.00746836,0.00669775,0.0067118,0.00690484,0.0068643,0.00716418,0.00721203,0.00712407,0.00682997,0.00895076,0.00713085,0.00715927,0.00819793,0.00692865,0.00706069,0.00687213,0.00980885,0,)
    time_log_serialLogTxn:        181.515 3.78156 102.375% 35782.5 (3.72273,3.77462,3.78615,3.77382,3.79911,3.78652,3.78329,3.77841,3.78373,3.78558,3.77047,3.77242,3.81001,3.76819,3.79313,3.77033,3.78187,3.77969,3.80716,3.81746,3.78448,3.79463,3.78214,3.74575,3.7796,3.78789,3.78937,3.77372,3.78547,3.79038,3.79117,3.80443,3.7592,3.80698,3.80743,3.73856,3.78414,3.78409,3.78806,3.71655,3.78351,3.79125,3.77505,3.79258,3.78264,3.79662,3.79306,3.76156,0,)
    time_cleanup_1:               0.120575 0.00251198 0.0680046% 23.7693 (0.00162668,0.00202714,0.00203744,0.00263044,0.00245374,0.00234326,0.00257388,0.00252042,0.00250565,0.00264146,0.00255551,0.00250672,0.00268961,0.00253232,0.0026271,0.00251623,0.00256875,0.00252954,0.00256757,0.00254168,0.00258496,0.00258468,0.00256306,0.0025502,0.00260996,0.00266524,0.00263675,0.00264939,0.00259777,0.00258049,0.00256708,0.00273717,0.00251986,0.00251528,0.0025668,0.00251815,0.00262032,0.00264372,0.00260102,0.00240124,0.00260241,0.00259961,0.00264795,0.00262121,0.00256115,0.00261796,0.00257834,0.00163818,0,)
    time_cleanup_2:               0.682091 0.0142102 0.384701% 134.462 (0.0109112,0.0124439,0.0124754,0.0148363,0.0136351,0.013573,0.0141899,0.0142921,0.0143376,0.0146036,0.0142415,0.0141627,0.0148252,0.0140488,0.0149541,0.0140392,0.0145429,0.0139598,0.0143423,0.0141129,0.0146229,0.0142297,0.0144339,0.0147975,0.0158942,0.0148064,0.0146598,0.0145189,0.0147802,0.0148011,0.0144717,0.0153697,0.013892,0.0140119,0.0141672,0.0140537,0.0146968,0.0149087,0.0144521,0.0135177,0.0145117,0.0147714,0.0146441,0.0145305,0.0144764,0.0141917,0.0144275,0.0109243,0,)
    time_insideSLT1:              7.42891 0.154769 4.18992% 1464.48 (0.0960024,0.148727,0.161562,0.144667,0.172652,0.161663,0.160517,0.152241,0.156767,0.159843,0.147138,0.14607,0.168784,0.145699,0.167108,0.146201,0.156806,0.156019,0.161095,0.182733,0.15982,0.164931,0.155721,0.122097,0.157644,0.15943,0.160057,0.152834,0.162045,0.163367,0.163038,0.171225,0.136996,0.186399,0.181631,0.121329,0.16247,0.156197,0.160109,0.0957525,0.156467,0.1532,0.147385,0.162815,0.154611,0.170513,0.162511,0.136022,0,)
    time_insideSLT2:              7.97821 0.166213 4.49972% 1572.77 (0.105436,0.15897,0.171717,0.156528,0.18389,0.172928,0.169811,0.161318,0.168281,0.169337,0.158802,0.157613,0.180878,0.157358,0.179018,0.157728,0.168542,0.165147,0.172865,0.194114,0.171645,0.176646,0.167351,0.131562,0.16747,0.172727,0.173168,0.162489,0.171911,0.176352,0.176233,0.184963,0.146379,0.195803,0.194428,0.130945,0.175468,0.169763,0.173396,0.108016,0.169938,0.166297,0.160725,0.176109,0.167561,0.180085,0.175573,0.144928,0,)
    time_STLother:                0.127658 0.00265953 0.0719991% 25.1655 (0.00174496,0.00217328,0.00220857,0.00280751,0.00266287,0.00250714,0.00293262,0.00267529,0.00265178,0.0027995,0.00267383,0.00259448,0.00283112,0.00270828,0.00279844,0.00273137,0.00273523,0.00272131,0.00279773,0.00265146,0.00271271,0.00282233,0.00267792,0.00268697,0.00271814,0.00276274,0.00281748,0.00276594,0.00274296,0.00277598,0.00277614,0.00282616,0.00268095,0.00269435,0.00266655,0.00262811,0.00284513,0.00282961,0.00263878,0.00246321,0.00284521,0.00263581,0.0026698,0.00274235,0.00265946,0.00274264,0.00268149,0.001742,0,)
    time_logging_thread:          8.34802 8.34802 225.998% 1645.67 (0,0,0,0,0,0,0,0,0,0,0,0,0,0,0,0,0,0,0,0,0,0,0,0,0,0,0,0,0,0,0,0,0,0,0,0,0,0,0,0,0,0,0,0,0,0,0,0,8.34802,)
    int_serialLogFail:            2.59324e+06 (56289,55385,55623,54078,54117,54707,53944,53880,53972,53953,53904,53937,53923,53879,53891,53902,53929,53913,53600,53688,53904,53730,53955,53483,53813,53867,53879,53800,53854,53811,53847,53920,53796,53781,53827,53733,53738,53879,53870,53728,53824,53649,53820,53857,53876,53876,53758,55852,0,)
Projected Disk Bandwidth Utilized - avg 2.76306e+08 real 2.76306e+08
Total time measured 579.101
Total wall time observed 580.516
Estimated CPU_FREQ is 2.19464
