NUM_CORES_PER_SLOT=24
NUMA_NODE_NUM=2
HYPER_THREADING_FACTOR=2
Using SIMD
MM_MAX=_mm512_max_epu32
SIMD_PREFIX=__m512i
MAX_LOGGER_NUM_SIMD=16
Running in big-hash-table mode.

Using 1 disks.
g_flush_blocksize=1048576, g_log_buffer_size=52428800
Init parallelism 96
Stats initialized
Global manager initialized
reading schema file: ./benchmarks/TPCC_full_schema.txt
0 0x7f694cb39040 50000000 1
0 0x5560cbd92f80 500 1
0 0x5560cbd95f40 5000 1
0 0x7f69373e6040 15000000 1
0 0x7f6921c93040 15000000 1
0 0x7f68da42a040 50000000 1
TPCC schema initialized
TPCC Data Initialization Complete!
workload initialized!
Init time 562.475
Queue Buffer Length728177
Log Read Size: 419430400
Log buffer size 52428800
log file:		/mnt/pmem0/logs/TC_log0_1_TPCC_0.500000.data
/mnt/pmem0/logs/TC_log0_1_TPCC_0.500000.data
Start Initializing Locktable, size 16777216
ltiSize=64
Locktable Initialized, size 16777216, schema table size 15728640
mem_allocator initialized!
Query Queue Init Time 12.439293
query_queue initialized!
Setting logger 0 to CPU node 0
PSN Flush Frequency: 1000
sim_done = 1
sim_done = 3
sim_done = 7
sim_done = 19
sim_done = 25
sim_done = 29
sim_done = 17
sim_done = 5
sim_done = 36
sim_done = 2
sim_done = 20
sim_done = 22
sim_done = 39
sim_done = 42
sim_done = 26
sim_done = 8
sim_done = 46
sim_done = 32
sim_done = 33
sim_done = 15
sim_done = 36
sim_done = 7
sim_done = 38
sim_done = 10
sim_done = 10
sim_done = 44
sim_done = 45
sim_done = 23
sim_done = 48
sim_done = 17
sim_done = 18
sim_done = 41
sim_done = 13
sim_done = 27
sim_done = 30
sim_done = 47
sim_done = 34
sim_done = 37
sim_done = 41
sim_done = 14
sim_done = 21
sim_done = 43
sim_done = 29
sim_done = 12
sim_done = 4
sim_done = 24
sim_done = 31
sim_done = 12
Destructor 0. flush size=49680896 (2348810240 to 2398491136)
PASS! SimTime = 3.2273e+09
=Worker Thread=
    Throughput:                   2.09683e+06
    MaxThr:                       2.09683e+06
    PerThdThr:                    2.12618e+06
    run_time:                     152.628 (3.17857,3.18028,3.18216,3.18463,3.18141,3.18101,3.18007,3.18203,3.16848,3.17112,3.17872,3.18443,3.18056,3.17851,3.18144,3.17712,3.17565,3.17669,3.18511,3.18259,3.17649,3.18362,3.17995,3.1862,3.18357,3.18364,3.17578,3.18602,3.16581,3.18036,3.18478,3.17953,3.17846,3.18049,3.17356,3.17415,3.18581,3.17813,3.16776,3.18192,3.1834,3.18216,3.18293,3.1748,3.1832,3.17725,3.18417,3.18383,0,)
    log_bytes:                    2.39849 (0,0,0,0,0,0,0,0,0,0,0,0,0,0,0,0,0,0,0,0,0,0,0,0,0,0,0,0,0,0,0,0,0,0,0,0,0,0,0,0,0,0,0,0,0,0,0,0,2.39849,)
    log_dep_size:                 0 (0,0,0,0,0,0,0,0,0,0,0,0,0,0,0,0,0,0,0,0,0,0,0,0,0,0,0,0,0,0,0,0,0,0,0,0,0,0,0,0,0,0,0,0,0,0,0,0,0,)
    log_total_size:               1.2769 (0.0284307,0.0262105,0.0273306,0.026028,0.0258067,0.0273393,0.0273112,0.0273596,0.0273487,0.0273351,0.0261104,0.0259497,0.0259061,0.0273318,0.0260873,0.0273462,0.0256428,0.0273297,0.0273328,0.0259646,0.0273253,0.027336,0.0264608,0.0272312,0.0278929,0.0270162,0.0270221,0.0270077,0.027051,0.0256016,0.0270637,0.0255632,0.0248647,0.0260902,0.0279287,0.0256919,0.027938,0.025908,0.0270011,0.0270373,0.0270333,0.0255777,0.0257094,0.0270035,0.0269305,0.0270359,0.0250212,0.0220531,0,)
    latency:                      736146 (16638,15053.7,15775,14957.9,14797.4,15770.2,15728.2,15893.1,15878.2,15796.9,15101.3,14895.1,14951.9,15816.7,15008.5,15878.7,14702.7,15776.4,15782,14986.6,15762.2,15795.8,15289.2,15727.9,16025.3,15581.1,15601.9,15463.9,15623.8,14763.5,15690.9,14646.9,14189.3,14992.1,16110.3,14842.6,16136.7,14803.1,15491.6,15626.1,15616.6,14716.2,14911.3,15560.4,15401.1,15628.7,14413.2,12545.3,0,)

    num_commits:                  6.76065e+06 (150000,139223,144706,137555,136369,144852,144335,145329,145123,144802,138552,137201,137123,144733,138086,145104,135770,144706,144802,137574,144648,144855,140219,144161,147238,142873,142960,142586,143533,135570,143774,134908,131839,138052,148065,136381,148216,137166,142438,143225,143215,135156,136665,142594,142227,143196,132373,116572,0,)
    num_async_commits:            6.61755e+06 (146685,136310,141509,134617,133529,141709,141143,142212,141881,141624,135578,134219,134116,141578,135185,142009,132948,141520,141722,134595,141442,141577,137220,141145,144141,139932,139973,139650,140570,132704,140835,132060,129175,135179,144993,133552,145204,134437,139475,140320,140292,132379,133826,139620,139246,140265,129597,114056,0,)
    num_aborts:                   60132 (0,260,2586,262,243,1904,2610,2509,1754,2035,194,360,171,2058,116,1115,78,1561,2460,281,2727,2053,30,473,582,2857,2703,1827,2744,495,2486,191,62,40,701,62,550,576,2898,2668,2945,510,175,3144,1254,2804,9,9,0,)
    num_aborts_logging:           0 (0,0,0,0,0,0,0,0,0,0,0,0,0,0,0,0,0,0,0,0,0,0,0,0,0,0,0,0,0,0,0,0,0,0,0,0,0,0,0,0,0,0,0,0,0,0,0,0,0,)
    num_log_records:              0 (0,0,0,0,0,0,0,0,0,0,0,0,0,0,0,0,0,0,0,0,0,0,0,0,0,0,0,0,0,0,0,0,0,0,0,0,0,0,0,0,0,0,0,0,0,0,0,0,0,)
    log_data:                     0 (0,0,0,0,0,0,0,0,0,0,0,0,0,0,0,0,0,0,0,0,0,0,0,0,0,0,0,0,0,0,0,0,0,0,0,0,0,0,0,0,0,0,0,0,0,0,0,0,0,)
    num_latency_count:            6.61755e+06 (146685,136310,141509,134617,133529,141709,141143,142212,141881,141624,135578,134219,134116,141578,135185,142009,132948,141520,141722,134595,141442,141577,137220,141145,144141,139932,139973,139650,140570,132704,140835,132060,129175,135179,144993,133552,145204,134437,139475,140320,140292,132379,133826,139620,139246,140265,129597,114056,0,)
    num_raw_edges:                0 (0,0,0,0,0,0,0,0,0,0,0,0,0,0,0,0,0,0,0,0,0,0,0,0,0,0,0,0,0,0,0,0,0,0,0,0,0,0,0,0,0,0,0,0,0,0,0,0,0,)
    num_waw_edges:                0 (0,0,0,0,0,0,0,0,0,0,0,0,0,0,0,0,0,0,0,0,0,0,0,0,0,0,0,0,0,0,0,0,0,0,0,0,0,0,0,0,0,0,0,0,0,0,0,0,0,)
    num_war_edges:                0 (0,0,0,0,0,0,0,0,0,0,0,0,0,0,0,0,0,0,0,0,0,0,0,0,0,0,0,0,0,0,0,0,0,0,0,0,0,0,0,0,0,0,0,0,0,0,0,0,0,)
    int_num_log:                  6.76065e+06 (150000,139223,144706,137555,136369,144852,144335,145329,145123,144802,138552,137201,137123,144733,138086,145104,135770,144706,144802,137574,144648,144855,140219,144161,147238,142873,142960,142586,143533,135570,143774,134908,131839,138052,148065,136381,148216,137166,142438,143225,143215,135156,136665,142594,142227,143196,132373,116572,0,)
    int_debug_get_next:           0 (0,0,0,0,0,0,0,0,0,0,0,0,0,0,0,0,0,0,0,0,0,0,0,0,0,0,0,0,0,0,0,0,0,0,0,0,0,0,0,0,0,0,0,0,0,0,0,0,0,)
    int_debug1:                   0 (0,0,0,0,0,0,0,0,0,0,0,0,0,0,0,0,0,0,0,0,0,0,0,0,0,0,0,0,0,0,0,0,0,0,0,0,0,0,0,0,0,0,0,0,0,0,0,0,0,)
    int_debug2:                   2.34187e+09 (0,0,0,0,0,0,0,0,0,0,0,0,0,0,0,0,0,0,0,0,0,0,0,0,0,0,0,0,0,0,0,0,0,0,0,0,0,0,0,0,0,0,0,0,0,0,0,0,2341868032,)
    int_debug3:                   2241 (0,0,0,0,0,0,0,0,0,0,0,0,0,0,0,0,0,0,0,0,0,0,0,0,0,0,0,0,0,0,0,0,0,0,0,0,0,0,0,0,0,0,0,0,0,0,0,0,2241,)
    int_debug4:                   1.36716e+08 (2024672,3148763,2908403,2583323,3046368,2712208,3068653,2984149,2716761,3246235,2399172,2872735,2662333,2979693,2816583,2266915,3214398,2240500,3309314,3544624,2711176,3338158,2852569,2529232,2573033,3114290,2921009,3389838,2681102,3381495,3063325,2882242,3066416,2880789,2455802,2327765,2413247,2788269,2780887,2829822,3322430,2885051,2642190,3024158,2850225,2595923,2993381,2676044,0,)
    int_debug5:                   8.86351e+07 (1957564,1804063,1914854,1794779,1779572,1905832,1915597,1914432,1903183,1907431,1796714,1790809,1784330,1907883,1795824,1893921,1764656,1900547,1914462,1789131,1917497,1907566,1819407,1879310,1927942,1896856,1895227,1883603,1896075,1766619,1891980,1762739,1710283,1795420,1929450,1766157,1927562,1789756,1897922,1895313,1899050,1767096,1767402,1901790,1870277,1898024,1721428,1517719,0,)
    int_debug6:                   7.46028e+06 (115919,166904,162778,160973,165394,136195,153356,154474,148203,175143,155142,152402,163004,155854,155433,129121,162724,129754,152540,169708,148968,185907,157615,134109,144037,147041,149135,157406,146184,172977,157954,165085,181181,160762,141819,159379,144098,143767,150969,155447,147710,168350,165466,147539,170669,125937,184943,180803,0,)
    int_debug7:                   1.18146e+06 (2956,16338,14427,28150,13018,24154,21331,14918,22531,26018,37472,28800,34598,28754,34953,26732,20540,21462,24819,35777,18734,32274,41123,30526,26810,21235,23910,12555,23416,38203,30022,31362,21498,37314,21001,35264,11129,14211,18662,29547,16553,38297,28525,24745,14322,17601,32565,12304,0,)
    int_debug8:                   0 (0,0,0,0,0,0,0,0,0,0,0,0,0,0,0,0,0,0,0,0,0,0,0,0,0,0,0,0,0,0,0,0,0,0,0,0,0,0,0,0,0,0,0,0,0,0,0,0,0,)
    int_debug9:                   8.85749e+07 (1957564,1803803,1912268,1794517,1779329,1903928,1912987,1911923,1901429,1905396,1796520,1790449,1784159,1905825,1795708,1892806,1764578,1898986,1912002,1788850,1914770,1905513,1819377,1878837,1927360,1893999,1892524,1881776,1893331,1766124,1889494,1762548,1710221,1795380,1928749,1766095,1927012,1789180,1895024,1892645,1896105,1766586,1767227,1898646,1869023,1895220,1721419,1517710,0,)
    int_debug10:                  1.34259e+08 (2010928,3048781,2863121,2531317,2953621,2706901,3031539,2946779,2675899,3167674,2344573,2821359,2603093,2942372,2764591,2258010,3131866,2236340,3269984,3455547,2673013,3248013,2802346,2523036,2562270,3081427,2881527,3344564,2643062,3283000,3024608,2800659,2964361,2821895,2444923,2268184,2400318,2750492,2746690,2785893,3283247,2790183,2582017,2988036,2799339,2589378,2870010,2542072,0,)
    int_psnflush:                 0 (0,0,0,0,0,0,0,0,0,0,0,0,0,0,0,0,0,0,0,0,0,0,0,0,0,0,0,0,0,0,0,0,0,0,0,0,0,0,0,0,0,0,0,0,0,0,0,0,0,)
    int_flush_time_interval:      0 (0,0,0,0,0,0,0,0,0,0,0,0,0,0,0,0,0,0,0,0,0,0,0,0,0,0,0,0,0,0,0,0,0,0,0,0,0,0,0,0,0,0,0,0,0,0,0,0,0,)
    int_flush_half_full:          2240 (0,0,0,0,0,0,0,0,0,0,0,0,0,0,0,0,0,0,0,0,0,0,0,0,0,0,0,0,0,0,0,0,0,0,0,0,0,0,0,0,0,0,0,0,0,0,0,0,2240,)
    int_rec_fail_to_insert:       0 (0,0,0,0,0,0,0,0,0,0,0,0,0,0,0,0,0,0,0,0,0,0,0,0,0,0,0,0,0,0,0,0,0,0,0,0,0,0,0,0,0,0,0,0,0,0,0,0,0,)
    int_num_get_row:              8.85753e+07 (1957564,1803804,1912284,1794518,1779332,1903948,1913013,1911944,1901443,1905410,1796520,1790452,1784161,1905840,1795709,1892818,1764578,1899000,1912021,1788850,1914806,1905521,1819377,1878840,1927373,1894012,1892530,1881785,1893344,1766124,1889511,1762548,1710222,1795380,1928758,1766095,1927021,1789184,1895034,1892660,1896114,1766587,1767227,1898654,1869029,1895232,1721419,1517710,0,)
    int_locktable_volume:         1.79842e+08 (2087699,4431390,3840405,3607535,4339389,3015567,3884486,3866731,3814952,4605548,3670253,3636766,3623649,3826324,3790638,2951624,4337663,2997475,3877128,4381326,3888981,4613626,3662152,2959674,3040896,3821627,3856971,3968289,3843639,4365901,3800799,4307037,4133469,3662085,3043926,3586700,3033526,3577833,3822266,4003059,3863925,4360950,3557783,3857775,3749329,2958390,4241489,3673066,0,)
    int_aux_bytes:                5.40852e+07 (1200000,1113784,1157648,1100440,1090952,1158816,1154680,1162632,1160984,1158416,1108416,1097608,1096984,1157864,1104688,1160832,1086160,1157648,1158416,1100592,1157184,1158840,1121752,1153288,1177904,1142984,1143680,1140688,1148264,1084560,1150192,1079264,1054712,1104416,1184520,1091048,1185728,1097328,1139504,1145800,1145720,1081248,1093320,1140752,1137816,1145568,1058984,932576,0,)
    int_nonzero:                  0 (0,0,0,0,0,0,0,0,0,0,0,0,0,0,0,0,0,0,0,0,0,0,0,0,0,0,0,0,0,0,0,0,0,0,0,0,0,0,0,0,0,0,0,0,0,0,0,0,0,)
    num_log_entries:              6.76065e+06 (150000,139223,144706,137555,136369,144852,144335,145329,145123,144802,138552,137201,137123,144733,138086,145104,135770,144706,144802,137574,144648,144855,140219,144161,147238,142873,142960,142586,143533,135570,143774,134908,131839,138052,148065,136381,148216,137166,142438,143225,143215,135156,136665,142594,142227,143196,132373,116572,0,)
    time_ts_alloc:                0 -nan -nan% 0 (0,0,0,0,0,0,0,0,0,0,0,0,0,0,0,0,0,0,0,0,0,0,0,0,0,0,0,0,0,0,0,0,0,0,0,0,0,0,0,0,0,0,0,0,0,0,0,0,0,)
    time_man:                     110.129 2.29435 158.741% 16289.7 (2.12719,2.32443,2.27866,2.30455,2.30839,2.24056,2.27806,2.27018,2.25304,2.2683,2.31125,2.29711,2.29225,2.28462,2.29514,2.24949,2.28843,2.2226,2.27099,2.30706,2.26656,2.27092,2.30816,2.26685,2.27778,2.32615,2.30859,2.30717,2.30427,2.34969,2.31499,2.34454,2.35153,2.34959,2.25044,2.32118,2.26642,2.35351,2.31668,2.31008,2.30373,2.34361,2.34552,2.3125,2.26696,2.32424,2.30265,2.29215,0,)
    time_cleanup:                 35.6386 0.742471 51.3698% 5271.48 (0.646978,0.72603,0.723686,0.72564,0.719706,0.725866,0.753781,0.749348,0.715897,0.731573,0.719365,0.720014,0.713258,0.733397,0.726852,0.737124,0.725989,0.713017,0.739278,0.72865,0.732556,0.736407,0.711621,0.755684,0.7518,0.77241,0.775318,0.774325,0.779401,0.762195,0.781274,0.743194,0.75896,0.759527,0.734841,0.738362,0.734399,0.750634,0.770207,0.783854,0.783882,0.735323,0.763578,0.801514,0.754552,0.75459,0.72959,0.733158,0,)
    time_txn:                     0 -nan -nan% 0 (0,0,0,0,0,0,0,0,0,0,0,0,0,0,0,0,0,0,0,0,0,0,0,0,0,0,0,0,0,0,0,0,0,0,0,0,0,0,0,0,0,0,0,0,0,0,0,0,0,)
    time_index:                   3.71258 0.0773454 5.35135% 549.145 (0.131133,0.0742094,0.0797206,0.0794505,0.0736591,0.0841932,0.0843065,0.0808461,0.0831877,0.0772011,0.0765814,0.0745642,0.0739102,0.0778504,0.0767749,0.0830008,0.0732395,0.0892369,0.0791691,0.0785626,0.078251,0.0830978,0.0740163,0.0792224,0.0812339,0.0735047,0.0726995,0.0749697,0.068264,0.0693176,0.0742919,0.073769,0.0625784,0.0688354,0.0768936,0.0695283,0.0783914,0.0703853,0.0705097,0.0737529,0.0736982,0.0735498,0.0689088,0.0791614,0.0763443,0.0738216,0.0896992,0.0730848,0,)
    time_log:                     0.314692 0.00655607 0.453599% 46.5475 (0.00560729,0.00501923,0.00451877,0.00868454,0.00975907,0.00504186,0.0049371,0.0100371,0.00698376,0.00488718,0.00820823,0.00481829,0.00438362,0.00587829,0.00475039,0.00547588,0.0051139,0.00498898,0.00543143,0.0050875,0.00465637,0.00470166,0.0071153,0.0140735,0.00509248,0.00507151,0.0195884,0.00487403,0.00650869,0.00977012,0.00537528,0.00500118,0.00534596,0.00941975,0.0053472,0.00895866,0.00517238,0.00495957,0.00472393,0.00493747,0.0053578,0.00481625,0.0082784,0.0100555,0.00476453,0.0105925,0.00505765,0.00546323,0,)
    time_io:                      1.79141 1.79141 123.943% 264.976 (0,0,0,0,0,0,0,0,0,0,0,0,0,0,0,0,0,0,0,0,0,0,0,0,0,0,0,0,0,0,0,0,0,0,0,0,0,0,0,0,0,0,0,0,0,0,0,0,1.79141,)
    time_wait_io:                 0 -nan -nan% 0 (0,0,0,0,0,0,0,0,0,0,0,0,0,0,0,0,0,0,0,0,0,0,0,0,0,0,0,0,0,0,0,0,0,0,0,0,0,0,0,0,0,0,0,0,0,0,0,0,0,)
    time_phase1_add_graph:        0 -nan -nan% 0 (0,0,0,0,0,0,0,0,0,0,0,0,0,0,0,0,0,0,0,0,0,0,0,0,0,0,0,0,0,0,0,0,0,0,0,0,0,0,0,0,0,0,0,0,0,0,0,0,0,)
    time_recover_txn:             0 -nan -nan% 0 (0,0,0,0,0,0,0,0,0,0,0,0,0,0,0,0,0,0,0,0,0,0,0,0,0,0,0,0,0,0,0,0,0,0,0,0,0,0,0,0,0,0,0,0,0,0,0,0,0,)
    time_lv_overhead:             4.50708 0.0938975 6.49655% 666.664 (0.0565268,0.103907,0.097847,0.103643,0.0979124,0.0846298,0.105306,0.0981259,0.0894581,0.0921531,0.0959609,0.0909505,0.103055,0.0917473,0.0942451,0.0859737,0.0932711,0.0766684,0.0983404,0.0977391,0.0957096,0.0982744,0.0857521,0.076645,0.0780247,0.0996982,0.098009,0.106936,0.0955123,0.097694,0.0990378,0.0806782,0.10364,0.0941483,0.07581,0.0909442,0.0794893,0.10063,0.096387,0.0942804,0.102352,0.0831484,0.104021,0.101024,0.0998604,0.0895506,0.098991,0.123371,0,)
    time_state_malloc:            0 -nan -nan% 0 (0,0,0,0,0,0,0,0,0,0,0,0,0,0,0,0,0,0,0,0,0,0,0,0,0,0,0,0,0,0,0,0,0,0,0,0,0,0,0,0,0,0,0,0,0,0,0,0,0,)
    time_phase1_1:                24.8671 0.518064 35.8436% 3678.2 (0.496171,0.530546,0.507158,0.498707,0.505017,0.49309,0.524282,0.522876,0.511165,0.521577,0.503643,0.498771,0.508833,0.524681,0.519272,0.521216,0.511094,0.490367,0.51637,0.508661,0.520048,0.516693,0.490058,0.503096,0.512702,0.547401,0.537209,0.535518,0.554303,0.528818,0.533749,0.511814,0.532061,0.52751,0.4841,0.511641,0.48234,0.527005,0.542941,0.5531,0.535252,0.516295,0.526963,0.543598,0.519921,0.521063,0.541744,0.496611,0,)
    time_phase1_2:                8.23529 0.171568 11.8704% 1218.12 (0.173634,0.145742,0.161055,0.173064,0.174604,0.174051,0.161199,0.177,0.171288,0.165741,0.16963,0.171821,0.179769,0.167268,0.17265,0.175025,0.166299,0.188765,0.166655,0.165995,0.164026,0.162268,0.172978,0.203967,0.179205,0.161142,0.176487,0.174991,0.15798,0.166561,0.156793,0.161082,0.179295,0.177668,0.186967,0.177034,0.191091,0.163023,0.159967,0.17971,0.170129,0.165725,0.174427,0.162065,0.192743,0.15841,0.163554,0.19474,0,)
    time_phase2:                  20.8313 0.433985 30.0264% 3081.26 (0.542047,0.434369,0.405424,0.42276,0.428841,0.465411,0.42968,0.432436,0.405757,0.388138,0.442281,0.438399,0.427966,0.410315,0.437696,0.456113,0.424222,0.468237,0.407254,0.432743,0.408435,0.394083,0.461846,0.489534,0.486838,0.419232,0.415027,0.432,0.411195,0.414358,0.417825,0.435601,0.419867,0.458158,0.481608,0.451849,0.486229,0.418099,0.411074,0.407787,0.414972,0.415228,0.437012,0.40388,0.440033,0.403087,0.438286,0.458062,0,)
    time_phase3:                  10.7684 0.224341 15.5216% 1592.8 (0.251254,0.233744,0.242571,0.232896,0.232053,0.248982,0.241547,0.241063,0.239922,0.242218,0.231455,0.237537,0.230096,0.240006,0.2321,0.242034,0.233276,0.251622,0.24072,0.229987,0.239799,0.245245,0.238377,0.216135,0.219773,0.212425,0.212403,0.211542,0.213642,0.204022,0.213893,0.20239,0.196578,0.203858,0.223714,0.203927,0.219559,0.204491,0.209538,0.209328,0.21184,0.203105,0.200969,0.209835,0.211718,0.212615,0.198706,0.24384,0,)
    time_phase1_1_raw:            51.0933 1.06444 73.6464% 7557.46 (0.903272,1.09341,1.10072,1.11241,1.09235,1.02341,1.04699,1.0362,1.08605,1.08617,1.0782,1.08743,1.08911,1.07234,1.06303,1.01978,1.07359,1.01795,1.06715,1.0866,1.06686,1.09534,1.0824,0.99206,1.00536,1.08942,1.07603,1.04502,1.06129,1.11063,1.08492,1.10507,1.08317,1.06198,1.01883,1.05655,1.02225,1.12034,1.06976,1.04524,1.0567,1.11418,1.07493,1.05895,1.03136,1.11837,1.05262,1.05753,0,)
    time_phase1_2_raw:            0.894513 0.0186357 1.28936% 132.312 (0.0192885,0.0177051,0.0188293,0.0177886,0.017583,0.0188878,0.0188111,0.0188923,0.0187344,0.0188575,0.0178317,0.0179012,0.0176793,0.018691,0.0178363,0.0190543,0.0174545,0.0189429,0.0186413,0.0176669,0.0187126,0.0187235,0.0178851,0.0191892,0.019563,0.0191599,0.0192858,0.0190705,0.0193191,0.018244,0.0194743,0.0181251,0.0175738,0.0183111,0.0195965,0.018013,0.0196581,0.0182824,0.0192187,0.0192039,0.0193335,0.0180498,0.0181615,0.0194854,0.0191903,0.0191864,0.0176108,0.0198084,0,)
    time_phase2_raw:              0.455244 0.00948424 0.656192% 67.3372 (0.00943749,0.00910219,0.00970322,0.00902452,0.00900827,0.00950353,0.00970406,0.00967811,0.00958085,0.00983878,0.00896587,0.00914795,0.00891523,0.0096527,0.00899311,0.00920635,0.00894004,0.00940246,0.00963093,0.00907783,0.00965426,0.00979138,0.00884339,0.00945602,0.00980178,0.00992708,0.00992762,0.00977481,0.00990386,0.00949075,0.0097788,0.00936044,0.0090716,0.00922741,0.00977787,0.00913473,0.00969483,0.00927029,0.00988591,0.00987298,0.0100426,0.00944766,0.00914371,0.0100783,0.00967464,0.00970318,0.00908332,0.00991091,0,)
    time_phase3_raw:              0 -nan -nan% 0 (0,0,0,0,0,0,0,0,0,0,0,0,0,0,0,0,0,0,0,0,0,0,0,0,0,0,0,0,0,0,0,0,0,0,0,0,0,0,0,0,0,0,0,0,0,0,0,0,0,)
    time_recover_full:            0 -nan -nan% 0 (0,0,0,0,0,0,0,0,0,0,0,0,0,0,0,0,0,0,0,0,0,0,0,0,0,0,0,0,0,0,0,0,0,0,0,0,0,0,0,0,0,0,0,0,0,0,0,0,0,)
    time_recover1:                0 -nan -nan% 0 (0,0,0,0,0,0,0,0,0,0,0,0,0,0,0,0,0,0,0,0,0,0,0,0,0,0,0,0,0,0,0,0,0,0,0,0,0,0,0,0,0,0,0,0,0,0,0,0,0,)
    time_recover2:                0 -nan -nan% 0 (0,0,0,0,0,0,0,0,0,0,0,0,0,0,0,0,0,0,0,0,0,0,0,0,0,0,0,0,0,0,0,0,0,0,0,0,0,0,0,0,0,0,0,0,0,0,0,0,0,)
    time_recover3:                0 -nan -nan% 0 (0,0,0,0,0,0,0,0,0,0,0,0,0,0,0,0,0,0,0,0,0,0,0,0,0,0,0,0,0,0,0,0,0,0,0,0,0,0,0,0,0,0,0,0,0,0,0,0,0,)
    time_recover4:                0 -nan -nan% 0 (0,0,0,0,0,0,0,0,0,0,0,0,0,0,0,0,0,0,0,0,0,0,0,0,0,0,0,0,0,0,0,0,0,0,0,0,0,0,0,0,0,0,0,0,0,0,0,0,0,)
    time_recover5:                0 -nan -nan% 0 (0,0,0,0,0,0,0,0,0,0,0,0,0,0,0,0,0,0,0,0,0,0,0,0,0,0,0,0,0,0,0,0,0,0,0,0,0,0,0,0,0,0,0,0,0,0,0,0,0,)
    time_recover6:                0 -nan -nan% 0 (0,0,0,0,0,0,0,0,0,0,0,0,0,0,0,0,0,0,0,0,0,0,0,0,0,0,0,0,0,0,0,0,0,0,0,0,0,0,0,0,0,0,0,0,0,0,0,0,0,)
    time_recover7:                0 -nan -nan% 0 (0,0,0,0,0,0,0,0,0,0,0,0,0,0,0,0,0,0,0,0,0,0,0,0,0,0,0,0,0,0,0,0,0,0,0,0,0,0,0,0,0,0,0,0,0,0,0,0,0,)
    time_recover8:                0 -nan -nan% 0 (0,0,0,0,0,0,0,0,0,0,0,0,0,0,0,0,0,0,0,0,0,0,0,0,0,0,0,0,0,0,0,0,0,0,0,0,0,0,0,0,0,0,0,0,0,0,0,0,0,)
    time_debug_get_next:          0 -nan -nan% 0 (0,0,0,0,0,0,0,0,0,0,0,0,0,0,0,0,0,0,0,0,0,0,0,0,0,0,0,0,0,0,0,0,0,0,0,0,0,0,0,0,0,0,0,0,0,0,0,0,0,)
    time_debug0:                  18.7921 0.391502 27.0871% 2779.63 (0.425764,0.395007,0.374414,0.39587,0.386606,0.386379,0.377402,0.377669,0.388247,0.379119,0.397875,0.39795,0.397151,0.383555,0.394821,0.414047,0.392085,0.39464,0.370816,0.396356,0.377296,0.378573,0.396048,0.396962,0.400765,0.384582,0.387418,0.388726,0.389536,0.394706,0.385277,0.391435,0.395137,0.412207,0.401047,0.407486,0.394488,0.399747,0.391271,0.382716,0.382497,0.387592,0.403006,0.380776,0.394693,0.383859,0.403698,0.374762,0,)
    time_debug1:                  41.4479 0.863498 59.7434% 6130.76 (0.832125,0.897724,0.91936,0.862897,0.898028,0.879806,0.872861,0.875491,0.879658,0.873396,0.8561,0.877013,0.846939,0.889893,0.856283,0.805222,0.90127,0.829803,0.853929,0.874128,0.839613,0.827562,0.832548,0.854282,0.841536,0.880118,0.850411,0.885055,0.84758,0.858192,0.834276,0.893132,0.920458,0.846635,0.827795,0.842411,0.869843,0.937252,0.889164,0.825079,0.892259,0.880638,0.846359,0.843882,0.860776,0.923978,0.82969,0.785476,0,)
    time_debug2:                  3.71197 0.0773327 5.35047% 549.055 (0.0504655,0.0845478,0.0814795,0.086656,0.0880496,0.0637075,0.0729972,0.0749423,0.0706593,0.0853628,0.0779654,0.0755757,0.0861034,0.0719691,0.0760869,0.0596981,0.0856051,0.0582137,0.0728652,0.0864511,0.0717915,0.0905095,0.0747632,0.0571385,0.0644062,0.0685826,0.0727071,0.0787048,0.0700579,0.0914863,0.0754329,0.0850013,0.101136,0.0817643,0.0623844,0.0836288,0.0681325,0.0767953,0.073134,0.0754695,0.073021,0.0872876,0.0907668,0.0713626,0.0844768,0.0632448,0.105754,0.103626,0,)
    time_debug3:                  3.40794 0.0709989 4.91224% 504.085 (0.00504882,0.0731655,0.0318673,0.0914047,0.0636486,0.0451162,0.0455028,0.039161,0.0621503,0.068212,0.111979,0.0730835,0.101574,0.0614059,0.0879867,0.0800802,0.052132,0.069829,0.0706306,0.091514,0.0781486,0.0903737,0.124442,0.0624271,0.0512043,0.0636474,0.0802917,0.0375203,0.0792325,0.105623,0.0993508,0.0868085,0.0427479,0.0986763,0.0709814,0.103183,0.0462952,0.043424,0.041161,0.0932437,0.0272151,0.104168,0.0927859,0.0679843,0.032764,0.0393395,0.090328,0.129086,0,)
    time_debug4:                  25.6984 0.535384 37.042% 3801.18 (0.511354,0.553048,0.530781,0.549741,0.564073,0.543143,0.542137,0.551248,0.546573,0.524776,0.542858,0.55566,0.523743,0.526549,0.543517,0.515554,0.564273,0.524052,0.53566,0.546853,0.535458,0.508187,0.517434,0.515275,0.522474,0.541152,0.529604,0.542906,0.532152,0.533265,0.516112,0.559228,0.560472,0.538489,0.533661,0.524806,0.542325,0.587173,0.533956,0.508589,0.547384,0.53328,0.527287,0.537426,0.520567,0.565558,0.510878,0.477734,0,)
    time_debug5:                  0.253576 0.00528284 0.365507% 37.5077 (0.00538743,0.0050025,0.00518149,0.00505233,0.00510054,0.00533092,0.00526522,0.00532221,0.00541725,0.00528175,0.00508989,0.00503593,0.00525043,0.00522721,0.00527681,0.00522308,0.00527607,0.00541045,0.00558589,0.0050767,0.00555626,0.0052145,0.00518097,0.00570738,0.00546841,0.00529866,0.00533615,0.00539637,0.00544346,0.0051512,0.00538773,0.00513679,0.00489555,0.00510387,0.00551136,0.00514882,0.00571827,0.00503352,0.00525205,0.00555253,0.00544552,0.00521846,0.00525732,0.00559573,0.00521941,0.00538573,0.00503019,0.00513594,0,)
    time_debug6:                  0 -nan -nan% 0 (0,0,0,0,0,0,0,0,0,0,0,0,0,0,0,0,0,0,0,0,0,0,0,0,0,0,0,0,0,0,0,0,0,0,0,0,0,0,0,0,0,0,0,0,0,0,0,0,0,)
    time_debug7:                  15.8081 0.329335 22.7859% 2338.25 (0.465546,0.304039,0.323925,0.332342,0.304545,0.391443,0.33429,0.343253,0.337685,0.279362,0.317431,0.325595,0.301785,0.318428,0.317787,0.394851,0.298136,0.380034,0.327825,0.296767,0.334009,0.269051,0.320157,0.364868,0.361899,0.337051,0.318125,0.333163,0.316855,0.283347,0.308418,0.306571,0.297762,0.314997,0.38943,0.312452,0.401521,0.362542,0.328764,0.296624,0.340165,0.289394,0.311017,0.318728,0.3178,0.435749,0.278402,0.264126,0,)
    time_debug8:                  5.01681 0.104517 7.23128% 742.061 (0.0691943,0.0984307,0.10867,0.0906216,0.0903805,0.0983549,0.111518,0.110351,0.102387,0.106525,0.0905562,0.0938764,0.0886426,0.107611,0.0917618,0.105335,0.0942975,0.0970794,0.112512,0.0925638,0.11474,0.105925,0.0822762,0.0922032,0.103577,0.127066,0.124856,0.11438,0.136374,0.107664,0.122707,0.104388,0.107387,0.104692,0.0933972,0.101285,0.0917937,0.109444,0.127006,0.12629,0.123096,0.104375,0.104788,0.123693,0.107727,0.11671,0.0970686,0.081236,0,)
    time_debug9:                  8.09269 0.168598 11.6649% 1197.03 (0.155864,0.175833,0.1547,0.176898,0.168413,0.156612,0.167032,0.159748,0.162161,0.159288,0.175823,0.170329,0.17987,0.165875,0.177973,0.172327,0.173507,0.154864,0.159372,0.176392,0.157893,0.16227,0.176249,0.17102,0.165847,0.170513,0.164816,0.176643,0.167511,0.178047,0.170515,0.166523,0.175473,0.180793,0.15951,0.168935,0.156951,0.173656,0.16547,0.163799,0.164972,0.165937,0.184802,0.171966,0.169071,0.161079,0.176519,0.18302,0,)
    time_debug10:                 0 -nan -nan% 0 (0,0,0,0,0,0,0,0,0,0,0,0,0,0,0,0,0,0,0,0,0,0,0,0,0,0,0,0,0,0,0,0,0,0,0,0,0,0,0,0,0,0,0,0,0,0,0,0,0,)
    time_debug11:                 23.7871 0.495565 34.287% 3518.47 (0.547147,0.4856,0.489805,0.486667,0.481892,0.495934,0.501619,0.499994,0.485873,0.493177,0.497784,0.484089,0.475199,0.49925,0.480626,0.494441,0.48756,0.477107,0.503342,0.495381,0.485419,0.50591,0.471199,0.501903,0.492886,0.482317,0.500197,0.51568,0.498049,0.491842,0.501257,0.491395,0.504136,0.48254,0.492781,0.5175,0.500003,0.481238,0.499452,0.502977,0.511412,0.499645,0.499861,0.508727,0.507902,0.497589,0.532192,0.448614,0,)
    time_debug12:                 128.384 2.67468 185.055% 18990 (2.62375,2.68714,2.68438,2.69055,2.69252,2.67723,2.67077,2.67418,2.66741,2.67017,2.67393,2.69315,2.68947,2.67121,2.68471,2.67488,2.66682,2.69168,2.65974,2.67985,2.66499,2.66971,2.70159,2.6763,2.68278,2.69314,2.66747,2.6625,2.65941,2.68096,2.67539,2.681,2.66738,2.69068,2.67272,2.6493,2.67792,2.68959,2.6603,2.66846,2.66119,2.67555,2.6713,2.65182,2.6679,2.67197,2.64538,2.72425,0,)
    time_debug13:                 0 -nan -nan% 0 (0,0,0,0,0,0,0,0,0,0,0,0,0,0,0,0,0,0,0,0,0,0,0,0,0,0,0,0,0,0,0,0,0,0,0,0,0,0,0,0,0,0,0,0,0,0,0,0,0,)
    time_debug14:                 0 -nan -nan% 0 (0,0,0,0,0,0,0,0,0,0,0,0,0,0,0,0,0,0,0,0,0,0,0,0,0,0,0,0,0,0,0,0,0,0,0,0,0,0,0,0,0,0,0,0,0,0,0,0,0,)
    time_debug15:                 0 -nan -nan% 0 (0,0,0,0,0,0,0,0,0,0,0,0,0,0,0,0,0,0,0,0,0,0,0,0,0,0,0,0,0,0,0,0,0,0,0,0,0,0,0,0,0,0,0,0,0,0,0,0,0,)
    time_rec_loop_tryRead:        0 -nan -nan% 0 (0,0,0,0,0,0,0,0,0,0,0,0,0,0,0,0,0,0,0,0,0,0,0,0,0,0,0,0,0,0,0,0,0,0,0,0,0,0,0,0,0,0,0,0,0,0,0,0,0,)
    time_rec_finding_empty_slot:  0 -nan -nan% 0 (0,0,0,0,0,0,0,0,0,0,0,0,0,0,0,0,0,0,0,0,0,0,0,0,0,0,0,0,0,0,0,0,0,0,0,0,0,0,0,0,0,0,0,0,0,0,0,0,0,)
    time_silo_validate1:          0 -nan -nan% 0 (0,0,0,0,0,0,0,0,0,0,0,0,0,0,0,0,0,0,0,0,0,0,0,0,0,0,0,0,0,0,0,0,0,0,0,0,0,0,0,0,0,0,0,0,0,0,0,0,0,)
    time_silo_validate2:          0 -nan -nan% 0 (0,0,0,0,0,0,0,0,0,0,0,0,0,0,0,0,0,0,0,0,0,0,0,0,0,0,0,0,0,0,0,0,0,0,0,0,0,0,0,0,0,0,0,0,0,0,0,0,0,)
    time_silo_validate3:          0 -nan -nan% 0 (0,0,0,0,0,0,0,0,0,0,0,0,0,0,0,0,0,0,0,0,0,0,0,0,0,0,0,0,0,0,0,0,0,0,0,0,0,0,0,0,0,0,0,0,0,0,0,0,0,)
    time_silo_validate4:          0 -nan -nan% 0 (0,0,0,0,0,0,0,0,0,0,0,0,0,0,0,0,0,0,0,0,0,0,0,0,0,0,0,0,0,0,0,0,0,0,0,0,0,0,0,0,0,0,0,0,0,0,0,0,0,)
    time_silo_validate5:          0 -nan -nan% 0 (0,0,0,0,0,0,0,0,0,0,0,0,0,0,0,0,0,0,0,0,0,0,0,0,0,0,0,0,0,0,0,0,0,0,0,0,0,0,0,0,0,0,0,0,0,0,0,0,0,)
    time_silo_validate6:          0 -nan -nan% 0 (0,0,0,0,0,0,0,0,0,0,0,0,0,0,0,0,0,0,0,0,0,0,0,0,0,0,0,0,0,0,0,0,0,0,0,0,0,0,0,0,0,0,0,0,0,0,0,0,0,)
    time_silo_validate7:          0 -nan -nan% 0 (0,0,0,0,0,0,0,0,0,0,0,0,0,0,0,0,0,0,0,0,0,0,0,0,0,0,0,0,0,0,0,0,0,0,0,0,0,0,0,0,0,0,0,0,0,0,0,0,0,)
    time_silo_validate8:          0 -nan -nan% 0 (0,0,0,0,0,0,0,0,0,0,0,0,0,0,0,0,0,0,0,0,0,0,0,0,0,0,0,0,0,0,0,0,0,0,0,0,0,0,0,0,0,0,0,0,0,0,0,0,0,)
    time_silo_validate9:          0 -nan -nan% 0 (0,0,0,0,0,0,0,0,0,0,0,0,0,0,0,0,0,0,0,0,0,0,0,0,0,0,0,0,0,0,0,0,0,0,0,0,0,0,0,0,0,0,0,0,0,0,0,0,0,)
    time_locktable_get:           69.1141 1.43988 99.6217% 10223 (1.35049,1.4851,1.44465,1.47147,1.47067,1.41229,1.40612,1.40473,1.4377,1.44316,1.47851,1.45838,1.46841,1.44387,1.45151,1.39571,1.46513,1.38969,1.40567,1.48314,1.40456,1.4239,1.46272,1.40834,1.39642,1.43521,1.42891,1.42774,1.4247,1.48525,1.43218,1.4917,1.49368,1.47497,1.40086,1.47202,1.41757,1.49292,1.43298,1.41462,1.41343,1.49497,1.46815,1.40236,1.41044,1.44844,1.46407,1.42457,0,)
    time_locktable_get_validation:0 -nan -nan% 0 (0,0,0,0,0,0,0,0,0,0,0,0,0,0,0,0,0,0,0,0,0,0,0,0,0,0,0,0,0,0,0,0,0,0,0,0,0,0,0,0,0,0,0,0,0,0,0,0,0,)
    time_locktable_release:       15.2572 0.317857 21.9918% 2256.76 (0.268851,0.317673,0.308922,0.309656,0.300103,0.300672,0.324922,0.315977,0.310367,0.311373,0.308168,0.306352,0.30944,0.319201,0.311601,0.32336,0.30906,0.297358,0.318767,0.310217,0.318844,0.313927,0.299959,0.308074,0.315438,0.344864,0.337091,0.336811,0.352005,0.328564,0.341742,0.313869,0.324678,0.328218,0.299224,0.313501,0.294855,0.326592,0.341301,0.337552,0.335358,0.313407,0.331527,0.343624,0.322219,0.324608,0.314921,0.312347,0,)
    time_get_row_before:          3.90311 0.0813147 5.62597% 577.327 (0.100378,0.0865366,0.0820132,0.0813128,0.0877418,0.0748983,0.0846687,0.0885327,0.071787,0.0647225,0.0868617,0.0905535,0.0841279,0.0721637,0.0901612,0.0894942,0.0685995,0.0884962,0.0871872,0.0689797,0.0848425,0.0828326,0.0881331,0.0730697,0.0986423,0.0879188,0.0758065,0.0710259,0.0723477,0.0744228,0.0724241,0.0832948,0.0726996,0.0816505,0.0853182,0.084031,0.0810318,0.0810498,0.0750714,0.0831335,0.0763858,0.0808526,0.0869806,0.0780063,0.0732702,0.0804029,0.0805404,0.088704,0,)
    time_get_row_after:           8.28758 0.172658 11.9458% 1225.86 (0.181652,0.168066,0.17581,0.166963,0.166145,0.175638,0.174609,0.174663,0.174043,0.174398,0.163945,0.167691,0.16677,0.173888,0.165724,0.17609,0.165075,0.176244,0.176926,0.1648,0.17565,0.17368,0.172049,0.178807,0.18083,0.175006,0.176846,0.173713,0.177183,0.166655,0.180821,0.165221,0.161322,0.166584,0.181117,0.168887,0.185197,0.16733,0.173258,0.173294,0.177473,0.166188,0.16669,0.173749,0.177428,0.181466,0.169818,0.172179,0,)
    time_log_create:              0.192917 0.0040191 0.278072% 28.5353 (0.0038633,0.00349722,0.00361029,0.00437252,0.004001,0.00364511,0.00400038,0.00362213,0.00363753,0.00461837,0.00466619,0.00473561,0.00346707,0.00360218,0.00359099,0.003707,0.00342893,0.00391472,0.0037905,0.00360706,0.00361574,0.00411164,0.003572,0.00387888,0.00461471,0.00480999,0.00371344,0.00366614,0.00440338,0.00416235,0.00461937,0.00402948,0.00343475,0.00356991,0.00430373,0.00352091,0.00517507,0.00355492,0.0037141,0.00608473,0.00374362,0.0042983,0.00363041,0.00424419,0.00366942,0.00374394,0.00462375,0.00503,0,)
    time_log_serialLogTxn:        17.9869 0.374727 25.9265% 2660.53 (0.328926,0.361215,0.367441,0.365336,0.367704,0.377094,0.380334,0.379705,0.355247,0.371316,0.36067,0.366481,0.358391,0.36556,0.368812,0.365117,0.37044,0.367565,0.371356,0.372162,0.365727,0.37444,0.363053,0.389339,0.385997,0.37714,0.374435,0.38773,0.375723,0.381425,0.388879,0.381783,0.387392,0.379329,0.385255,0.37399,0.388223,0.376312,0.380134,0.394582,0.398811,0.374778,0.380774,0.402578,0.383921,0.375116,0.366367,0.372808,0,)
    time_cleanup_1:               0.0679259 0.00141512 0.0979091% 10.0472 (0.00145613,0.00136227,0.00144088,0.00134469,0.00133702,0.00143267,0.00143355,0.00144158,0.00143809,0.00143037,0.00135361,0.00135234,0.00134133,0.00142398,0.00135155,0.00144191,0.00132375,0.00143234,0.0014426,0.00134639,0.00143474,0.00143297,0.00137082,0.00147008,0.00152277,0.00150891,0.00146709,0.00146037,0.00148637,0.00137913,0.00149588,0.00136645,0.0013281,0.00140493,0.00152079,0.00138205,0.00150188,0.00139029,0.00146559,0.00146479,0.001469,0.00136642,0.00138345,0.00147312,0.0014446,0.00146324,0.00133546,0.00120957,0,)
    time_cleanup_2:               0.432909 0.00901894 0.623999% 64.0336 (0.00919845,0.00860339,0.00894723,0.00862382,0.0085848,0.00909263,0.00903832,0.00906759,0.00921044,0.0090425,0.00867299,0.00859307,0.0087847,0.0090005,0.00883993,0.00896601,0.00877994,0.00914769,0.00936744,0.0086119,0.00929098,0.00893625,0.00873529,0.00962825,0.00937876,0.00914545,0.00921217,0.00922634,0.00929617,0.00886834,0.00926342,0.00874846,0.00842982,0.00875142,0.00934418,0.00874929,0.00960847,0.0086614,0.00907252,0.00940729,0.00930198,0.00879393,0.00882646,0.00946082,0.00901645,0.00918837,0.00861194,0.00978141,0,)
    time_insideSLT1:              8.89352 0.185282 12.8192% 1315.48 (0.140348,0.175197,0.180271,0.178886,0.18223,0.189723,0.192463,0.191833,0.167535,0.183907,0.173308,0.180117,0.170526,0.177928,0.182002,0.177643,0.18407,0.181122,0.183015,0.185846,0.17738,0.188944,0.176292,0.198231,0.195045,0.186942,0.183975,0.197435,0.185585,0.192644,0.196998,0.193856,0.200203,0.190113,0.194149,0.182918,0.198458,0.188435,0.190425,0.197006,0.199854,0.185701,0.178506,0.196406,0.19376,0.185641,0.177192,0.183456,0,)
    time_insideSLT2:              9.39534 0.195736 13.5425% 1389.71 (0.150338,0.184429,0.189813,0.18806,0.191434,0.199656,0.202209,0.201625,0.177205,0.193616,0.182678,0.189476,0.180171,0.18762,0.191211,0.187604,0.19319,0.190761,0.192798,0.195034,0.186992,0.198536,0.185813,0.210039,0.206997,0.198569,0.19571,0.208811,0.197383,0.203516,0.208853,0.204814,0.210965,0.201203,0.206257,0.194744,0.210554,0.199862,0.20183,0.208523,0.211447,0.196465,0.189563,0.208098,0.205251,0.197183,0.18815,0.190279,0,)
    time_STLother:                0.0707527 0.00147401 0.101984% 10.4654 (0.00148953,0.00142572,0.00144142,0.00137431,0.0013816,0.00146984,0.00144211,0.00149555,0.00143492,0.00144866,0.00136618,0.00136496,0.00320087,0.00145869,0.00137815,0.00147556,0.00136589,0.00150423,0.00146501,0.0013627,0.00143442,0.00144121,0.00140668,0.00149474,0.00154957,0.00147556,0.00149195,0.00149334,0.00148959,0.00145365,0.0015007,0.00137764,0.00136539,0.00146781,0.00153005,0.00140635,0.00154521,0.00141878,0.00142188,0.00149122,0.00144261,0.00140371,0.00135275,0.00142794,0.00142209,0.00144951,0.00139078,0.00126165,0,)
    time_logging_thread:          3.22422 3.22422 223.076% 476.909 (0,0,0,0,0,0,0,0,0,0,0,0,0,0,0,0,0,0,0,0,0,0,0,0,0,0,0,0,0,0,0,0,0,0,0,0,0,0,0,0,0,0,0,0,0,0,0,0,3.22422,)
    int_serialLogFail:            129133 (2703,2687,2695,2697,2680,2682,2707,2705,2706,2698,2707,2686,2673,2702,2707,2695,2700,2628,2706,2691,2718,2669,2697,2697,2702,2690,2699,2706,2694,2690,2716,2679,2676,2696,2697,2694,2680,2675,2685,2696,2710,2694,2689,2696,2696,2680,2690,2567,0,)
Projected Disk Bandwidth Utilized - avg 1.33889e+09 real 1.33889e+09
Total time measured 571.608
Total wall time observed 573.005
Estimated CPU_FREQ is 2.19464
