NUM_CORES_PER_SLOT=24
NUMA_NODE_NUM=2
HYPER_THREADING_FACTOR=2
Using SIMD
MM_MAX=_mm512_max_epu32
SIMD_PREFIX=__m512i
MAX_LOGGER_NUM_SIMD=16
Running in big-hash-table mode.

Using 1 disks.
g_flush_blocksize=1048576, g_log_buffer_size=524288000
Init parallelism 96
Stats initialized
Global manager initialized
reading schema file: ./benchmarks/TPCC_full_schema.txt
0 0x7f1992ed1040 50000000 1
0 0x56091eb83f80 500 1
0 0x56091eb86f40 5000 1
0 0x7f197d77e040 15000000 1
0 0x7f196802b040 15000000 1
0 0x7f19207c2040 50000000 1
TPCC schema initialized
TPCC Data Initialization Complete!
workload initialized!
Init time 655.175
Queue Buffer Length7281777
Log Read Size: 419430400
Log buffer size 524288000
log file:		/mnt/pmem0/logs/TC_log0_1_TPCC_0.500000.data
/mnt/pmem0/logs/TC_log0_1_TPCC_0.500000.data
Start Initializing Locktable, size 16777216
ltiSize=64
Locktable Initialized, size 16777216, schema table size 15728640
mem_allocator initialized!
Query Queue Init Time 12.547341
query_queue initialized!
Setting logger 0 to CPU node 0
PSN Flush Frequency: 1000
sim_done = 1
sim_done = 14
sim_done = 20
sim_done = 24
sim_done = 30
sim_done = 33
sim_done = 10
sim_done = 39
sim_done = 42
sim_done = 44
sim_done = 47
sim_done = 6
sim_done = 26
sim_done = 8
sim_done = 31
sim_done = 9
sim_done = 35
sim_done = 4
sim_done = 2
sim_done = 16
sim_done = 41
sim_done = 20
sim_done = 47
sim_done = 17
sim_done = 23
sim_done = 27
sim_done = 30
sim_done = 34
sim_done = 12
sim_done = 23
sim_done = 40
sim_done = 4
sim_done = 43
sim_done = 5
sim_done = 13
sim_done = 18
sim_done = 32
sim_done = 36
sim_done = 37
sim_done = 15
sim_done = 12
sim_done = 38
sim_done = 21
sim_done = 25
sim_done = 45
sim_done = 48
sim_done = 7
sim_done = 30
Destructor 0. flush size=233261568 (2238709760 to 2471971328)
PASS! SimTime = 6.25268e+09
=Worker Thread=
    Throughput:                   1.11494e+06
    MaxThr:                       1.11494e+06
    PerThdThr:                    1.14868e+06
    run_time:                     291.17 (6.06854,6.06405,6.06925,6.06961,6.06528,6.06611,6.06484,6.0645,6.05889,6.06551,6.06232,6.06816,6.06453,6.06587,6.06778,6.06804,6.06237,6.06641,6.06105,6.06233,6.06502,6.0702,6.06338,6.06997,6.0671,6.07045,6.0685,6.06643,6.07018,6.06597,6.06677,6.06695,6.06218,6.06868,6.06481,6.06858,6.06907,6.06702,6.06038,6.06436,6.06572,6.06324,6.067,6.06326,6.06548,6.06934,6.06669,6.06748,0,)
    log_bytes:                    2.47197 (0,0,0,0,0,0,0,0,0,0,0,0,0,0,0,0,0,0,0,0,0,0,0,0,0,0,0,0,0,0,0,0,0,0,0,0,0,0,0,0,0,0,0,0,0,0,0,0,2.47197,)
    log_dep_size:                 0 (0,0,0,0,0,0,0,0,0,0,0,0,0,0,0,0,0,0,0,0,0,0,0,0,0,0,0,0,0,0,0,0,0,0,0,0,0,0,0,0,0,0,0,0,0,0,0,0,0,)
    log_total_size:               1.31599 (0.0271491,0.0278704,0.0267407,0.0264598,0.0264368,0.0278519,0.0270425,0.0277109,0.0276661,0.0276811,0.0268157,0.0276462,0.0273032,0.0264993,0.0267821,0.0271779,0.0266507,0.0258555,0.0278469,0.0278568,0.0276809,0.0278671,0.0278761,0.0282447,0.0282493,0.0282639,0.0282703,0.0279059,0.0268514,0.0282507,0.0272689,0.026875,0.0278651,0.0278715,0.0278568,0.0279045,0.0268587,0.0282577,0.0268515,0.0282504,0.0279028,0.027513,0.0268635,0.0282435,0.0270552,0.0282513,0.0267574,0.0250391,0,)
    latency:                      1.02859e+06 (21977.6,21997.2,20405,20500.6,20386.7,21716.8,21090.1,21891.2,21850.8,21974.9,20814.3,21867.4,21076.3,20414.3,20626.4,21254,20619.3,19988,21706.5,21651.1,21848,21834.7,21930.9,22133.2,22232.5,22338.8,22341.8,22146,20828,22272.9,21018.6,20823.8,21742.3,21837,21867.7,21975.7,20914.3,22360.6,20933.7,22304.4,21834,21579.8,20850.1,22308.3,20878.3,22312.1,20724.6,18606.7,0,)

    num_commits:                  6.96793e+06 (143558,147642,141395,140079,139571,147261,143081,147228,146348,146602,142259,145975,144676,139800,141513,143443,141342,137164,147166,147359,146562,147574,147829,149474,149615,149915,150000,148048,142202,149629,144394,142681,147324,147406,147026,148036,142236,149744,142084,149685,147991,146050,142412,149547,143383,149610,141558,132451,0,)
    num_async_commits:            6.30783e+06 (129403,133855,128480,126896,127545,133201,129523,133099,132169,132576,128782,131748,131190,127382,128048,129706,128133,124488,133137,133430,132440,133514,133773,135257,135222,135549,135764,134069,128480,135289,131137,129049,133264,133364,132842,133958,128578,135437,128247,135407,133970,132440,128715,135058,130153,135199,128256,120611,0,)
    num_aborts:                   77537 (27,1758,1353,2419,2368,1988,1616,1762,649,1744,1172,659,1249,1356,2438,1687,1198,2275,2038,1712,654,1801,1724,1827,1825,785,2197,1678,1238,1889,2680,2643,1799,1283,1304,1629,1228,866,1054,2146,1640,1630,1571,1775,2536,949,2648,1070,0,)
    num_aborts_logging:           0 (0,0,0,0,0,0,0,0,0,0,0,0,0,0,0,0,0,0,0,0,0,0,0,0,0,0,0,0,0,0,0,0,0,0,0,0,0,0,0,0,0,0,0,0,0,0,0,0,0,)
    num_log_records:              6.96793e+06 (143558,147642,141395,140079,139571,147261,143081,147228,146348,146602,142259,145975,144676,139800,141513,143443,141342,137164,147166,147359,146562,147574,147829,149474,149615,149915,150000,148048,142202,149629,144394,142681,147324,147406,147026,148036,142236,149744,142084,149685,147991,146050,142412,149547,143383,149610,141558,132451,0,)
    log_data:                     0 (0,0,0,0,0,0,0,0,0,0,0,0,0,0,0,0,0,0,0,0,0,0,0,0,0,0,0,0,0,0,0,0,0,0,0,0,0,0,0,0,0,0,0,0,0,0,0,0,0,)
    num_latency_count:            6.30783e+06 (129403,133855,128480,126896,127545,133201,129523,133099,132169,132576,128782,131748,131190,127382,128048,129706,128133,124488,133137,133430,132440,133514,133773,135257,135222,135549,135764,134069,128480,135289,131137,129049,133264,133364,132842,133958,128578,135437,128247,135407,133970,132440,128715,135058,130153,135199,128256,120611,0,)
    num_raw_edges:                0 (0,0,0,0,0,0,0,0,0,0,0,0,0,0,0,0,0,0,0,0,0,0,0,0,0,0,0,0,0,0,0,0,0,0,0,0,0,0,0,0,0,0,0,0,0,0,0,0,0,)
    num_waw_edges:                0 (0,0,0,0,0,0,0,0,0,0,0,0,0,0,0,0,0,0,0,0,0,0,0,0,0,0,0,0,0,0,0,0,0,0,0,0,0,0,0,0,0,0,0,0,0,0,0,0,0,)
    num_war_edges:                0 (0,0,0,0,0,0,0,0,0,0,0,0,0,0,0,0,0,0,0,0,0,0,0,0,0,0,0,0,0,0,0,0,0,0,0,0,0,0,0,0,0,0,0,0,0,0,0,0,0,)
    int_num_log:                  6.96793e+06 (143558,147642,141395,140079,139571,147261,143081,147228,146348,146602,142259,145975,144676,139800,141513,143443,141342,137164,147166,147359,146562,147574,147829,149474,149615,149915,150000,148048,142202,149629,144394,142681,147324,147406,147026,148036,142236,149744,142084,149685,147991,146050,142412,149547,143383,149610,141558,132451,0,)
    int_debug_get_next:           0 (0,0,0,0,0,0,0,0,0,0,0,0,0,0,0,0,0,0,0,0,0,0,0,0,0,0,0,0,0,0,0,0,0,0,0,0,0,0,0,0,0,0,0,0,0,0,0,0,0,)
    int_debug1:                   0 (0,0,0,0,0,0,0,0,0,0,0,0,0,0,0,0,0,0,0,0,0,0,0,0,0,0,0,0,0,0,0,0,0,0,0,0,0,0,0,0,0,0,0,0,0,0,0,0,0,)
    int_debug2:                   2.46778e+09 (0,0,0,0,0,0,0,0,0,0,0,0,0,0,0,0,0,0,0,0,0,0,0,0,0,0,0,0,0,0,0,0,0,0,0,0,0,0,0,0,0,0,0,0,0,0,0,0,2467777024,)
    int_debug3:                   2136 (0,0,0,0,0,0,0,0,0,0,0,0,0,0,0,0,0,0,0,0,0,0,0,0,0,0,0,0,0,0,0,0,0,0,0,0,0,0,0,0,0,0,0,0,0,0,0,0,2136,)
    int_debug4:                   9.27764e+07 (1388902,1805143,2237635,2199685,2578499,2048979,1742245,1977997,1512952,1771488,1583125,1383559,1625314,1704788,2181664,1973286,1646296,2147890,1787098,1874194,1281557,2170216,1832426,2130271,2066337,1772507,2036317,2307457,2027674,2215182,2324692,2389332,2115204,2096808,1942141,1974693,2083935,1644151,1810072,2254226,1962068,1741005,1838732,1915138,2098838,1731752,2383119,1459806,0,)
    int_debug5:                   4.89128e+07 (1005514,1035968,993459,985364,984772,1036436,1005090,1030025,1026098,1028931,995727,1025364,1014039,984547,997573,1010414,989674,962485,1036370,1035668,1026713,1036046,1036093,1050254,1050308,1048263,1052287,1036981,997115,1050421,1015939,1000892,1036039,1035146,1034874,1036940,997571,1048360,996877,1051483,1036916,1022536,998366,1050095,1007446,1048532,997006,929817,0,)
    int_debug6:                   8.9494e+06 (149103,177820,208325,211018,203792,195141,185722,182384,163277,180743,186634,149748,184909,200116,204963,189555,184949,211526,187529,178571,150560,191030,173744,187394,188206,156769,185041,189219,173779,190641,197421,216032,197084,187897,193899,196196,180239,160241,203691,189938,184029,189399,199019,185866,198567,154222,194906,198548,0,)
    int_debug7:                   3.10096e+06 (66497,57825,56903,73242,57262,63892,68794,64526,71023,68420,68341,72867,69797,68613,65535,69645,69007,66575,54171,56223,74009,54878,56198,60684,61137,64669,60378,68384,66758,57589,52699,64872,58967,69552,77057,68958,70017,63543,72044,67656,67608,67002,70554,59149,54732,65438,58544,58727,0,)
    int_debug8:                   0 (0,0,0,0,0,0,0,0,0,0,0,0,0,0,0,0,0,0,0,0,0,0,0,0,0,0,0,0,0,0,0,0,0,0,0,0,0,0,0,0,0,0,0,0,0,0,0,0,0,)
    int_debug9:                   4.87359e+07 (1005393,1032125,990421,979933,979303,1031546,1001592,1026070,1024603,1025040,993042,1023924,1011210,981521,991990,1006669,986887,957402,1031409,1031668,1025176,1031981,1032228,1046114,1046187,1046568,1046804,1033310,994293,1046219,1009908,995076,1031982,1032155,1031878,1033267,994683,1046416,994512,1046069,1033214,1018835,994786,1045969,1001890,1046225,990959,927411,0,)
    int_debug10:                  9.04199e+07 (1369797,1768287,2144580,2066478,2446185,2003685,1702767,1937498,1513584,1734549,1546649,1414105,1590178,1641763,2073906,1905406,1599516,2014150,1750949,1844206,1315692,2111266,1807130,2100902,2045230,1774195,1998291,2247445,1998701,2184219,2223981,2242004,2050431,2062304,1912393,1936408,2035204,1657247,1723451,2190823,1924473,1706346,1774950,1887885,1994341,1760509,2280543,1405274,0,)
    int_psnflush:                 0 (0,0,0,0,0,0,0,0,0,0,0,0,0,0,0,0,0,0,0,0,0,0,0,0,0,0,0,0,0,0,0,0,0,0,0,0,0,0,0,0,0,0,0,0,0,0,0,0,0,)
    int_flush_time_interval:      0 (0,0,0,0,0,0,0,0,0,0,0,0,0,0,0,0,0,0,0,0,0,0,0,0,0,0,0,0,0,0,0,0,0,0,0,0,0,0,0,0,0,0,0,0,0,0,0,0,0,)
    int_flush_half_full:          2135 (0,0,0,0,0,0,0,0,0,0,0,0,0,0,0,0,0,0,0,0,0,0,0,0,0,0,0,0,0,0,0,0,0,0,0,0,0,0,0,0,0,0,0,0,0,0,0,0,2135,)
    int_rec_fail_to_insert:       0 (0,0,0,0,0,0,0,0,0,0,0,0,0,0,0,0,0,0,0,0,0,0,0,0,0,0,0,0,0,0,0,0,0,0,0,0,0,0,0,0,0,0,0,0,0,0,0,0,0,)
    int_num_get_row:              4.88362e+07 (1005488,1034234,992109,982946,982411,1034470,1003477,1028270,1025459,1027198,994565,1024715,1012795,983195,995146,1008732,988481,960210,1034362,1033984,1026063,1034279,1034390,1048470,1048522,1047520,1050151,1035319,995887,1048567,1013267,998257,1034265,1033881,1033577,1035325,996354,1047543,995827,1049386,1035298,1020909,996806,1048376,1004911,1047642,994366,928752,0,)
    int_locktable_volume:         1.29685e+08 (1621120,2774586,2924119,3319873,3396340,2742705,2612643,2754710,2065494,2678231,2535250,1925985,2564051,2604183,3269822,2820796,2617418,3207261,2694783,2686842,1892984,2813388,2640467,2617128,2584573,2184745,2763394,2901401,2594915,2667872,3319411,3478015,2963136,2695278,2661591,2650284,2671611,2044650,2813842,2925896,2758038,2635590,2774437,2692085,3388876,1999834,3338997,2396821,0,)
    int_aux_bytes:                5.57434e+07 (1148464,1181136,1131160,1120632,1116568,1178088,1144648,1177824,1170784,1172816,1138072,1167800,1157408,1118400,1132104,1147544,1130736,1097312,1177328,1178872,1172496,1180592,1182632,1195792,1196920,1199320,1200000,1184384,1137616,1197032,1155152,1141448,1178592,1179248,1176208,1184288,1137888,1197952,1136672,1197480,1183928,1168400,1139296,1196376,1147064,1196880,1132464,1059608,0,)
    int_nonzero:                  0 (0,0,0,0,0,0,0,0,0,0,0,0,0,0,0,0,0,0,0,0,0,0,0,0,0,0,0,0,0,0,0,0,0,0,0,0,0,0,0,0,0,0,0,0,0,0,0,0,0,)
    num_log_entries:              6.96793e+06 (143558,147642,141395,140079,139571,147261,143081,147228,146348,146602,142259,145975,144676,139800,141513,143443,141342,137164,147166,147359,146562,147574,147829,149474,149615,149915,150000,148048,142202,149629,144394,142681,147324,147406,147026,148036,142236,149744,142084,149685,147991,146050,142412,149547,143383,149610,141558,132451,0,)
    time_ts_alloc:                0 -nan -nan% 0 (0,0,0,0,0,0,0,0,0,0,0,0,0,0,0,0,0,0,0,0,0,0,0,0,0,0,0,0,0,0,0,0,0,0,0,0,0,0,0,0,0,0,0,0,0,0,0,0,0,)
    time_man:                     248.118 5.16913 187.472% 35608.6 (4.71422,5.15568,5.13262,5.17403,5.1542,5.1571,5.17399,5.15989,5.16261,5.18248,5.18639,5.1753,5.18437,5.19127,5.18059,5.16587,5.17033,5.18553,5.22462,5.1668,5.18191,5.15752,5.15424,5.15413,5.15604,5.19521,5.19007,5.20365,5.22531,5.16807,5.18411,5.20377,5.18597,5.17297,5.21794,5.17767,5.20616,5.19542,5.21594,5.16975,5.19906,5.15141,5.20759,5.17205,5.19443,5.19909,5.19518,5.08583,0,)
    time_cleanup:                 218.151 4.54481 164.829% 31307.8 (4.00824,4.53477,4.49898,4.55812,4.52697,4.5373,4.54333,4.53512,4.55814,4.56267,4.58069,4.55123,4.57229,4.58303,4.57763,4.54622,4.56492,4.56948,4.62249,4.54946,4.56582,4.52488,4.52867,4.50565,4.49077,4.56344,4.55555,4.59061,4.60783,4.53795,4.56086,4.58772,4.56839,4.54587,4.61044,4.53341,4.59454,4.57671,4.60099,4.5652,4.58994,4.50888,4.58505,4.52245,4.57078,4.57733,4.58955,4.4103,0,)
    time_txn:                     0 -nan -nan% 0 (0,0,0,0,0,0,0,0,0,0,0,0,0,0,0,0,0,0,0,0,0,0,0,0,0,0,0,0,0,0,0,0,0,0,0,0,0,0,0,0,0,0,0,0,0,0,0,0,0,)
    time_index:                   3.81524 0.0794841 2.88269% 547.542 (0.147393,0.0783938,0.0822141,0.0769804,0.0758472,0.0761207,0.0773766,0.0829964,0.0755532,0.0751765,0.0754541,0.0767847,0.0766307,0.0739165,0.0821878,0.0754263,0.0746407,0.0782826,0.0710345,0.0788865,0.0760335,0.0787623,0.0780252,0.0932508,0.0790173,0.075507,0.0763502,0.0750845,0.073412,0.0761657,0.0759569,0.074911,0.0767005,0.0740159,0.0714318,0.0781423,0.0756346,0.0791661,0.0721075,0.0765173,0.0738096,0.108167,0.0727004,0.076407,0.0779623,0.0770808,0.0731054,0.108515,0,)
    time_log:                     126.21 2.62938 95.3611% 18113 (2.18274,2.57938,2.66462,2.61598,2.63275,2.62361,2.63037,2.63984,2.64169,2.62875,2.6,2.62656,2.62769,2.65627,2.63024,2.62168,2.57436,2.62625,2.69793,2.66466,2.59728,2.63991,2.64985,2.65396,2.64282,2.59368,2.66465,2.67751,2.63875,2.64075,2.64301,2.66934,2.65707,2.66552,2.63124,2.65776,2.61931,2.63263,2.5794,2.64761,2.64812,2.64203,2.67878,2.62406,2.65211,2.58555,2.64851,2.76362,0,)
    time_io:                      1.9106 1.9106 69.2926% 274.199 (0,0,0,0,0,0,0,0,0,0,0,0,0,0,0,0,0,0,0,0,0,0,0,0,0,0,0,0,0,0,0,0,0,0,0,0,0,0,0,0,0,0,0,0,0,0,0,0,1.9106,)
    time_wait_io:                 0 -nan -nan% 0 (0,0,0,0,0,0,0,0,0,0,0,0,0,0,0,0,0,0,0,0,0,0,0,0,0,0,0,0,0,0,0,0,0,0,0,0,0,0,0,0,0,0,0,0,0,0,0,0,0,)
    time_phase1_add_graph:        0 -nan -nan% 0 (0,0,0,0,0,0,0,0,0,0,0,0,0,0,0,0,0,0,0,0,0,0,0,0,0,0,0,0,0,0,0,0,0,0,0,0,0,0,0,0,0,0,0,0,0,0,0,0,0,)
    time_recover_txn:             0 -nan -nan% 0 (0,0,0,0,0,0,0,0,0,0,0,0,0,0,0,0,0,0,0,0,0,0,0,0,0,0,0,0,0,0,0,0,0,0,0,0,0,0,0,0,0,0,0,0,0,0,0,0,0,)
    time_lv_overhead:             3.63917 0.075816 2.74966% 522.274 (0.053237,0.0756239,0.0874048,0.0735333,0.0841548,0.0785092,0.0733809,0.0705989,0.0671446,0.0682291,0.0787803,0.0638808,0.0764934,0.079291,0.0772585,0.0691437,0.0763633,0.0792171,0.0738192,0.0775412,0.0644144,0.0825677,0.0770527,0.0802219,0.0795337,0.0697899,0.0780851,0.0715912,0.0736429,0.0840096,0.0889392,0.0810671,0.0787565,0.0783355,0.0788491,0.0730836,0.0725151,0.0727809,0.0766045,0.070356,0.0709424,0.0719903,0.0729848,0.0806123,0.0829366,0.0728962,0.0799305,0.0910727,0,)
    time_state_malloc:            0 -nan -nan% 0 (0,0,0,0,0,0,0,0,0,0,0,0,0,0,0,0,0,0,0,0,0,0,0,0,0,0,0,0,0,0,0,0,0,0,0,0,0,0,0,0,0,0,0,0,0,0,0,0,0,)
    time_phase1_1:                5.80703 0.12098 4.38764% 833.394 (0.238326,0.122268,0.1188,0.117458,0.116436,0.123442,0.120009,0.119933,0.121726,0.120156,0.11752,0.121191,0.118921,0.116522,0.119036,0.118976,0.118905,0.117348,0.112682,0.120404,0.121,0.125605,0.122875,0.123529,0.11677,0.117488,0.120164,0.119009,0.114615,0.121772,0.115476,0.113782,0.118809,0.117395,0.116115,0.119543,0.11274,0.118759,0.112752,0.120516,0.115023,0.118127,0.116671,0.117568,0.115918,0.116449,0.112886,0.125619,0,)
    time_phase1_2:                7.07699 0.147437 5.34718% 1015.65 (0.160463,0.144716,0.150341,0.145955,0.144565,0.148053,0.153336,0.147582,0.140358,0.146146,0.140158,0.143697,0.151184,0.147266,0.167837,0.146735,0.141537,0.151717,0.142369,0.148029,0.146245,0.147261,0.148144,0.16212,0.157512,0.145573,0.145864,0.14121,0.141646,0.145715,0.145352,0.142127,0.141942,0.142335,0.145063,0.148466,0.144282,0.146266,0.140035,0.140266,0.143135,0.151034,0.145229,0.144355,0.146207,0.142469,0.139953,0.185139,0,)
    time_phase2:                  8.68638 0.180966 6.56319% 1246.62 (0.219921,0.176668,0.192711,0.183369,0.180949,0.179198,0.187721,0.181261,0.168699,0.180076,0.167631,0.172051,0.176934,0.173819,0.175918,0.180589,0.168769,0.192755,0.179357,0.186023,0.18333,0.187309,0.176342,0.197764,0.214825,0.176876,0.173937,0.175483,0.177645,0.177193,0.181546,0.179742,0.173764,0.174794,0.165894,0.189582,0.176397,0.171602,0.179149,0.163303,0.171443,0.189961,0.183506,0.177162,0.1824,0.171607,0.172667,0.216737,0,)
    time_phase3:                  12.1321 0.252752 9.16668% 1741.13 (0.261828,0.271308,0.26618,0.264462,0.265125,0.27671,0.265885,0.269303,0.266767,0.270673,0.267011,0.273568,0.263992,0.261019,0.262764,0.269084,0.264568,0.263055,0.257889,0.268414,0.26748,0.272673,0.274328,0.243787,0.243507,0.239868,0.243837,0.238249,0.234297,0.241392,0.237083,0.233225,0.238297,0.238643,0.238113,0.241852,0.232867,0.239072,0.231802,0.238185,0.236765,0.237945,0.23433,0.241895,0.234632,0.241583,0.232355,0.274426,0,)
    time_phase1_1_raw:            22.0132 0.458608 16.6326% 3159.21 (0.436278,0.46107,0.458766,0.450123,0.465732,0.463872,0.458016,0.456103,0.454789,0.454962,0.458068,0.461222,0.44938,0.44709,0.443801,0.459996,0.454376,0.441466,0.442724,0.45112,0.451374,0.461523,0.470115,0.469816,0.470217,0.468818,0.477546,0.456135,0.458586,0.465765,0.460331,0.449799,0.460761,0.472143,0.463062,0.466899,0.454652,0.459699,0.455434,0.456761,0.459608,0.459868,0.452354,0.491531,0.451498,0.473314,0.451657,0.454948,0,)
    time_phase1_2_raw:            1.15817 0.0241286 0.875085% 166.215 (0.0228016,0.0242868,0.0235918,0.0233679,0.0235868,0.0247335,0.0240926,0.0242781,0.0242106,0.024203,0.0238235,0.0241457,0.0239275,0.0234895,0.0237402,0.0240936,0.0233441,0.0237501,0.0202715,0.0242223,0.0243083,0.0243113,0.0240199,0.0244892,0.0246456,0.0245977,0.0248173,0.0244412,0.0237409,0.0247338,0.0239038,0.0238652,0.0247091,0.0245357,0.0244425,0.0243894,0.0238139,0.024874,0.024028,0.024588,0.0244133,0.0241075,0.0237448,0.0246867,0.0240085,0.0247195,0.0239383,0.0273392,0,)
    time_phase2_raw:              0.565633 0.011784 0.427377% 81.1767 (0.01118,0.0118118,0.01155,0.0114209,0.0115213,0.0122074,0.0115297,0.0119341,0.0117447,0.0119114,0.0114455,0.0119221,0.0117298,0.0115187,0.0116125,0.0117853,0.011486,0.0116837,0.0098994,0.0118592,0.0118485,0.0119521,0.0117458,0.0120987,0.0120804,0.0120096,0.0121768,0.0120009,0.0116821,0.0120987,0.0117656,0.0115771,0.0117989,0.0118882,0.0120109,0.0120123,0.0115497,0.0121427,0.0115105,0.0119728,0.0119312,0.0118825,0.0115778,0.0121128,0.0117516,0.011882,0.0115639,0.0132558,0,)
    time_phase3_raw:              0 -nan -nan% 0 (0,0,0,0,0,0,0,0,0,0,0,0,0,0,0,0,0,0,0,0,0,0,0,0,0,0,0,0,0,0,0,0,0,0,0,0,0,0,0,0,0,0,0,0,0,0,0,0,0,)
    time_recover_full:            0 -nan -nan% 0 (0,0,0,0,0,0,0,0,0,0,0,0,0,0,0,0,0,0,0,0,0,0,0,0,0,0,0,0,0,0,0,0,0,0,0,0,0,0,0,0,0,0,0,0,0,0,0,0,0,)
    time_recover1:                0 -nan -nan% 0 (0,0,0,0,0,0,0,0,0,0,0,0,0,0,0,0,0,0,0,0,0,0,0,0,0,0,0,0,0,0,0,0,0,0,0,0,0,0,0,0,0,0,0,0,0,0,0,0,0,)
    time_recover2:                0 -nan -nan% 0 (0,0,0,0,0,0,0,0,0,0,0,0,0,0,0,0,0,0,0,0,0,0,0,0,0,0,0,0,0,0,0,0,0,0,0,0,0,0,0,0,0,0,0,0,0,0,0,0,0,)
    time_recover3:                0 -nan -nan% 0 (0,0,0,0,0,0,0,0,0,0,0,0,0,0,0,0,0,0,0,0,0,0,0,0,0,0,0,0,0,0,0,0,0,0,0,0,0,0,0,0,0,0,0,0,0,0,0,0,0,)
    time_recover4:                0 -nan -nan% 0 (0,0,0,0,0,0,0,0,0,0,0,0,0,0,0,0,0,0,0,0,0,0,0,0,0,0,0,0,0,0,0,0,0,0,0,0,0,0,0,0,0,0,0,0,0,0,0,0,0,)
    time_recover5:                0 -nan -nan% 0 (0,0,0,0,0,0,0,0,0,0,0,0,0,0,0,0,0,0,0,0,0,0,0,0,0,0,0,0,0,0,0,0,0,0,0,0,0,0,0,0,0,0,0,0,0,0,0,0,0,)
    time_recover6:                0 -nan -nan% 0 (0,0,0,0,0,0,0,0,0,0,0,0,0,0,0,0,0,0,0,0,0,0,0,0,0,0,0,0,0,0,0,0,0,0,0,0,0,0,0,0,0,0,0,0,0,0,0,0,0,)
    time_recover7:                0 -nan -nan% 0 (0,0,0,0,0,0,0,0,0,0,0,0,0,0,0,0,0,0,0,0,0,0,0,0,0,0,0,0,0,0,0,0,0,0,0,0,0,0,0,0,0,0,0,0,0,0,0,0,0,)
    time_recover8:                0 -nan -nan% 0 (0,0,0,0,0,0,0,0,0,0,0,0,0,0,0,0,0,0,0,0,0,0,0,0,0,0,0,0,0,0,0,0,0,0,0,0,0,0,0,0,0,0,0,0,0,0,0,0,0,)
    time_debug_get_next:          0 -nan -nan% 0 (0,0,0,0,0,0,0,0,0,0,0,0,0,0,0,0,0,0,0,0,0,0,0,0,0,0,0,0,0,0,0,0,0,0,0,0,0,0,0,0,0,0,0,0,0,0,0,0,0,)
    time_debug0:                  9.89305 0.206105 7.47493% 1419.8 (0.169172,0.199552,0.203626,0.203848,0.209278,0.20661,0.198363,0.19571,0.198281,0.198306,0.210376,0.205042,0.212452,0.232486,0.205267,0.196261,0.211873,0.210332,0.19559,0.202602,0.209316,0.197849,0.199951,0.20531,0.201844,0.212565,0.203283,0.202368,0.218888,0.201709,0.217872,0.207413,0.204144,0.228101,0.216139,0.20184,0.222256,0.210633,0.219628,0.203774,0.204512,0.19926,0.198473,0.200782,0.209947,0.200381,0.216853,0.212935,0,)
    time_debug1:                  25.6127 0.533597 19.3522% 3675.79 (0.471128,0.543384,0.578089,0.531842,0.586955,0.523303,0.517118,0.532751,0.509927,0.507437,0.543208,0.506164,0.541231,0.537148,0.553318,0.516068,0.548222,0.546006,0.50239,0.542086,0.500234,0.541547,0.543977,0.510472,0.49632,0.514499,0.519292,0.526871,0.549941,0.52357,0.587911,0.561919,0.546457,0.536215,0.541178,0.487079,0.550663,0.531982,0.539517,0.506625,0.532499,0.521752,0.522288,0.534596,0.584479,0.51757,0.594869,0.550568,0,)
    time_debug2:                  3.36485 0.0701011 2.54239% 482.906 (0.0449521,0.0668536,0.0881331,0.0797951,0.0838374,0.07564,0.0669774,0.0654991,0.0555666,0.0659081,0.072294,0.0463775,0.072354,0.0814595,0.077789,0.0709294,0.069886,0.0867572,0.0669735,0.0666047,0.0464154,0.0756166,0.0644357,0.0688603,0.0676585,0.0522772,0.069627,0.0696848,0.0646831,0.0730264,0.0807053,0.0869389,0.0779555,0.0721946,0.0715388,0.0715854,0.0669646,0.0538693,0.0790821,0.0718121,0.0664536,0.068369,0.0732282,0.0669864,0.0811302,0.0529409,0.0805036,0.0857228,0,)
    time_debug3:                  36.9862 0.770545 27.9458% 5308.06 (0.843637,0.808293,0.634302,0.788631,0.675111,0.773741,0.800073,0.770743,0.81403,0.828909,0.810626,0.843744,0.778423,0.75041,0.759366,0.8088,0.819394,0.762419,0.869788,0.743811,0.890447,0.736675,0.74097,0.727271,0.74589,0.857973,0.758904,0.773257,0.800467,0.759665,0.686366,0.719849,0.742942,0.701606,0.807959,0.780833,0.799512,0.815904,0.848193,0.794393,0.800721,0.745252,0.78215,0.761793,0.702483,0.886784,0.708369,0.425296,0,)
    time_debug4:                  9.62057 0.200428 7.26904% 1380.69 (0.129303,0.20253,0.237998,0.223665,0.251727,0.197927,0.194136,0.198636,0.17345,0.194285,0.208257,0.139013,0.202763,0.213213,0.238767,0.208606,0.215099,0.230452,0.184156,0.190184,0.126105,0.208199,0.192184,0.189734,0.179155,0.157071,0.188986,0.205053,0.211134,0.189346,0.244246,0.24138,0.232218,0.211682,0.213456,0.179282,0.214919,0.162464,0.226277,0.199203,0.192434,0.185107,0.210406,0.181787,0.243973,0.14304,0.247191,0.21037,0,)
    time_debug5:                  0.293554 0.00611571 0.221802% 42.1293 (0.00588955,0.00620843,0.00589637,0.0059514,0.00602715,0.00621389,0.00609114,0.00611649,0.00610504,0.00608752,0.00609254,0.00609637,0.0061425,0.00588516,0.00608003,0.00605614,0.0060809,0.006223,0.00541697,0.0061513,0.00611966,0.00617552,0.00610876,0.00624607,0.00627392,0.00618682,0.00624439,0.00621495,0.00603825,0.00624802,0.00608862,0.00600751,0.0060881,0.00615199,0.00607278,0.00628119,0.00602118,0.00624209,0.00592093,0.0063798,0.00623792,0.00621338,0.0060258,0.00619656,0.00618971,0.00636479,0.00603691,0.00636646,0,)
    time_debug6:                  0 -nan -nan% 0 (0,0,0,0,0,0,0,0,0,0,0,0,0,0,0,0,0,0,0,0,0,0,0,0,0,0,0,0,0,0,0,0,0,0,0,0,0,0,0,0,0,0,0,0,0,0,0,0,0,)
    time_debug7:                  0 -nan -nan% 0 (0,0,0,0,0,0,0,0,0,0,0,0,0,0,0,0,0,0,0,0,0,0,0,0,0,0,0,0,0,0,0,0,0,0,0,0,0,0,0,0,0,0,0,0,0,0,0,0,0,)
    time_debug8:                  3.08763 0.0643256 2.33293% 443.12 (0.0511119,0.0623987,0.0611691,0.0701633,0.0646535,0.0625081,0.0598706,0.0607583,0.0672183,0.0612434,0.0708623,0.0610644,0.0604497,0.0604183,0.0649396,0.0617298,0.0606154,0.0635399,0.05492,0.0602175,0.0600916,0.0610754,0.0618053,0.0644069,0.0659596,0.0658344,0.0675455,0.0671913,0.0678242,0.0671116,0.0692185,0.0659442,0.0658309,0.0693777,0.0687734,0.0658366,0.0689652,0.0650198,0.0666857,0.0679957,0.0673611,0.0652445,0.0642458,0.0660903,0.0670648,0.065597,0.067588,0.062093,0,)
    time_debug9:                  3.03434 0.0632154 2.29266% 435.472 (0.0472528,0.0616354,0.0657958,0.0675865,0.0698115,0.0649179,0.0632121,0.0633698,0.0589398,0.0630019,0.0639998,0.0548121,0.0623018,0.0625265,0.0689457,0.0643529,0.0639325,0.0678722,0.0540005,0.0613742,0.053697,0.0636231,0.0618951,0.0619656,0.062438,0.0591669,0.0633551,0.066177,0.0643795,0.06384,0.0695608,0.0717301,0.0660769,0.0656702,0.0656738,0.0617345,0.0658671,0.0580274,0.065748,0.0648815,0.0622513,0.0604446,0.0637529,0.061162,0.0668911,0.0606809,0.0680704,0.0659348,0,)
    time_debug10:                 0 -nan -nan% 0 (0,0,0,0,0,0,0,0,0,0,0,0,0,0,0,0,0,0,0,0,0,0,0,0,0,0,0,0,0,0,0,0,0,0,0,0,0,0,0,0,0,0,0,0,0,0,0,0,0,)
    time_debug11:                 94.6714 1.97232 71.5312% 13586.7 (2.08217,1.94261,2.00059,1.91526,1.9898,1.98022,1.97622,1.95921,1.93717,1.94922,1.92147,1.94532,1.98624,1.93987,2.00091,1.92368,1.91446,1.96604,1.99401,2.03026,1.90939,1.96493,1.97527,1.98329,1.97713,1.96623,1.96979,1.9614,1.96509,1.98744,1.97439,1.9839,1.98027,1.99546,1.93991,2.00928,1.94436,1.99883,1.89124,2.00399,1.9471,2.04079,2.05,1.98065,1.97153,1.97786,1.96908,1.99816,0,)
    time_debug12:                 195.912 4.0815 148.026% 28116.2 (3.97559,4.1094,4.05661,4.14218,4.06364,4.07361,4.07662,4.09309,4.10954,4.10421,4.12827,4.11055,4.06527,4.11432,4.05362,4.13269,4.13513,4.08844,4.05719,4.02003,4.14412,4.093,4.07628,4.07365,4.07768,4.09238,4.08659,4.09246,4.09332,4.0663,4.08015,4.07086,4.06988,4.06119,4.11345,4.04777,4.11367,4.05688,4.15805,4.0456,4.1071,4.01113,4.00302,4.07106,4.07843,4.07598,4.08609,4.05575,0,)
    time_debug13:                 0 -nan -nan% 0 (0,0,0,0,0,0,0,0,0,0,0,0,0,0,0,0,0,0,0,0,0,0,0,0,0,0,0,0,0,0,0,0,0,0,0,0,0,0,0,0,0,0,0,0,0,0,0,0,0,)
    time_debug14:                 0 -nan -nan% 0 (0,0,0,0,0,0,0,0,0,0,0,0,0,0,0,0,0,0,0,0,0,0,0,0,0,0,0,0,0,0,0,0,0,0,0,0,0,0,0,0,0,0,0,0,0,0,0,0,0,)
    time_debug15:                 216.193 4.50402 163.35% 31026.9 (3.97105,4.49522,4.4609,4.51984,4.489,4.49659,4.4998,4.49566,4.51945,4.52249,4.54178,4.5122,4.52723,4.5396,4.51436,4.50755,4.52613,4.53008,4.584,4.51024,4.52694,4.4856,4.48518,4.46329,4.4518,4.52162,4.5119,4.55127,4.56913,4.49685,4.52177,4.54911,4.52913,4.50577,4.56502,4.4938,4.55274,4.53302,4.56337,4.52444,4.54921,4.4655,4.54582,4.482,4.52888,4.53746,4.55084,4.36836,0,)
    time_rec_loop_tryRead:        0 -nan -nan% 0 (0,0,0,0,0,0,0,0,0,0,0,0,0,0,0,0,0,0,0,0,0,0,0,0,0,0,0,0,0,0,0,0,0,0,0,0,0,0,0,0,0,0,0,0,0,0,0,0,0,)
    time_rec_finding_empty_slot:  0 -nan -nan% 0 (0,0,0,0,0,0,0,0,0,0,0,0,0,0,0,0,0,0,0,0,0,0,0,0,0,0,0,0,0,0,0,0,0,0,0,0,0,0,0,0,0,0,0,0,0,0,0,0,0,)
    time_silo_validate1:          2.43553 0.0507403 1.84022% 349.535 (0.0510113,0.051639,0.0498618,0.0491475,0.0496908,0.0516569,0.0504772,0.0510276,0.0508993,0.0509263,0.0498121,0.0508409,0.050417,0.0495591,0.0501163,0.0505342,0.0495116,0.0493034,0.0429617,0.0511079,0.0510769,0.0513089,0.0508673,0.0520631,0.0520973,0.051662,0.0522694,0.0515557,0.0506402,0.0528774,0.0504284,0.0497826,0.0514316,0.0511626,0.0512883,0.0515451,0.0500036,0.0518839,0.0498666,0.0518444,0.0513548,0.0510268,0.0495097,0.0516675,0.0504745,0.0516498,0.0498853,0.0538076,0,)
    time_silo_validate2:          0.562831 0.0117256 0.42526% 80.7745 (0.011016,0.0118526,0.0114662,0.0111854,0.0118914,0.0116483,0.0115202,0.0117552,0.0116008,0.0121026,0.0113889,0.0116971,0.0115505,0.011295,0.0115184,0.0116216,0.0114673,0.0117613,0.0098239,0.0117647,0.0115403,0.0118231,0.0115708,0.0118864,0.0118486,0.0117896,0.0119489,0.0118021,0.0114312,0.0118408,0.0115635,0.01143,0.0117432,0.0118064,0.0117045,0.011771,0.011335,0.0123034,0.01144,0.0119415,0.0116962,0.0116174,0.0113837,0.0117441,0.0117145,0.0117784,0.0114027,0.0170459,0,)
    time_silo_validate3:          76.6033 1.5959 57.8794% 10993.7 (1.54665,1.63401,1.51755,1.61717,1.56838,1.59515,1.59847,1.57902,1.59515,1.61641,1.65349,1.61989,1.62167,1.61735,1.6107,1.60649,1.66718,1.61908,1.64994,1.56935,1.66591,1.56619,1.56409,1.52696,1.5268,1.65497,1.56468,1.58819,1.64923,1.57354,1.58521,1.58924,1.58741,1.55533,1.65451,1.55363,1.65483,1.62977,1.70273,1.59195,1.62109,1.54917,1.59137,1.57934,1.59175,1.67393,1.61349,1.29483,0,)
    time_silo_validate4:          1.17634 0.024507 0.888809% 168.822 (0.0230737,0.0260562,0.0243002,0.0232594,0.0246774,0.0230062,0.0254756,0.023937,0.0269363,0.0254013,0.0255159,0.0237005,0.0249787,0.0252332,0.0248746,0.0254331,0.0267772,0.024982,0.0238289,0.0254118,0.025143,0.0251578,0.025339,0.0228623,0.0231355,0.024667,0.0234811,0.0234849,0.0223629,0.0234686,0.0248609,0.024682,0.024586,0.0231945,0.0250105,0.0234591,0.0228899,0.0244174,0.0242283,0.0233408,0.0243799,0.0248209,0.0242012,0.0241956,0.0255859,0.0241704,0.0244591,0.0278939,0,)
    time_silo_validate5:          81.824 1.70467 61.8241% 11743 (1.64913,1.74554,1.62616,1.72403,1.67898,1.70337,1.70707,1.68886,1.70493,1.72695,1.76055,1.725,1.72964,1.72409,1.72024,1.71716,1.77494,1.72873,1.7473,1.681,1.77323,1.67764,1.67432,1.63619,1.63642,1.76304,1.67663,1.69645,1.75449,1.68358,1.69695,1.69896,1.69675,1.66164,1.76199,1.66547,1.75988,1.73847,1.8083,1.70142,1.72908,1.65895,1.69757,1.68876,1.70267,1.78281,1.7233,1.41544,0,)
    time_silo_validate6:          0.00256471 5.34315e-05 0.00193783% 0.368074 (1.45091e-06,5.67927e-05,4.79291e-05,6.82055e-05,6.85e-05,5.81618e-05,5.54991e-05,5.82455e-05,2.76091e-05,5.32064e-05,4.07682e-05,2.56545e-05,4.428e-05,4.72473e-05,6.92627e-05,5.33255e-05,4.13691e-05,9.50764e-05,6.26082e-05,5.69282e-05,2.63409e-05,5.46118e-05,5.336e-05,6.03682e-05,5.98545e-05,2.97209e-05,8.71273e-05,5.58591e-05,4.43527e-05,5.68009e-05,7.84709e-05,7.55736e-05,6.03464e-05,4.333e-05,5.14018e-05,5.39009e-05,5.23664e-05,3.39491e-05,4.10736e-05,6.58982e-05,5.27264e-05,5.33027e-05,5.54082e-05,5.64255e-05,6.51645e-05,3.30791e-05,7.37427e-05,5.80355e-05,0,)
    time_silo_validate7:          0 -nan -nan% 0 (0,0,0,0,0,0,0,0,0,0,0,0,0,0,0,0,0,0,0,0,0,0,0,0,0,0,0,0,0,0,0,0,0,0,0,0,0,0,0,0,0,0,0,0,0,0,0,0,0,)
    time_silo_validate8:          125.88 2.62251 95.1118% 18065.7 (2.17769,2.57408,2.65993,2.61039,2.62795,2.61824,2.62056,2.63426,2.63642,2.6229,2.59422,2.62145,2.61628,2.64552,2.60112,2.6165,2.56862,2.62071,2.68815,2.65931,2.59205,2.63515,2.63988,2.64839,2.63777,2.58589,2.6551,2.67232,2.63415,2.63396,2.63821,2.66436,2.65151,2.66019,2.62033,2.65236,2.61024,2.62333,2.57471,2.64097,2.64201,2.63274,2.67287,2.61831,2.64421,2.57965,2.64306,2.76232,0,)
    time_silo_validate9:          134.366 2.7993 101.524% 19283.5 (2.32192,2.74962,2.83469,2.79575,2.80995,2.79316,2.79267,2.80674,2.81449,2.79548,2.78119,2.78717,2.79755,2.81546,2.79405,2.79034,2.75114,2.80125,2.83664,2.82918,2.75368,2.80791,2.8108,2.82705,2.81531,2.75855,2.83519,2.85477,2.8146,2.81321,2.82474,2.85007,2.83232,2.84409,2.80298,2.82828,2.7928,2.79452,2.75503,2.82296,2.82008,2.80649,2.8482,2.79319,2.82615,2.75462,2.82747,2.95286,0,)
    time_locktable_get:           5.34044 0.111259 4.03509% 766.431 (0.176569,0.107938,0.102385,0.101767,0.117099,0.099624,0.141538,0.106184,0.103943,0.108142,0.101402,0.115445,0.107117,0.108183,0.101919,0.103287,0.105054,0.108804,0.0900036,0.102739,0.103148,0.109055,0.105265,0.108319,0.105058,0.109732,0.112573,0.105868,0.105638,0.114553,0.105554,0.108511,0.107347,0.105672,0.103413,0.113373,0.10308,0.11439,0.114104,0.108337,0.105594,0.111732,0.102887,0.130949,0.112507,0.10394,0.103821,0.196872,0,)
    time_locktable_get_validation:0 -nan -nan% 0 (0,0,0,0,0,0,0,0,0,0,0,0,0,0,0,0,0,0,0,0,0,0,0,0,0,0,0,0,0,0,0,0,0,0,0,0,0,0,0,0,0,0,0,0,0,0,0,0,0,)
    time_locktable_release:       0 -nan -nan% 0 (0,0,0,0,0,0,0,0,0,0,0,0,0,0,0,0,0,0,0,0,0,0,0,0,0,0,0,0,0,0,0,0,0,0,0,0,0,0,0,0,0,0,0,0,0,0,0,0,0,)
    time_get_row_before:          3.82038 0.0795913 2.88658% 548.281 (0.0872257,0.0797546,0.0832245,0.0812901,0.0765758,0.0804704,0.0813876,0.0832944,0.0754158,0.0788647,0.0774896,0.0777357,0.0784809,0.0770821,0.0754826,0.0821401,0.0763726,0.0809757,0.0772911,0.0799965,0.0817754,0.0843802,0.080604,0.0820211,0.0914133,0.0805384,0.0819583,0.0800969,0.0782061,0.0779217,0.077198,0.0784458,0.0776639,0.0784012,0.0749427,0.0821005,0.0768458,0.0764971,0.0774914,0.0740572,0.075516,0.0846797,0.0779455,0.078131,0.0786424,0.0782975,0.075357,0.0887015,0,)
    time_get_row_after:           21.9583 0.457464 16.5911% 3151.34 (0.464724,0.45766,0.471548,0.456135,0.457074,0.464095,0.432553,0.459463,0.449219,0.457007,0.450514,0.454915,0.450332,0.446383,0.449248,0.458114,0.447404,0.449702,0.455145,0.458834,0.455245,0.463465,0.463756,0.482695,0.493381,0.465994,0.464659,0.451486,0.457231,0.462184,0.464483,0.452806,0.457238,0.467317,0.453395,0.473239,0.455296,0.452321,0.447127,0.446875,0.452848,0.470229,0.465219,0.46501,0.456385,0.464249,0.450407,0.413672,0,)
    time_log_create:              0.282381 0.00588293 0.213359% 40.5258 (0.00599714,0.00577489,0.00604104,0.00529598,0.00545695,0.00660591,0.00601017,0.00565153,0.00543566,0.00613427,0.00542955,0.00573269,0.00568194,0.00553564,0.00627909,0.00570565,0.00554007,0.00608403,0.00460127,0.00537573,0.00567554,0.00606519,0.00537671,0.0066471,0.00546026,0.00545703,0.00553961,0.00568522,0.00648739,0.00553239,0.00642508,0.00578911,0.00544688,0.00663414,0.0064954,0.00552607,0.00532404,0.00610011,0.00552196,0.00546721,0.00620496,0.00585805,0.00598335,0.0061888,0.00615428,0.00552843,0.00534615,0.0100912,0,)
    time_log_serialLogTxn:        0 -nan -nan% 0 (0,0,0,0,0,0,0,0,0,0,0,0,0,0,0,0,0,0,0,0,0,0,0,0,0,0,0,0,0,0,0,0,0,0,0,0,0,0,0,0,0,0,0,0,0,0,0,0,0,)
    time_cleanup_1:               0.0909926 0.00189568 0.0687515% 13.0588 (0.00177132,0.00193385,0.00186122,0.00185942,0.00187214,0.00190258,0.00189091,0.00192005,0.00190817,0.00192124,0.00187715,0.00188428,0.00190121,0.00184848,0.00190255,0.00188153,0.00187931,0.00185988,0.00159281,0.00191102,0.00190863,0.00192084,0.0019116,0.00196031,0.00193679,0.00195698,0.00196111,0.00193817,0.00184129,0.00193287,0.00192901,0.00187118,0.00192306,0.00191245,0.00191653,0.00197782,0.00186186,0.00194157,0.00184894,0.00193647,0.00192223,0.00192621,0.00184789,0.00194439,0.00191867,0.00192433,0.00192897,0.0018133,0,)
    time_cleanup_2:               0.589134 0.0122736 0.445134% 84.5494 (0.0114598,0.0124661,0.01192,0.0120254,0.0121913,0.0127637,0.0120299,0.0122577,0.0122338,0.0122063,0.0121893,0.0125906,0.0121286,0.0117701,0.0121097,0.012164,0.0120603,0.0123324,0.0108877,0.0124539,0.0120749,0.0124764,0.0122678,0.0132685,0.0124443,0.0124145,0.0125274,0.0124474,0.0122239,0.0126387,0.0120003,0.0119208,0.0123402,0.0123231,0.0122201,0.0125831,0.0118761,0.0123926,0.011976,0.0127002,0.0124714,0.0123803,0.0119238,0.0124511,0.0121462,0.0125624,0.0122974,0.0135448,0,)
    time_insideSLT1:              124.198 2.58746 93.8407% 17824.2 (2.14576,2.53956,2.62692,2.57881,2.59526,2.58457,2.58796,2.6012,2.604,2.59009,2.56123,2.58841,2.58231,2.61369,2.56828,2.58504,2.53607,2.58957,2.65972,2.62626,2.55658,2.60126,2.60644,2.61013,2.60325,2.55108,2.62065,2.63797,2.59875,2.59816,2.60309,2.62992,2.6174,2.62495,2.58465,2.61791,2.57627,2.58509,2.54005,2.59895,2.6057,2.59679,2.63016,2.58215,2.5958,2.53231,2.60787,2.71993,0,)
    time_insideSLT2:              124.798 2.59995 94.2938% 17910.3 (2.158,2.55178,2.63837,2.58999,2.60671,2.59666,2.59972,2.61311,2.61639,2.60218,2.57305,2.60053,2.59406,2.62519,2.57971,2.59687,2.54746,2.60035,2.67108,2.63846,2.56873,2.61342,2.61887,2.62414,2.61695,2.56477,2.63418,2.65104,2.6118,2.61141,2.6162,2.64283,2.63063,2.63829,2.59814,2.63137,2.58941,2.59906,2.55283,2.61218,2.61937,2.60993,2.64273,2.59568,2.60865,2.54611,2.62056,2.72884,0,)
    time_STLother:                0.0934842 0.00194759 0.0706342% 13.4164 (0.00181122,0.0019491,0.00208901,0.00188293,0.00190508,0.00196725,0.00191457,0.00198148,0.00198956,0.00195018,0.00193364,0.00190491,0.00193783,0.00189502,0.00193641,0.00196398,0.00188138,0.00188878,0.0016529,0.00197123,0.00197134,0.00209321,0.00193613,0.00197915,0.00200374,0.00195282,0.00202859,0.00198467,0.00194252,0.00197721,0.00190529,0.00199277,0.00197744,0.00199075,0.0019665,0.0019657,0.00192115,0.00196415,0.00193065,0.00194375,0.00198917,0.0019544,0.00187244,0.0019619,0.00191771,0.00197243,0.00192873,0.00205344,0,)
    time_logging_thread:          6.24958 6.24958 226.657% 896.906 (0,0,0,0,0,0,0,0,0,0,0,0,0,0,0,0,0,0,0,0,0,0,0,0,0,0,0,0,0,0,0,0,0,0,0,0,0,0,0,0,0,0,0,0,0,0,0,0,6.24958,)
    int_serialLogFail:            0 (0,0,0,0,0,0,0,0,0,0,0,0,0,0,0,0,0,0,0,0,0,0,0,0,0,0,0,0,0,0,0,0,0,0,0,0,0,0,0,0,0,0,0,0,0,0,0,0,0,)
Projected Disk Bandwidth Utilized - avg 1.29382e+09 real 1.29382e+09
Total time measured 667.181
Total wall time observed 668.81
Estimated CPU_FREQ is 2.19464
