NUM_CORES_PER_SLOT=24
NUMA_NODE_NUM=2
HYPER_THREADING_FACTOR=2
Using SIMD
MM_MAX=_mm512_max_epu32
SIMD_PREFIX=__m512i
MAX_LOGGER_NUM_SIMD=16
Running in big-hash-table mode.

Using 1 disks.
g_flush_blocksize=1048576, g_log_buffer_size=524288000
Init parallelism 96
Stats initialized
Global manager initialized
reading schema file: ./benchmarks/TPCC_full_schema.txt
0 0x7fbe87587040 50000000 1
0 0x5629940a1f80 500 1
0 0x5629940a4f40 5000 1
0 0x7fbe71e34040 15000000 1
0 0x7fbe5c6e1040 15000000 1
0 0x7fbe14e78040 50000000 1
TPCC schema initialized
TPCC Data Initialization Complete!
workload initialized!
Init time 654.413
Queue Buffer Length7281777
Log Read Size: 419430400
Log buffer size 524288000
log file:		/mnt/dbx1000/logs/TC_log0_1_TPCC_0.500000.data
/mnt/dbx1000/logs/TC_log0_1_TPCC_0.500000.data
Start Initializing Locktable, size 16777216
ltiSize=64
Locktable Initialized, size 16777216, schema table size 15728640
mem_allocator initialized!
Query Queue Init Time 12.130411
query_queue initialized!
Setting logger 0 to CPU node 0
PSN Flush Frequency: 1000
sim_done = 1
sim_done = 2
sim_done = 15
sim_done = 18
sim_done = 22
sim_done = 26
sim_done = 31
sim_done = 34
sim_done = 36
sim_done = 37
sim_done = 40
sim_done = 41
sim_done = 42
sim_done = 22
sim_done = 45
sim_done = 29
sim_done = 31
sim_done = 33
sim_done = 8
sim_done = 48
sim_done = 38
sim_done = 11
sim_done = 5
sim_done = 23
sim_done = 25
sim_done = 9
sim_done = 47
sim_done = 28
sim_done = 11
sim_done = 17
sim_done = 16
sim_done = 5
sim_done = 46
sim_done = 7
sim_done = 35
sim_done = 19
sim_done = 20
sim_done = 8
sim_done = 14
sim_done = 32
sim_done = 27
sim_done = 44
sim_done = 13
sim_done = 43
sim_done = 25
sim_done = 39
sim_done = 3
sim_done = 13
Destructor 0. flush size=115495936 (2313158656 to 2428654592)
PASS! SimTime = 6.03916e+09
=Worker Thread=
    Throughput:                   1.1338e+06
    MaxThr:                       1.1338e+06
    PerThdThr:                    1.1511e+06
    run_time:                     285.451 (5.94586,5.9458,5.94827,5.95061,5.94751,5.94996,5.94608,5.94572,5.94982,5.94523,5.94804,5.94355,5.94975,5.95021,5.94806,5.94907,5.94525,5.94793,5.94997,5.94432,5.95004,5.94588,5.9456,5.94336,5.9473,5.94721,5.94664,5.94846,5.94857,5.94422,5.9447,5.94538,5.94479,5.94548,5.94883,5.94593,5.94598,5.94391,5.94686,5.94964,5.94249,5.94762,5.9427,5.94657,5.94698,5.94502,5.94925,5.95008,0,)
    log_bytes:                    2.42865 (0,0,0,0,0,0,0,0,0,0,0,0,0,0,0,0,0,0,0,0,0,0,0,0,0,0,0,0,0,0,0,0,0,0,0,0,0,0,0,0,0,0,0,0,0,0,0,0,2.42865,)
    log_dep_size:                 0 (0,0,0,0,0,0,0,0,0,0,0,0,0,0,0,0,0,0,0,0,0,0,0,0,0,0,0,0,0,0,0,0,0,0,0,0,0,0,0,0,0,0,0,0,0,0,0,0,0,)
    log_total_size:               1.29296 (0.0263944,0.0263134,0.0275853,0.0269428,0.026978,0.025832,0.0271858,0.0272227,0.0275784,0.0267427,0.0263089,0.0275601,0.0275741,0.0276,0.0266696,0.0268075,0.0262312,0.0262329,0.0262162,0.0270361,0.0275775,0.0272487,0.0270581,0.0269457,0.0274815,0.0277494,0.0278484,0.0271595,0.0271663,0.0268724,0.0271522,0.0263658,0.0269071,0.0266653,0.0262178,0.0276752,0.0268611,0.0262946,0.0271595,0.0271318,0.0283432,0.0269084,0.0272222,0.0275309,0.0260039,0.0268703,0.0268544,0.0246786,0,)
    latency:                      601543 (12928.5,12125.5,12957.5,12516.6,12622.6,11792.3,12800.2,12790.6,12893.5,12293.9,12106.3,12867.3,12850.7,12935,12412.1,12461.5,12073.3,12132.2,12104,12558.1,12898.5,12608.4,12578.2,12656,12839.1,12956.8,13088.2,12752.4,12753.3,12410.1,12664.8,12156.1,12433.7,12413.4,12043.3,12924,12421.8,12105.5,12698.5,12647.2,13318.3,12563.6,12609.8,12851.3,11939.6,12420.4,12406.3,11162.7,0,)

    num_commits:                  6.84542e+06 (139598,139064,146169,143065,142796,136888,144373,143822,146074,141581,139205,145778,145823,146555,141142,141898,139045,138867,138656,143068,146116,144650,143197,142678,145858,146657,147416,143827,143960,142356,143654,139414,142297,141313,138934,146684,142104,139324,143841,143243,150000,142471,143914,145419,137378,142344,142106,130803,0,)
    num_async_commits:            6.51656e+06 (132388,132408,139165,136237,135824,130346,137259,136676,139008,134895,132471,138726,138839,139532,134480,135014,132472,132135,131896,136140,139003,137730,136252,135672,138925,139562,140137,136898,137113,135475,136637,132649,135589,134709,132454,139643,135433,132750,136958,136387,142824,135379,137193,138547,130885,135629,135337,124874,0,)
    num_aborts:                   79331 (4,2454,1728,2524,496,2469,519,1610,1747,1247,1092,633,635,2718,1207,2364,1196,2561,2531,1578,1765,2614,1590,1650,1686,698,636,747,1709,2962,1713,1314,2738,2371,2058,709,1319,1201,1855,1945,629,582,1497,1656,2432,2904,2759,2279,0,)
    num_aborts_logging:           0 (0,0,0,0,0,0,0,0,0,0,0,0,0,0,0,0,0,0,0,0,0,0,0,0,0,0,0,0,0,0,0,0,0,0,0,0,0,0,0,0,0,0,0,0,0,0,0,0,0,)
    num_log_records:              6.84542e+06 (139598,139064,146169,143065,142796,136888,144373,143822,146074,141581,139205,145778,145823,146555,141142,141898,139045,138867,138656,143068,146116,144650,143197,142678,145858,146657,147416,143827,143960,142356,143654,139414,142297,141313,138934,146684,142104,139324,143841,143243,150000,142471,143914,145419,137378,142344,142106,130803,0,)
    log_data:                     0 (0,0,0,0,0,0,0,0,0,0,0,0,0,0,0,0,0,0,0,0,0,0,0,0,0,0,0,0,0,0,0,0,0,0,0,0,0,0,0,0,0,0,0,0,0,0,0,0,0,)
    num_latency_count:            6.51656e+06 (132388,132408,139165,136237,135824,130346,137259,136676,139008,134895,132471,138726,138839,139532,134480,135014,132472,132135,131896,136140,139003,137730,136252,135672,138925,139562,140137,136898,137113,135475,136637,132649,135589,134709,132454,139643,135433,132750,136958,136387,142824,135379,137193,138547,130885,135629,135337,124874,0,)
    num_raw_edges:                0 (0,0,0,0,0,0,0,0,0,0,0,0,0,0,0,0,0,0,0,0,0,0,0,0,0,0,0,0,0,0,0,0,0,0,0,0,0,0,0,0,0,0,0,0,0,0,0,0,0,)
    num_waw_edges:                0 (0,0,0,0,0,0,0,0,0,0,0,0,0,0,0,0,0,0,0,0,0,0,0,0,0,0,0,0,0,0,0,0,0,0,0,0,0,0,0,0,0,0,0,0,0,0,0,0,0,)
    num_war_edges:                0 (0,0,0,0,0,0,0,0,0,0,0,0,0,0,0,0,0,0,0,0,0,0,0,0,0,0,0,0,0,0,0,0,0,0,0,0,0,0,0,0,0,0,0,0,0,0,0,0,0,)
    int_num_log:                  6.84542e+06 (139598,139064,146169,143065,142796,136888,144373,143822,146074,141581,139205,145778,145823,146555,141142,141898,139045,138867,138656,143068,146116,144650,143197,142678,145858,146657,147416,143827,143960,142356,143654,139414,142297,141313,138934,146684,142104,139324,143841,143243,150000,142471,143914,145419,137378,142344,142106,130803,0,)
    int_debug_get_next:           0 (0,0,0,0,0,0,0,0,0,0,0,0,0,0,0,0,0,0,0,0,0,0,0,0,0,0,0,0,0,0,0,0,0,0,0,0,0,0,0,0,0,0,0,0,0,0,0,0,0,)
    int_debug1:                   0 (0,0,0,0,0,0,0,0,0,0,0,0,0,0,0,0,0,0,0,0,0,0,0,0,0,0,0,0,0,0,0,0,0,0,0,0,0,0,0,0,0,0,0,0,0,0,0,0,0,)
    int_debug2:                   2.42446e+09 (0,0,0,0,0,0,0,0,0,0,0,0,0,0,0,0,0,0,0,0,0,0,0,0,0,0,0,0,0,0,0,0,0,0,0,0,0,0,0,0,0,0,0,0,0,0,0,0,2424460288,)
    int_debug3:                   2207 (0,0,0,0,0,0,0,0,0,0,0,0,0,0,0,0,0,0,0,0,0,0,0,0,0,0,0,0,0,0,0,0,0,0,0,0,0,0,0,0,0,0,0,0,0,0,0,0,2207,)
    int_debug4:                   9.11553e+07 (1270016,2300388,2030412,2442118,1574699,2096191,1344573,1802315,2217794,2035805,1805037,1555142,1724435,1937076,1597488,2354651,1660543,2096845,1919365,1915685,2110501,2311250,2053815,1816944,1670902,1589778,1522044,1500852,2078161,2027568,1887666,1672036,2195551,2133666,2488528,1386917,1844854,1771034,1799654,2049420,1623657,1336448,1785218,2196603,1785625,2340851,2537741,1957427,0,)
    int_debug5:                   4.80648e+07 (977564,980185,1025432,1003188,1000258,962197,1007710,1011865,1025493,993216,976845,1022084,1022680,1027975,990444,998166,974050,977281,976686,1004911,1025597,1014716,1005677,1001620,1021381,1029411,1032757,1007538,1009887,1002589,1009439,979511,1002874,992742,975554,1026290,997999,976567,1010018,1009383,1051081,997849,1011722,1023655,968552,1002399,1000756,918968,0,)
    int_debug6:                   9.19896e+06 (149812,200406,192681,206132,154335,215323,155625,192368,202852,185358,203873,153836,152728,218682,193157,210560,194291,225318,213287,181072,196970,222301,182974,193820,191822,151412,178170,160458,180604,204544,180572,189684,201412,209270,227674,157122,186092,211972,177282,183597,174670,158692,199737,199596,221235,208108,207926,239547,0,)
    int_debug7:                   2.99588e+06 (62557,65153,54981,47265,71130,67990,72903,72432,60422,56616,66758,58334,60158,57052,71084,59370,66297,73479,65425,61587,58420,57338,60309,74136,55195,61703,76266,73306,65581,52162,64156,69973,53540,68895,59322,62863,57245,64228,60323,66599,61675,71414,53843,55573,69791,52976,55927,42131,0,)
    int_debug8:                   0 (0,0,0,0,0,0,0,0,0,0,0,0,0,0,0,0,0,0,0,0,0,0,0,0,0,0,0,0,0,0,0,0,0,0,0,0,0,0,0,0,0,0,0,0,0,0,0,0,0,)
    int_debug9:                   4.78839e+07 (977547,974583,1021638,997627,999167,956675,1006588,1008229,1021257,990384,974379,1020687,1021298,1021928,987694,992834,971277,971572,970932,1001231,1021240,1008986,1002059,997851,1017608,1027826,1031382,1005859,1005988,995239,1005629,976564,996620,987505,970911,1024720,994840,973806,1005776,1004997,1049720,996496,1008261,1019870,963193,995113,994497,913777,0,)
    int_debug10:                  8.84882e+07 (1248324,2207608,1990617,2349986,1600876,1957879,1369078,1751283,2155766,1995561,1752540,1571598,1743803,1835151,1551915,2268578,1602486,1969708,1807881,1875508,2054620,2193817,2010698,1766628,1626864,1626224,1537935,1501649,2048444,1917347,1857370,1626786,2091479,2025286,2358640,1410511,1799677,1691408,1763702,2019066,1624865,1337563,1724496,2151763,1661649,2236807,2430460,1786305,0,)
    int_psnflush:                 0 (0,0,0,0,0,0,0,0,0,0,0,0,0,0,0,0,0,0,0,0,0,0,0,0,0,0,0,0,0,0,0,0,0,0,0,0,0,0,0,0,0,0,0,0,0,0,0,0,0,)
    int_flush_time_interval:      0 (0,0,0,0,0,0,0,0,0,0,0,0,0,0,0,0,0,0,0,0,0,0,0,0,0,0,0,0,0,0,0,0,0,0,0,0,0,0,0,0,0,0,0,0,0,0,0,0,0,)
    int_flush_half_full:          2206 (0,0,0,0,0,0,0,0,0,0,0,0,0,0,0,0,0,0,0,0,0,0,0,0,0,0,0,0,0,0,0,0,0,0,0,0,0,0,0,0,0,0,0,0,0,0,0,0,2206,)
    int_rec_fail_to_insert:       0 (0,0,0,0,0,0,0,0,0,0,0,0,0,0,0,0,0,0,0,0,0,0,0,0,0,0,0,0,0,0,0,0,0,0,0,0,0,0,0,0,0,0,0,0,0,0,0,0,0,)
    int_num_get_row:              4.79859e+07 (977560,977734,1023727,1000678,999767,959731,1007195,1010260,1023770,991979,975760,1021487,1022062,1025276,989240,995807,972857,974723,974157,1003339,1023866,1012110,1004096,999973,1019703,1028722,1032131,1006812,1008196,999641,1007749,978203,1000149,990378,973500,1025589,996693,975370,1008181,1007463,1050454,997272,1010231,1022018,966126,999509,998001,916689,0,)
    int_locktable_volume:         1.27227e+08 (1482844,3121405,2618616,3160629,1886206,3173819,1902139,2679623,2826700,2591434,2516629,1983744,1995874,3239070,2574130,3144962,2544904,3151964,3123496,2689216,2837846,3247725,2675151,2640221,2570098,1879896,2006789,2007875,2571658,3287094,2622225,2477770,3218396,3244429,3144782,1958493,2615585,2751300,2671944,2592679,2067803,1996391,2634345,2674277,3100587,3163158,3197587,2963055,0,)
    int_aux_bytes:                5.47634e+07 (1116784,1112512,1169352,1144520,1142368,1095104,1154984,1150576,1168592,1132648,1113640,1166224,1166584,1172440,1129136,1135184,1112360,1110936,1109248,1144544,1168928,1157200,1145576,1141424,1166864,1173256,1179328,1150616,1151680,1138848,1149232,1115312,1138376,1130504,1111472,1173472,1136832,1114592,1150728,1145944,1200000,1139768,1151312,1163352,1099024,1138752,1136848,1046424,0,)
    int_nonzero:                  0 (0,0,0,0,0,0,0,0,0,0,0,0,0,0,0,0,0,0,0,0,0,0,0,0,0,0,0,0,0,0,0,0,0,0,0,0,0,0,0,0,0,0,0,0,0,0,0,0,0,)
    num_log_entries:              6.84542e+06 (139598,139064,146169,143065,142796,136888,144373,143822,146074,141581,139205,145778,145823,146555,141142,141898,139045,138867,138656,143068,146116,144650,143197,142678,145858,146657,147416,143827,143960,142356,143654,139414,142297,141313,138934,146684,142104,139324,143841,143243,150000,142471,143914,145419,137378,142344,142106,130803,0,)
    time_ts_alloc:                0 -nan -nan% 0 (0,0,0,0,0,0,0,0,0,0,0,0,0,0,0,0,0,0,0,0,0,0,0,0,0,0,0,0,0,0,0,0,0,0,0,0,0,0,0,0,0,0,0,0,0,0,0,0,0,)
    time_man:                     243.89 5.08104 187.969% 35628.2 (4.4635,5.13139,5.09932,5.08921,5.13233,5.14289,5.13334,5.10336,5.10283,5.11879,5.12171,5.11631,5.1171,5.10287,5.13855,5.09702,5.12149,5.1057,5.12901,5.09821,5.08244,5.09919,5.11873,5.06462,5.08147,5.07457,5.07088,5.0829,5.08426,5.06069,5.06936,5.0966,5.09577,5.09038,5.10891,5.07425,5.10414,5.10349,5.08285,5.08347,5.03899,5.09677,5.03639,5.05227,5.08676,5.05138,5.05553,5.07803,0,)
    time_cleanup:                 215.456 4.48867 166.054% 31474.5 (3.76081,4.55194,4.49086,4.47831,4.54381,4.55804,4.55118,4.51052,4.50417,4.5357,4.53273,4.52598,4.5151,4.51524,4.56206,4.49849,4.54429,4.50884,4.54275,4.50601,4.48142,4.50252,4.52753,4.49582,4.48382,4.48303,4.47337,4.50113,4.49517,4.47481,4.48631,4.52234,4.51747,4.51448,4.53689,4.47205,4.53343,4.52437,4.48573,4.50481,4.42179,4.51394,4.43311,4.43981,4.49589,4.46158,4.47624,4.46032,0,)
    time_txn:                     0 -nan -nan% 0 (0,0,0,0,0,0,0,0,0,0,0,0,0,0,0,0,0,0,0,0,0,0,0,0,0,0,0,0,0,0,0,0,0,0,0,0,0,0,0,0,0,0,0,0,0,0,0,0,0,)
    time_index:                   3.61583 0.0753297 2.78676% 528.211 (0.165403,0.0709351,0.0745565,0.0767089,0.0705831,0.0702107,0.0705071,0.0715413,0.0730744,0.0722695,0.0716865,0.0722695,0.072069,0.0740978,0.0708093,0.0754494,0.0698463,0.0739097,0.0712671,0.0730787,0.0749468,0.0731565,0.0709049,0.0839362,0.073231,0.073133,0.0747285,0.0720148,0.0720501,0.0722884,0.0722871,0.0703975,0.0705679,0.0705223,0.0706221,0.0724384,0.0738685,0.0712576,0.073704,0.0726346,0.0760418,0.0711452,0.0734997,0.077188,0.072681,0.0758322,0.0748579,0.0956166,0,)
    time_log:                     130.929 2.72769 100.909% 19126.5 (2.16938,2.7687,2.73432,2.78876,2.6934,2.80441,2.73002,2.69781,2.77526,2.71809,2.74168,2.71936,2.69665,2.77821,2.7509,2.66825,2.70628,2.74007,2.73103,2.77935,2.75699,2.77132,2.79843,2.69701,2.74857,2.73491,2.72155,2.72711,2.71626,2.73401,2.73963,2.74605,2.76897,2.72534,2.74345,2.72175,2.75153,2.73165,2.74103,2.71764,2.75016,2.70097,2.7545,2.7239,2.72338,2.7156,2.73974,2.83587,0,)
    time_io:                      1.63053 1.63053 60.3202% 238.193 (0,0,0,0,0,0,0,0,0,0,0,0,0,0,0,0,0,0,0,0,0,0,0,0,0,0,0,0,0,0,0,0,0,0,0,0,0,0,0,0,0,0,0,0,0,0,0,0,1.63053,)
    time_wait_io:                 0 -nan -nan% 0 (0,0,0,0,0,0,0,0,0,0,0,0,0,0,0,0,0,0,0,0,0,0,0,0,0,0,0,0,0,0,0,0,0,0,0,0,0,0,0,0,0,0,0,0,0,0,0,0,0,)
    time_phase1_add_graph:        0 -nan -nan% 0 (0,0,0,0,0,0,0,0,0,0,0,0,0,0,0,0,0,0,0,0,0,0,0,0,0,0,0,0,0,0,0,0,0,0,0,0,0,0,0,0,0,0,0,0,0,0,0,0,0,)
    time_recover_txn:             0 -nan -nan% 0 (0,0,0,0,0,0,0,0,0,0,0,0,0,0,0,0,0,0,0,0,0,0,0,0,0,0,0,0,0,0,0,0,0,0,0,0,0,0,0,0,0,0,0,0,0,0,0,0,0,)
    time_lv_overhead:             3.60108 0.0750225 2.77539% 526.056 (0.0528036,0.0734601,0.0827325,0.0947614,0.0639416,0.0767959,0.0641249,0.0678031,0.0776771,0.0840162,0.0793696,0.0722973,0.0704816,0.0793751,0.0744191,0.0843403,0.0765191,0.075487,0.0758352,0.0716319,0.076964,0.0818668,0.0718534,0.0647365,0.0760562,0.0692027,0.0625577,0.06039,0.0681835,0.0833904,0.0675819,0.0712432,0.0825661,0.0752943,0.0910981,0.0678275,0.0819139,0.0810878,0.0700801,0.0692539,0.0681391,0.061909,0.0787006,0.0844361,0.0732221,0.0846778,0.0836688,0.0953059,0,)
    time_state_malloc:            0 -nan -nan% 0 (0,0,0,0,0,0,0,0,0,0,0,0,0,0,0,0,0,0,0,0,0,0,0,0,0,0,0,0,0,0,0,0,0,0,0,0,0,0,0,0,0,0,0,0,0,0,0,0,0,)
    time_phase1_1:                5.6163 0.117006 4.32854% 820.445 (0.298566,0.107341,0.118595,0.113351,0.109899,0.107872,0.110332,0.113201,0.11341,0.110343,0.108202,0.113557,0.110077,0.11341,0.109851,0.111036,0.108581,0.109523,0.108111,0.113345,0.111956,0.110937,0.110899,0.116076,0.11523,0.115646,0.115434,0.114953,0.120235,0.11556,0.115081,0.110179,0.113434,0.112369,0.110121,0.116817,0.114934,0.110622,0.115859,0.113543,0.118663,0.116138,0.116656,0.115656,0.111464,0.114774,0.115195,0.119264,0,)
    time_phase1_2:                6.73008 0.14021 5.18695% 983.15 (0.147327,0.13651,0.139813,0.143497,0.136661,0.136917,0.138319,0.138986,0.141643,0.13509,0.137947,0.138167,0.142054,0.139219,0.135857,0.144291,0.133439,0.140502,0.137514,0.137591,0.138932,0.144074,0.136903,0.146166,0.141294,0.143299,0.144676,0.134591,0.134921,0.134396,0.139992,0.136176,0.135576,0.14002,0.137878,0.143632,0.135422,0.139697,0.139098,0.138489,0.153012,0.135302,0.140781,0.150554,0.139436,0.137263,0.135981,0.17117,0,)
    time_phase2:                  8.45563 0.176159 6.51685% 1235.22 (0.209314,0.173546,0.175907,0.186638,0.173523,0.177087,0.173331,0.174282,0.18454,0.168272,0.178344,0.16763,0.182904,0.169965,0.173223,0.185575,0.166148,0.183521,0.175152,0.170074,0.172341,0.182148,0.168843,0.170957,0.178353,0.183084,0.185522,0.163547,0.164725,0.162191,0.171119,0.168757,0.16548,0.177685,0.165346,0.183507,0.164291,0.178422,0.178285,0.170293,0.202089,0.166908,0.18019,0.195816,0.1762,0.16735,0.16261,0.200589,0,)
    time_phase3:                  11.7758 0.245329 9.07574% 1720.24 (0.222744,0.226325,0.236003,0.234731,0.23073,0.225232,0.232389,0.229757,0.232018,0.227919,0.226299,0.233629,0.234972,0.230482,0.225266,0.231044,0.225928,0.226647,0.227308,0.230189,0.235995,0.232651,0.233323,0.256608,0.259877,0.261796,0.267101,0.262898,0.262366,0.263348,0.260391,0.255411,0.255889,0.25525,0.255012,0.267368,0.253936,0.251436,0.259494,0.261607,0.271095,0.261037,0.262899,0.265672,0.25494,0.262603,0.260524,0.235654,0,)
    time_phase1_1_raw:            20.6821 0.430878 15.94% 3021.31 (0.414332,0.426078,0.443487,0.445875,0.433815,0.422699,0.429265,0.429245,0.43259,0.432949,0.427088,0.438456,0.444527,0.43114,0.422928,0.429301,0.429281,0.42361,0.424725,0.43596,0.450672,0.435251,0.441528,0.416451,0.432538,0.430579,0.431349,0.440046,0.431901,0.439212,0.430198,0.422189,0.427639,0.416098,0.426513,0.433862,0.416667,0.412987,0.435541,0.431427,0.434626,0.426564,0.438059,0.433167,0.424838,0.442808,0.433644,0.42844,0,)
    time_phase1_2_raw:            1.13603 0.0236674 0.875555% 165.955 (0.0218604,0.0231832,0.0240263,0.0235026,0.0234275,0.0227586,0.0235669,0.0236737,0.0241086,0.0233023,0.0230735,0.023922,0.0239319,0.0238744,0.0233699,0.0233515,0.0230701,0.023177,0.0235994,0.0250323,0.0238771,0.0238999,0.0236602,0.0234929,0.0237986,0.0238901,0.0239021,0.0237224,0.023752,0.0235062,0.02365,0.0231858,0.0237768,0.0232461,0.0231051,0.0238832,0.0233891,0.0230277,0.0236396,0.0239435,0.0242503,0.0235814,0.0238359,0.0241426,0.0229259,0.0237072,0.0235346,0.0278961,0,)
    time_phase2_raw:              0.553135 0.0115236 0.426307% 80.8036 (0.0107194,0.0113101,0.0117474,0.0114773,0.0113707,0.0111542,0.0116279,0.0116187,0.0116722,0.0114004,0.0112192,0.0116353,0.0116187,0.0117028,0.0114392,0.0115037,0.0112546,0.0113688,0.0113534,0.0114201,0.0117421,0.0113767,0.0113948,0.0114511,0.0117033,0.0117452,0.011686,0.0114253,0.0116215,0.0115688,0.0116281,0.0113922,0.011372,0.0114075,0.0111545,0.0117345,0.0115023,0.0112789,0.0113767,0.0116421,0.0118497,0.0113151,0.0114509,0.0117472,0.0111192,0.0115233,0.0115505,0.0137615,0,)
    time_phase3_raw:              0 -nan -nan% 0 (0,0,0,0,0,0,0,0,0,0,0,0,0,0,0,0,0,0,0,0,0,0,0,0,0,0,0,0,0,0,0,0,0,0,0,0,0,0,0,0,0,0,0,0,0,0,0,0,0,)
    time_recover_full:            0 -nan -nan% 0 (0,0,0,0,0,0,0,0,0,0,0,0,0,0,0,0,0,0,0,0,0,0,0,0,0,0,0,0,0,0,0,0,0,0,0,0,0,0,0,0,0,0,0,0,0,0,0,0,0,)
    time_recover1:                0 -nan -nan% 0 (0,0,0,0,0,0,0,0,0,0,0,0,0,0,0,0,0,0,0,0,0,0,0,0,0,0,0,0,0,0,0,0,0,0,0,0,0,0,0,0,0,0,0,0,0,0,0,0,0,)
    time_recover2:                0 -nan -nan% 0 (0,0,0,0,0,0,0,0,0,0,0,0,0,0,0,0,0,0,0,0,0,0,0,0,0,0,0,0,0,0,0,0,0,0,0,0,0,0,0,0,0,0,0,0,0,0,0,0,0,)
    time_recover3:                0 -nan -nan% 0 (0,0,0,0,0,0,0,0,0,0,0,0,0,0,0,0,0,0,0,0,0,0,0,0,0,0,0,0,0,0,0,0,0,0,0,0,0,0,0,0,0,0,0,0,0,0,0,0,0,)
    time_recover4:                0 -nan -nan% 0 (0,0,0,0,0,0,0,0,0,0,0,0,0,0,0,0,0,0,0,0,0,0,0,0,0,0,0,0,0,0,0,0,0,0,0,0,0,0,0,0,0,0,0,0,0,0,0,0,0,)
    time_recover5:                0 -nan -nan% 0 (0,0,0,0,0,0,0,0,0,0,0,0,0,0,0,0,0,0,0,0,0,0,0,0,0,0,0,0,0,0,0,0,0,0,0,0,0,0,0,0,0,0,0,0,0,0,0,0,0,)
    time_recover6:                0 -nan -nan% 0 (0,0,0,0,0,0,0,0,0,0,0,0,0,0,0,0,0,0,0,0,0,0,0,0,0,0,0,0,0,0,0,0,0,0,0,0,0,0,0,0,0,0,0,0,0,0,0,0,0,)
    time_recover7:                0 -nan -nan% 0 (0,0,0,0,0,0,0,0,0,0,0,0,0,0,0,0,0,0,0,0,0,0,0,0,0,0,0,0,0,0,0,0,0,0,0,0,0,0,0,0,0,0,0,0,0,0,0,0,0,)
    time_recover8:                0 -nan -nan% 0 (0,0,0,0,0,0,0,0,0,0,0,0,0,0,0,0,0,0,0,0,0,0,0,0,0,0,0,0,0,0,0,0,0,0,0,0,0,0,0,0,0,0,0,0,0,0,0,0,0,)
    time_debug_get_next:          0 -nan -nan% 0 (0,0,0,0,0,0,0,0,0,0,0,0,0,0,0,0,0,0,0,0,0,0,0,0,0,0,0,0,0,0,0,0,0,0,0,0,0,0,0,0,0,0,0,0,0,0,0,0,0,)
    time_debug0:                  9.35184 0.19483 7.20757% 1366.15 (0.154531,0.200493,0.196518,0.192919,0.203074,0.201829,0.204654,0.192784,0.196701,0.214196,0.208613,0.202518,0.204774,0.195328,0.206403,0.191714,0.2056,0.193589,0.205143,0.191763,0.18952,0.192439,0.197455,0.18891,0.190882,0.194873,0.17199,0.192548,0.183445,0.20073,0.184396,0.199849,0.195867,0.204246,0.209033,0.196075,0.203621,0.199131,0.188821,0.187807,0.176674,0.194692,0.186816,0.181695,0.198603,0.199119,0.190677,0.188785,0,)
    time_debug1:                  23.6954 0.493654 18.2623% 3461.5 (0.419411,0.530834,0.490807,0.527349,0.489603,0.52186,0.473614,0.467058,0.484496,0.539133,0.507163,0.510841,0.479021,0.48787,0.507249,0.519849,0.525057,0.494383,0.515337,0.506436,0.491829,0.490269,0.501422,0.463753,0.484936,0.464818,0.400923,0.464072,0.473796,0.533483,0.481547,0.496139,0.531522,0.525708,0.548446,0.470865,0.53179,0.524784,0.494673,0.482983,0.40648,0.474291,0.47334,0.479733,0.490731,0.516606,0.520033,0.479074,0,)
    time_debug2:                  3.4076 0.0709917 2.62628% 497.793 (0.0453894,0.0752882,0.0719565,0.0832227,0.0496361,0.083712,0.0491243,0.0658726,0.0766283,0.0719905,0.079452,0.0514785,0.0497555,0.0844827,0.0736236,0.082127,0.0765163,0.0829144,0.081891,0.0628363,0.0717328,0.0829058,0.0688892,0.0687204,0.0702127,0.048325,0.054663,0.0537509,0.0642634,0.0834311,0.0630654,0.0724297,0.0805445,0.0793312,0.0971428,0.0511583,0.0730815,0.085274,0.0630692,0.0651981,0.0587575,0.0518848,0.0756278,0.0740743,0.0859265,0.0818424,0.0812391,0.103164,0,)
    time_debug3:                  32.5276 0.677658 25.0694% 4751.72 (0.690588,0.649967,0.670929,0.555247,0.798423,0.621057,0.779767,0.766161,0.640665,0.66993,0.672107,0.724402,0.769105,0.642715,0.701145,0.710726,0.709663,0.671421,0.677742,0.634789,0.644359,0.633217,0.638663,0.752058,0.668105,0.720978,0.806648,0.752396,0.734807,0.590472,0.693506,0.688122,0.609258,0.64854,0.609244,0.716259,0.646858,0.662571,0.676874,0.729263,0.717539,0.777914,0.618657,0.65157,0.676344,0.612099,0.613656,0.481039,0,)
    time_debug4:                  8.81112 0.183565 6.79083% 1287.15 (0.105223,0.214611,0.184758,0.218677,0.149488,0.215963,0.137354,0.180001,0.196393,0.203341,0.196441,0.148945,0.13602,0.195493,0.201157,0.200102,0.207876,0.205431,0.215042,0.188079,0.186184,0.196355,0.19208,0.174088,0.17063,0.131955,0.126793,0.141447,0.17261,0.221836,0.174486,0.199871,0.220906,0.219384,0.223034,0.134267,0.207452,0.220842,0.186333,0.183264,0.12891,0.135189,0.173093,0.181778,0.19575,0.212646,0.211729,0.187807,0,)
    time_debug5:                  0.294566 0.0061368 0.227026% 43.0311 (0.00586363,0.00606626,0.00624333,0.0061522,0.00618474,0.00606362,0.00626504,0.00614477,0.00619218,0.00609894,0.00601197,0.00624233,0.0062108,0.00629575,0.00607192,0.00614328,0.00607337,0.00611488,0.00606845,0.00621303,0.0062235,0.00622782,0.00611097,0.00613102,0.00617524,0.00618381,0.00621453,0.00612463,0.00618245,0.00608601,0.00620432,0.00600396,0.00607146,0.00600803,0.00590152,0.00618595,0.00606727,0.00594486,0.0061274,0.0061395,0.00620093,0.00616867,0.00618095,0.00615755,0.0059492,0.00611332,0.00623233,0.00652861,0,)
    time_debug6:                  0 -nan -nan% 0 (0,0,0,0,0,0,0,0,0,0,0,0,0,0,0,0,0,0,0,0,0,0,0,0,0,0,0,0,0,0,0,0,0,0,0,0,0,0,0,0,0,0,0,0,0,0,0,0,0,)
    time_debug7:                  0 -nan -nan% 0 (0,0,0,0,0,0,0,0,0,0,0,0,0,0,0,0,0,0,0,0,0,0,0,0,0,0,0,0,0,0,0,0,0,0,0,0,0,0,0,0,0,0,0,0,0,0,0,0,0,)
    time_debug8:                  2.90345 0.0604886 2.23772% 424.145 (0.0485159,0.0614665,0.0602148,0.0616933,0.0555396,0.0613782,0.056836,0.0584957,0.059781,0.0611354,0.0599292,0.0581835,0.057906,0.0603066,0.0595954,0.0617142,0.0581102,0.0620403,0.06251,0.0605378,0.05998,0.0608525,0.0597161,0.0582808,0.0611789,0.0608873,0.0583115,0.0591848,0.060433,0.0653499,0.0628428,0.0614422,0.0629666,0.0629485,0.0646203,0.0598811,0.062811,0.0610907,0.0596748,0.0611297,0.0583276,0.0583383,0.063668,0.0628911,0.0616732,0.0656603,0.0641872,0.0592348,0,)
    time_debug9:                  2.9731 0.0619396 2.2914% 434.32 (0.0450626,0.0663569,0.0619818,0.0661522,0.0562097,0.0666857,0.055497,0.0609906,0.0632446,0.0630973,0.0626228,0.0576627,0.0565738,0.0629113,0.0634853,0.0648122,0.063201,0.0660639,0.0663666,0.0627086,0.0626848,0.0664393,0.0621202,0.0601561,0.0579174,0.0556233,0.055756,0.0538787,0.0617137,0.0668531,0.0606097,0.062192,0.0681574,0.0683008,0.0677496,0.0553408,0.0641198,0.0629781,0.0615832,0.0616159,0.0554317,0.0538102,0.0599805,0.0628187,0.0626839,0.0673353,0.0676266,0.0759389,0,)
    time_debug10:                 0 -nan -nan% 0 (0,0,0,0,0,0,0,0,0,0,0,0,0,0,0,0,0,0,0,0,0,0,0,0,0,0,0,0,0,0,0,0,0,0,0,0,0,0,0,0,0,0,0,0,0,0,0,0,0,)
    time_debug11:                 94.0092 1.95853 72.454% 13733.1 (2.17499,1.92077,1.95345,1.99551,1.92362,1.99396,1.90665,1.93632,2.01968,1.98564,1.96239,1.9143,1.89829,1.98151,1.91803,1.98255,1.91846,2.0135,1.9702,1.94097,1.98402,2.02909,1.98333,1.96003,1.98567,1.93466,1.93807,1.90847,1.92688,1.98377,1.98266,1.95854,1.941,1.95988,1.95558,1.89232,1.93993,1.91277,1.94555,1.91528,1.91979,1.91591,1.96871,1.95269,1.98297,1.96235,1.98363,1.9749,0,)
    time_debug12:                 190.882 3.9767 147.115% 27884.6 (3.76057,4.01329,3.98296,3.94322,4.01245,3.94434,4.02767,3.99781,3.91822,3.94825,3.97436,4.01745,4.04006,3.95663,4.01864,3.95492,4.01535,3.92258,3.96807,3.99162,3.95395,3.90485,3.95056,3.9708,3.94976,4.00111,3.99715,4.02834,4.01009,3.94856,3.95025,3.97534,3.99199,3.97376,3.98198,4.04284,3.99515,4.02025,3.99003,4.02313,4.01171,4.01843,3.96296,3.98273,3.95285,3.97122,3.95172,3.96166,0,)
    time_debug13:                 0 -nan -nan% 0 (0,0,0,0,0,0,0,0,0,0,0,0,0,0,0,0,0,0,0,0,0,0,0,0,0,0,0,0,0,0,0,0,0,0,0,0,0,0,0,0,0,0,0,0,0,0,0,0,0,)
    time_debug14:                 0 -nan -nan% 0 (0,0,0,0,0,0,0,0,0,0,0,0,0,0,0,0,0,0,0,0,0,0,0,0,0,0,0,0,0,0,0,0,0,0,0,0,0,0,0,0,0,0,0,0,0,0,0,0,0,)
    time_debug15:                 213.668 4.45142 164.677% 31213.3 (3.72646,4.51592,4.45331,4.44082,4.50717,4.52177,4.51475,4.47323,4.46699,4.49926,4.49653,4.48864,4.47796,4.47671,4.52539,4.45985,4.50813,4.47232,4.50643,4.46812,4.44361,4.46229,4.49047,4.45655,4.44661,4.44556,4.43554,4.46447,4.45832,4.43777,4.4488,4.48614,4.48048,4.47757,4.49714,4.4351,4.49706,4.48786,4.44856,4.46729,4.38401,4.4767,4.3965,4.40199,4.45883,4.42482,4.43847,4.42003,0,)
    time_rec_loop_tryRead:        0 -nan -nan% 0 (0,0,0,0,0,0,0,0,0,0,0,0,0,0,0,0,0,0,0,0,0,0,0,0,0,0,0,0,0,0,0,0,0,0,0,0,0,0,0,0,0,0,0,0,0,0,0,0,0,)
    time_rec_finding_empty_slot:  0 -nan -nan% 0 (0,0,0,0,0,0,0,0,0,0,0,0,0,0,0,0,0,0,0,0,0,0,0,0,0,0,0,0,0,0,0,0,0,0,0,0,0,0,0,0,0,0,0,0,0,0,0,0,0,)
    time_silo_validate1:          2.38803 0.0497506 1.84048% 348.85 (0.0490405,0.0493003,0.0508028,0.0496073,0.0489429,0.0485878,0.0498707,0.0501862,0.0506836,0.0491852,0.0488061,0.0503589,0.0500444,0.0506127,0.0491055,0.0494574,0.0483152,0.0487372,0.0490312,0.049858,0.0505118,0.0502065,0.049815,0.0492782,0.0503404,0.0506512,0.0506481,0.0496033,0.0498898,0.0497811,0.0501742,0.0486297,0.0496528,0.0491037,0.0485597,0.0501112,0.049315,0.0488485,0.0498017,0.0498872,0.0507842,0.0496577,0.0499973,0.0505708,0.048601,0.050129,0.0498486,0.0530955,0,)
    time_silo_validate2:          0.552778 0.0115162 0.426032% 80.7514 (0.0105317,0.0112457,0.0118119,0.0114258,0.0112224,0.0109739,0.0120638,0.0114651,0.0116852,0.0112914,0.0110338,0.0116871,0.0113973,0.0115637,0.0113187,0.0113769,0.011037,0.0112091,0.0113492,0.0113851,0.0115559,0.0118616,0.0114663,0.0112987,0.0115933,0.0115289,0.0115874,0.0114184,0.0115319,0.011467,0.01154,0.0112783,0.0113493,0.0114248,0.0112193,0.0113689,0.0113245,0.0111404,0.0114733,0.0113198,0.0114472,0.01136,0.0117835,0.0117145,0.0111533,0.0114724,0.0114074,0.0166167,0,)
    time_silo_validate3:          69.7138 1.45237 53.7292% 10184 (1.32724,1.46819,1.44481,1.37174,1.5584,1.44006,1.52482,1.50651,1.41309,1.51058,1.48765,1.50691,1.52122,1.4219,1.50443,1.51774,1.5367,1.45505,1.49637,1.41339,1.41318,1.41227,1.42086,1.48742,1.42955,1.44685,1.45039,1.47979,1.47061,1.42091,1.43858,1.47114,1.42929,1.47249,1.47865,1.45223,1.47116,1.4873,1.43907,1.47985,1.377,1.51457,1.36914,1.40291,1.46424,1.42218,1.41635,1.26906,0,)
    time_silo_validate4:          1.1119 0.0231646 0.856953% 162.429 (0.0214202,0.0231115,0.0231376,0.0227827,0.0232744,0.023263,0.0242377,0.0224432,0.0224423,0.0224362,0.0237452,0.0245231,0.0225089,0.0239423,0.0236465,0.022032,0.0241631,0.0235357,0.0234067,0.0240737,0.0228951,0.0241294,0.0231632,0.0237293,0.0237423,0.0224745,0.0228627,0.022455,0.0221785,0.023506,0.0225944,0.0230564,0.0229476,0.0239449,0.0221932,0.023889,0.0237513,0.0237422,0.0230646,0.0221636,0.0211471,0.0245457,0.0224614,0.0220843,0.0231,0.0219462,0.0218811,0.028124,0,)
    time_silo_validate5:          74.7812 1.55794 57.6347% 10924.3 (1.4241,1.57548,1.55246,1.4786,1.65976,1.54647,1.62963,1.61201,1.52125,1.61374,1.58977,1.61199,1.62376,1.53354,1.60901,1.62299,1.63879,1.56129,1.60294,1.51992,1.5203,1.5222,1.52728,1.59366,1.53612,1.54996,1.55573,1.58219,1.5757,1.52879,1.54313,1.5747,1.53682,1.57797,1.58109,1.55569,1.57532,1.59049,1.54403,1.58461,1.47939,1.62032,1.47507,1.50803,1.56978,1.52954,1.52446,1.39133,0,)
    time_silo_validate6:          0.0022248 4.635e-05 0.00171468% 0.325005 (4.2e-07,6.43491e-05,4.68873e-05,5.85245e-05,1.81618e-05,6.10118e-05,2.23091e-05,4.656e-05,6.59809e-05,3.578e-05,3.47936e-05,2.36118e-05,2.40627e-05,6.94109e-05,3.80255e-05,5.74382e-05,4.00036e-05,5.92718e-05,6.64473e-05,4.51873e-05,5.08545e-05,6.00145e-05,4.47391e-05,4.84073e-05,4.65009e-05,2.34073e-05,2.33782e-05,2.45645e-05,4.52236e-05,6.828e-05,4.88091e-05,4.01136e-05,6.65027e-05,5.09218e-05,5.34409e-05,2.32455e-05,4.34045e-05,3.86609e-05,4.94218e-05,4.88527e-05,2.11645e-05,2.13491e-05,4.54045e-05,4.77645e-05,5.79364e-05,7.16009e-05,6.54645e-05,0.000117135,0,)
    time_silo_validate7:          0 -nan -nan% 0 (0,0,0,0,0,0,0,0,0,0,0,0,0,0,0,0,0,0,0,0,0,0,0,0,0,0,0,0,0,0,0,0,0,0,0,0,0,0,0,0,0,0,0,0,0,0,0,0,0,)
    time_silo_validate8:          130.732 2.72359 100.757% 19097.8 (2.16527,2.76501,2.73004,2.786,2.68937,2.80081,2.72638,2.69406,2.7716,2.7143,2.73826,2.71515,2.6931,2.77317,2.74741,2.66309,2.70228,2.73618,2.72723,2.77499,2.7525,2.76503,2.79426,2.69364,2.74457,2.73161,2.71721,2.72324,2.71247,2.73001,2.73488,2.74195,2.76509,2.72128,2.73585,2.71807,2.74779,2.72754,2.73692,2.71278,2.74588,2.69654,2.75094,2.71933,2.71867,2.71252,2.73508,2.83303,0,)
    time_silo_validate9:          138.885 2.89343 107.04% 20288.7 (2.30235,2.94038,2.9008,2.96216,2.84739,2.97524,2.88509,2.86117,2.94567,2.88549,2.90672,2.87662,2.85418,2.9431,2.91635,2.83681,2.86929,2.91097,2.90342,2.94816,2.92325,2.94003,2.96315,2.86283,2.91044,2.89558,2.87978,2.88226,2.88257,2.90891,2.90562,2.91141,2.94359,2.89955,2.916,2.87939,2.92169,2.89733,2.90448,2.88264,2.90461,2.85636,2.92138,2.89392,2.88899,2.89522,2.91394,3.02859,0,)
    time_locktable_get:           5.12857 0.106845 3.95265% 749.197 (0.194138,0.0992428,0.103857,0.103238,0.103699,0.100562,0.100787,0.108582,0.106075,0.100231,0.100446,0.104581,0.0987753,0.110706,0.097788,0.097696,0.100867,0.107007,0.104712,0.104779,0.103428,0.101396,0.101661,0.105707,0.107695,0.0984233,0.10857,0.0963221,0.107623,0.10662,0.101456,0.0990209,0.0992531,0.0985065,0.0978757,0.0990729,0.104527,0.10097,0.103543,0.101602,0.0977957,0.115679,0.113779,0.106202,0.108664,0.106525,0.11287,0.176011,0,)
    time_locktable_get_validation:0 -nan -nan% 0 (0,0,0,0,0,0,0,0,0,0,0,0,0,0,0,0,0,0,0,0,0,0,0,0,0,0,0,0,0,0,0,0,0,0,0,0,0,0,0,0,0,0,0,0,0,0,0,0,0,)
    time_locktable_release:       0 -nan -nan% 0 (0,0,0,0,0,0,0,0,0,0,0,0,0,0,0,0,0,0,0,0,0,0,0,0,0,0,0,0,0,0,0,0,0,0,0,0,0,0,0,0,0,0,0,0,0,0,0,0,0,)
    time_get_row_before:          3.69441 0.0769669 2.84733% 539.691 (0.0827027,0.0755756,0.0808756,0.0786282,0.0756851,0.0786975,0.0760636,0.0765416,0.079535,0.0739228,0.0781456,0.0760018,0.0786737,0.0756858,0.0754296,0.0783754,0.0759245,0.0781495,0.0754948,0.0767211,0.0791336,0.0768723,0.0750294,0.0747825,0.0770283,0.0768848,0.0783354,0.0766087,0.0757985,0.0740491,0.0765225,0.0750351,0.0754817,0.0754078,0.0708721,0.0813648,0.0731289,0.0763993,0.0774766,0.0744922,0.084589,0.0736321,0.0793169,0.0799273,0.0746822,0.0728938,0.0734936,0.088345,0,)
    time_get_row_after:           20.7347 0.431972 15.9804% 3028.98 (0.447468,0.427886,0.447577,0.452507,0.432343,0.428262,0.428772,0.431221,0.436885,0.432125,0.43339,0.433524,0.448381,0.42508,0.42653,0.445881,0.423283,0.434751,0.429071,0.434272,0.442321,0.442102,0.437961,0.411688,0.436723,0.440099,0.43454,0.432269,0.429168,0.428719,0.428724,0.423227,0.427065,0.425281,0.426224,0.445463,0.416445,0.424705,0.439625,0.42622,0.458821,0.416728,0.433815,0.450079,0.430528,0.433877,0.416355,0.376683,0,)
    time_log_create:              0.267753 0.0055782 0.206361% 39.1142 (0.00497796,0.00507003,0.00538091,0.00695963,0.00533193,0.00564971,0.00533917,0.00591155,0.00564652,0.0054532,0.00585619,0.00536989,0.00601234,0.00533077,0.00601562,0.00605189,0.0050673,0.00528593,0.00541119,0.00558374,0.005243,0.00599145,0.00539093,0.00672144,0.00536162,0.00625863,0.00558375,0.00538079,0.00534102,0.00536762,0.00519467,0.00538375,0.00562263,0.0055761,0.00514058,0.00530475,0.00535617,0.00552164,0.00539599,0.0051301,0.00547526,0.0055304,0.00559362,0.00526672,0.00547979,0.00586556,0.00516211,0.0074078,0,)
    time_log_serialLogTxn:        0 -nan -nan% 0 (0,0,0,0,0,0,0,0,0,0,0,0,0,0,0,0,0,0,0,0,0,0,0,0,0,0,0,0,0,0,0,0,0,0,0,0,0,0,0,0,0,0,0,0,0,0,0,0,0,)
    time_cleanup_1:               0.0888802 0.00185167 0.068501% 12.9839 (0.00170027,0.00183541,0.00187585,0.00187458,0.00183438,0.00180247,0.00189104,0.00186195,0.00186075,0.00183498,0.00181208,0.0018694,0.00187104,0.00191179,0.00185886,0.00184763,0.00182885,0.0018257,0.00180643,0.00186243,0.00189727,0.00188177,0.0018592,0.00186488,0.00188441,0.00187325,0.00188939,0.0018485,0.00183764,0.00186429,0.00186247,0.00182042,0.00184819,0.00184871,0.00184314,0.00188736,0.00187276,0.0018234,0.00186861,0.00186821,0.00189965,0.00183372,0.00183738,0.00186779,0.00182452,0.00186963,0.00187415,0.00176365,0,)
    time_cleanup_2:               0.57905 0.0120635 0.44628% 84.5893 (0.0111542,0.0119313,0.0121429,0.0121982,0.0120163,0.0119178,0.0118811,0.0119951,0.0121237,0.0119584,0.0117496,0.012172,0.0119124,0.0122848,0.0118104,0.0119572,0.0119919,0.0119189,0.0118774,0.0120766,0.0121566,0.0122084,0.0119922,0.0128911,0.0120596,0.0122056,0.0121897,0.0119455,0.012242,0.0122077,0.0120504,0.011708,0.0120497,0.0118946,0.0118035,0.0123209,0.0118132,0.0116723,0.0121482,0.011982,0.012264,0.0119812,0.0119868,0.0123035,0.0117535,0.0121584,0.0124483,0.0135428,0,)
    time_insideSLT1:              129.179 2.69124 99.56% 18870.9 (2.13563,2.7338,2.69873,2.75336,2.65716,2.76978,2.69565,2.66202,2.74055,2.6834,2.7075,2.68468,2.66129,2.74238,2.71607,2.6328,2.67185,2.70617,2.69625,2.74395,2.72208,2.73337,2.76412,2.65667,2.71015,2.69806,2.68487,2.69091,2.68048,2.69766,2.70289,2.70938,2.7327,2.68856,2.70425,2.68568,2.71529,2.69445,2.70386,2.68073,2.71221,2.65635,2.71807,2.68683,2.68609,2.6794,2.69596,2.79531,0,)
    time_insideSLT2:              129.724 2.70258 99.9797% 18950.5 (2.14636,2.74438,2.70958,2.76405,2.66805,2.78022,2.7062,2.67283,2.75157,2.69388,2.71816,2.69579,2.67272,2.75361,2.72645,2.64335,2.68217,2.71665,2.70697,2.75485,2.73308,2.74452,2.775,2.66877,2.72244,2.71036,2.69698,2.70321,2.69267,2.70953,2.7149,2.7211,2.74469,2.70029,2.71618,2.69793,2.72702,2.70587,2.71577,2.69253,2.72513,2.66859,2.73023,2.69901,2.69735,2.69125,2.70756,2.80416,0,)
    time_STLother:                0.0916425 0.00190922 0.0706299% 13.3874 (0.00178109,0.00184052,0.00190645,0.00192831,0.00186534,0.00185026,0.00188979,0.00196908,0.00202993,0.00192564,0.00185548,0.00192744,0.00193041,0.0019449,0.00185483,0.00188823,0.00185872,0.00213112,0.00190832,0.00195068,0.00193589,0.00200069,0.00190542,0.00185573,0.00190838,0.00188703,0.00196989,0.00189326,0.00193929,0.00191987,0.00192731,0.00188301,0.00185817,0.00194531,0.00185494,0.0019086,0.00189006,0.00184009,0.00187787,0.00188308,0.00195141,0.00189948,0.00192118,0.00191115,0.00182816,0.0019125,0.00185886,0.00203929,0,)
    time_logging_thread:          6.03758 6.03758 223.355% 881.987 (0,0,0,0,0,0,0,0,0,0,0,0,0,0,0,0,0,0,0,0,0,0,0,0,0,0,0,0,0,0,0,0,0,0,0,0,0,0,0,0,0,0,0,0,0,0,0,0,6.03758,)
    int_serialLogFail:            0 (0,0,0,0,0,0,0,0,0,0,0,0,0,0,0,0,0,0,0,0,0,0,0,0,0,0,0,0,0,0,0,0,0,0,0,0,0,0,0,0,0,0,0,0,0,0,0,0,0,)
Projected Disk Bandwidth Utilized - avg 1.48949e+09 real 1.48949e+09
Total time measured 666.015
Total wall time observed 667.642
Estimated CPU_FREQ is 2.19464
