NUM_CORES_PER_SLOT=24
NUMA_NODE_NUM=2
HYPER_THREADING_FACTOR=2
Using SIMD
MM_MAX=_mm512_max_epu32
SIMD_PREFIX=__m512i
MAX_LOGGER_NUM_SIMD=16
Running in big-hash-table mode.

Using 1 disks.
g_flush_blocksize=1048576, g_log_buffer_size=524288000
Init parallelism 96
Stats initialized
Global manager initialized
reading schema file: ./benchmarks/TPCC_full_schema.txt
0 0x7f9ef12e4040 50000000 1
0 0x557a3abf3f80 500 1
0 0x557a3abf6f40 5000 1
0 0x7f9edbb91040 15000000 1
0 0x7f9ec643e040 15000000 1
0 0x7f9e7ebd5040 50000000 1
TPCC schema initialized
TPCC Data Initialization Complete!
workload initialized!
Init time 659.137
Queue Buffer Length7281777
Log Read Size: 419430400
Log buffer size 524288000
log file:		/home/guest/dbx1000/logs/TC_log0_1_TPCC_0.500000.data
/home/guest/dbx1000/logs/TC_log0_1_TPCC_0.500000.data
Start Initializing Locktable, size 16777216
ltiSize=64
Locktable Initialized, size 16777216, schema table size 15728640
mem_allocator initialized!
Query Queue Init Time 11.993773
query_queue initialized!
Setting logger 0 to CPU node 0
PSN Flush Frequency: 1000
sim_done = 1
sim_done = 8
sim_done = 12
sim_done = 19
sim_done = 7
sim_done = 23
sim_done = 26
sim_done = 6
sim_done = 19
sim_done = 28
sim_done = 25
sim_done = 6
sim_done = 10
sim_done = 6
sim_done = 11
sim_done = 30
sim_done = 9
sim_done = 16
sim_done = 21
sim_done = 15
sim_done = 27
sim_done = 22
sim_done = 29
sim_done = 13
sim_done = 14
sim_done = 19
sim_done = 24
sim_done = 2
sim_done = 3
sim_done = 20
sim_done = 31
sim_done = 32
sim_done = 33
sim_done = 34
sim_done = 35
sim_done = 36
sim_done = 37
sim_done = 38
sim_done = 39
sim_done = 40
sim_done = 41
sim_done = 42
sim_done = 43
sim_done = 44
sim_done = 45
sim_done = 46
sim_done = 47
sim_done = 48
Destructor 0. flush size=519653376 (1893728256 to 2413381632)
PASS! SimTime = 1.20576e+10
=Worker Thread=
    Throughput:                   564327
    MaxThr:                       564327
    PerThdThr:                    695776
    run_time:                     469.3 (9.77545,9.78179,9.77958,9.76963,9.78045,9.77697,9.77323,9.77647,9.77234,9.77586,9.77182,9.77471,9.77415,9.77714,9.77081,9.78062,9.78409,9.77382,9.78718,9.7717,9.77296,9.76846,9.77413,9.78218,9.7783,9.77531,9.77784,9.78181,9.77871,9.77845,9.77405,9.77215,9.77463,9.78367,9.77924,9.78966,9.77628,9.77042,9.7786,9.77897,9.77458,9.77631,9.77602,9.77836,9.78614,9.78453,9.7721,9.77851,0,)
    log_bytes:                    2.41338 (0,0,0,0,0,0,0,0,0,0,0,0,0,0,0,0,0,0,0,0,0,0,0,0,0,0,0,0,0,0,0,0,0,0,0,0,0,0,0,0,0,0,0,0,0,0,0,0,2.41338,)
    log_dep_size:                 0 (0,0,0,0,0,0,0,0,0,0,0,0,0,0,0,0,0,0,0,0,0,0,0,0,0,0,0,0,0,0,0,0,0,0,0,0,0,0,0,0,0,0,0,0,0,0,0,0,0,)
    log_total_size:               3.41417 (0.0591428,0.0642001,0.0698996,0.066803,0.0668929,0.070321,0.0733699,0.0744133,0.0733586,0.0713955,0.070361,0.0722945,0.0710454,0.073282,0.0747566,0.0725808,0.0719989,0.0706532,0.0725864,0.0735922,0.0721717,0.0721375,0.0710086,0.0718271,0.0739073,0.0699956,0.0729779,0.0718805,0.0727344,0.0733694,0.0688272,0.0728714,0.0724748,0.0704491,0.0711562,0.0720725,0.071175,0.0735125,0.0696958,0.071226,0.074571,0.0700423,0.0736918,0.0719354,0.0719951,0.0715935,0.0731745,0.0587526,0,)
    latency:                      1.33206e+07 (248364,272393,267027,269537,256849,268542,274449,292654,286246,271693,261851,272491,275750,279189,291758,272676,272844,284357,272062,287782,267500,291713,277184,283732,287796,274923,285252,276563,290499,287155,265674,288617,277965,269850,253158,283591,286929,290930,277988,286574,285822,278647,297634,280190,285451,289320,282030,239392,0,)

    num_commits:                  6.80264e+06 (126974,134422,138316,137180,130883,141489,138222,150000,145451,140512,135934,138320,141146,141645,147175,140562,141599,144363,142866,147069,138393,144808,140147,142982,144524,140007,148528,140895,146267,146231,135963,145668,142900,137450,134986,141294,146465,149136,138907,145138,143730,141145,147943,144366,143657,145594,146196,135195,0,)
    num_async_commits:            5.33013e+06 (98838,108453,109566,107300,102924,110529,107574,117757,113106,109465,104826,108322,111195,110702,117009,110186,110964,115673,112113,115301,106916,113061,108541,111978,112996,108888,116228,109843,114607,114380,107425,113610,112483,107338,103821,110572,116787,117851,108535,113410,110242,109002,117903,113236,110958,113947,114365,109401,0,)
    num_aborts:                   1.06031e+07 (173161,195502,213492,202693,217119,220003,233848,227830,232614,225452,222020,225034,218229,230027,229849,229583,225850,215098,228031,226463,230822,220769,219221,224313,232657,215056,223765,223407,222281,227584,215069,229299,228548,220710,227289,221947,221379,226583,221571,219608,232800,218655,228001,227145,224122,219010,228959,160674,0,)
    num_aborts_logging:           1.04236e+07 (173138,192185,210408,199374,211353,216340,230835,226361,227278,221781,218437,222093,215132,226857,226635,226518,222472,211584,224355,221082,224414,220752,215469,220438,228761,211165,219902,219576,218242,223942,211785,225303,221496,217042,222147,220182,217161,222786,217472,216028,228945,214700,224252,223553,220330,215158,222288,156055,0,)
    num_log_records:              6.80264e+06 (126974,134422,138316,137180,130883,141489,138222,150000,145451,140512,135934,138320,141146,141645,147175,140562,141599,144363,142866,147069,138393,144808,140147,142982,144524,140007,148528,140895,146267,146231,135963,145668,142900,137450,134986,141294,146465,149136,138907,145138,143730,141145,147943,144366,143657,145594,146196,135195,0,)
    log_data:                     0 (0,0,0,0,0,0,0,0,0,0,0,0,0,0,0,0,0,0,0,0,0,0,0,0,0,0,0,0,0,0,0,0,0,0,0,0,0,0,0,0,0,0,0,0,0,0,0,0,0,)
    num_latency_count:            5.33013e+06 (98838,108453,109566,107300,102924,110529,107574,117757,113106,109465,104826,108322,111195,110702,117009,110186,110964,115673,112113,115301,106916,113061,108541,111978,112996,108888,116228,109843,114607,114380,107425,113610,112483,107338,103821,110572,116787,117851,108535,113410,110242,109002,117903,113236,110958,113947,114365,109401,0,)
    num_raw_edges:                0 (0,0,0,0,0,0,0,0,0,0,0,0,0,0,0,0,0,0,0,0,0,0,0,0,0,0,0,0,0,0,0,0,0,0,0,0,0,0,0,0,0,0,0,0,0,0,0,0,0,)
    num_waw_edges:                0 (0,0,0,0,0,0,0,0,0,0,0,0,0,0,0,0,0,0,0,0,0,0,0,0,0,0,0,0,0,0,0,0,0,0,0,0,0,0,0,0,0,0,0,0,0,0,0,0,0,)
    num_war_edges:                0 (0,0,0,0,0,0,0,0,0,0,0,0,0,0,0,0,0,0,0,0,0,0,0,0,0,0,0,0,0,0,0,0,0,0,0,0,0,0,0,0,0,0,0,0,0,0,0,0,0,)
    int_num_log:                  1.72262e+07 (300112,326607,348724,336554,342236,357829,369057,376361,372729,362293,354371,360413,356278,368502,373810,367080,364071,355947,367221,368151,362807,365560,355616,363420,373285,351172,368430,360471,364509,370173,347748,370971,364396,354492,357133,361476,363626,371922,356379,361166,372675,355845,372195,367919,363987,360752,368484,291250,0,)
    int_debug_get_next:           0 (0,0,0,0,0,0,0,0,0,0,0,0,0,0,0,0,0,0,0,0,0,0,0,0,0,0,0,0,0,0,0,0,0,0,0,0,0,0,0,0,0,0,0,0,0,0,0,0,0,)
    int_debug1:                   0 (0,0,0,0,0,0,0,0,0,0,0,0,0,0,0,0,0,0,0,0,0,0,0,0,0,0,0,0,0,0,0,0,0,0,0,0,0,0,0,0,0,0,0,0,0,0,0,0,0,)
    int_debug2:                   2.20681e+09 (0,0,0,0,0,0,0,0,0,0,0,0,0,0,0,0,0,0,0,0,0,0,0,0,0,0,0,0,0,0,0,0,0,0,0,0,0,0,0,0,0,0,0,0,0,0,0,0,2206812160,)
    int_debug3:                   1807 (0,0,0,0,0,0,0,0,0,0,0,0,0,0,0,0,0,0,0,0,0,0,0,0,0,0,0,0,0,0,0,0,0,0,0,0,0,0,0,0,0,0,0,0,0,0,0,0,1807,)
    int_debug4:                   2.7668e+08 (3592299,5500595,5514631,5106820,6583829,5680584,5482018,4512407,6407132,6065969,4825776,5458220,5051770,6026942,5383905,5791873,6872127,5547620,6146368,6842371,6182788,3516093,5209609,6364291,6471600,5018546,6510415,5867042,6128903,6147362,6800679,5414278,6878498,5261241,7335006,4902922,5815046,6266547,5580777,5666078,5642344,4981392,6440801,5419999,5898852,6052499,7045088,5467633,0,)
    int_debug5:                   1.27146e+08 (2194961,2388723,2603872,2488568,2494099,2617373,2729564,2765740,2733985,2657293,2620344,2691819,2645058,2728191,2784187,2700535,2680055,2631525,2703041,2744753,2692899,2678281,2646141,2674712,2752138,2609062,2717768,2678213,2710739,2732825,2562391,2712645,2706536,2623592,2654442,2680064,2649650,2737376,2595007,2651050,2777572,2607403,2743148,2676285,2681174,2666039,2732350,2193173,0,)
    int_debug6:                   7.02954e+06 (115451,149866,135612,150343,144366,152677,148305,135881,161179,141922,139588,148581,137069,143360,151620,144954,142788,142357,150391,172842,153662,91547,150320,141467,138538,149133,157142,152448,147506,139169,144339,144920,151170,150629,170536,132843,149593,158108,150536,140752,142519,147150,149186,149220,141965,144116,159304,172569,0,)
    int_debug7:                   3.43919e+06 (73173,74374,66808,74116,74502,68592,74310,73349,76458,70840,75430,71014,66815,69318,69750,67104,64373,66945,69339,66038,71613,75855,75032,72235,70093,76493,68093,75592,68091,66944,71108,69429,66779,75408,73759,75646,69225,71647,77079,72592,78057,77218,75295,72133,76568,70004,66345,68205,0,)
    int_debug8:                   0 (0,0,0,0,0,0,0,0,0,0,0,0,0,0,0,0,0,0,0,0,0,0,0,0,0,0,0,0,0,0,0,0,0,0,0,0,0,0,0,0,0,0,0,0,0,0,0,0,0,)
    int_debug9:                   4.75806e+07 (889722,936847,969411,956067,916176,989263,967003,1050381,1014419,979819,949930,967386,985139,990125,1033809,984306,993297,1010300,1003328,1026937,970503,1014781,982855,1000829,1010114,977268,1037964,986188,1023637,1024309,949637,1015637,999051,961913,942105,989552,1023721,1042017,972503,1013411,1010050,986015,1033857,1007905,1005275,1016639,1025066,944097,0,)
    int_debug10:                  9.48023e+07 (1302279,2006630,1883952,1743813,2269750,1964394,1765301,1582007,2173913,2062423,1609987,1742681,1698633,2037224,1790220,1930142,2275508,1917569,2091171,2282830,2004889,1263224,1759790,2222534,2228738,1712104,2280553,1994133,2135346,2159644,2293192,1843306,2295253,1763146,2389665,1702228,2032602,2151414,1934510,2020883,1921889,1726622,2252399,1871324,2088461,2168668,2383265,2072125,0,)
    int_psnflush:                 0 (0,0,0,0,0,0,0,0,0,0,0,0,0,0,0,0,0,0,0,0,0,0,0,0,0,0,0,0,0,0,0,0,0,0,0,0,0,0,0,0,0,0,0,0,0,0,0,0,0,)
    int_flush_time_interval:      0 (0,0,0,0,0,0,0,0,0,0,0,0,0,0,0,0,0,0,0,0,0,0,0,0,0,0,0,0,0,0,0,0,0,0,0,0,0,0,0,0,0,0,0,0,0,0,0,0,0,)
    int_flush_half_full:          1806 (0,0,0,0,0,0,0,0,0,0,0,0,0,0,0,0,0,0,0,0,0,0,0,0,0,0,0,0,0,0,0,0,0,0,0,0,0,0,0,0,0,0,0,0,0,0,0,0,1806,)
    int_rec_fail_to_insert:       0 (0,0,0,0,0,0,0,0,0,0,0,0,0,0,0,0,0,0,0,0,0,0,0,0,0,0,0,0,0,0,0,0,0,0,0,0,0,0,0,0,0,0,0,0,0,0,0,0,0,)
    int_num_get_row:              1.26967e+08 (2194938,2385406,2600792,2485251,2488336,2613712,2726555,2764274,2728653,2653623,2616762,2688880,2641967,2725026,2780974,2697473,2676683,2628014,2699368,2739375,2686491,2678264,2642395,2670842,2748243,2605175,2713908,2674385,2706704,2729186,2559109,2708656,2699487,2619927,2649303,2678301,2645439,2733582,2590910,2647472,2773720,2603451,2739403,2672697,2677385,2662188,2725681,2188554,0,)
    int_locktable_volume:         4.00723e+08 (4405689,7410733,7795537,8435968,9218064,7998101,8920379,6144155,10303147,8200342,8197412,8712297,8006032,8173798,8472207,8404931,9494317,8180382,8389855,10572755,10416787,3868955,8275349,8366072,8315337,8177939,8521680,8387022,8326523,8200719,8879873,8348286,10303162,8235929,10439271,6440845,8350648,8762259,8018011,7875887,8531770,8251365,8609176,8125641,8273090,7840164,10800955,8344345,0,)
    int_aux_bytes:                1.3781e+08 (2400896,2612856,2789792,2692432,2737888,2862632,2952456,3010888,2981832,2898344,2834968,2883304,2850224,2948016,2990480,2936640,2912568,2847576,2937768,2945208,2902456,2924480,2844928,2907360,2986280,2809376,2947440,2883768,2916072,2961384,2781984,2967768,2915168,2835936,2857064,2891808,2909008,2975376,2851032,2889328,2981400,2846760,2977560,2943352,2911896,2886016,2947872,2330000,0,)
    int_nonzero:                  0 (0,0,0,0,0,0,0,0,0,0,0,0,0,0,0,0,0,0,0,0,0,0,0,0,0,0,0,0,0,0,0,0,0,0,0,0,0,0,0,0,0,0,0,0,0,0,0,0,0,)
    num_log_entries:              1.72262e+07 (300112,326607,348724,336554,342236,357829,369057,376361,372729,362293,354371,360413,356278,368502,373810,367080,364071,355947,367221,368151,362807,365560,355616,363420,373285,351172,368430,360471,364509,370173,347748,370971,364396,354492,357133,361476,363626,371922,356379,361166,372675,355845,372195,367919,363987,360752,368484,291250,0,)
    time_ts_alloc:                0 -nan -nan% 0 (0,0,0,0,0,0,0,0,0,0,0,0,0,0,0,0,0,0,0,0,0,0,0,0,0,0,0,0,0,0,0,0,0,0,0,0,0,0,0,0,0,0,0,0,0,0,0,0,0,)
    time_man:                     298.442 6.21755 139.905% 43871.5 (5.44263,6.03231,6.15657,6.14753,6.18869,6.2219,6.31526,6.23468,6.25558,6.22121,6.25279,6.28212,6.23557,6.29915,6.23769,6.26743,6.22942,6.15466,6.19455,6.22777,6.32541,6.14198,6.2548,6.25351,6.2797,6.23307,6.253,6.27973,6.26977,6.25469,6.23837,6.28163,6.28763,6.28992,6.29834,6.26566,6.2129,6.28295,6.26887,6.2197,6.32792,6.27792,6.25816,6.26002,6.28875,6.25666,6.29713,5.6868,0,)
    time_cleanup:                 256.116 5.33576 120.063% 37649.5 (4.58952,5.22437,5.31933,5.30096,5.35499,5.33652,5.45185,5.28766,5.35081,5.34862,5.39069,5.40577,5.35933,5.41344,5.33022,5.38796,5.33018,5.26063,5.30204,5.31823,5.47363,5.23742,5.37589,5.35978,5.37448,5.36074,5.3313,5.38725,5.3688,5.34275,5.37973,5.39442,5.41309,5.42535,5.4225,5.37367,5.28893,5.37705,5.38688,5.34453,5.42111,5.39324,5.3426,5.37352,5.39398,5.36552,5.38038,4.96459,0,)
    time_txn:                     0 -nan -nan% 0 (0,0,0,0,0,0,0,0,0,0,0,0,0,0,0,0,0,0,0,0,0,0,0,0,0,0,0,0,0,0,0,0,0,0,0,0,0,0,0,0,0,0,0,0,0,0,0,0,0,)
    time_index:                   7.82467 0.163014 3.66807% 1150.24 (0.209528,0.148108,0.153447,0.150757,0.148812,0.159877,0.157315,0.168152,0.165564,0.161588,0.171829,0.159786,0.158434,0.16286,0.167455,0.162309,0.167796,0.164408,0.162567,0.165935,0.155146,0.165067,0.163051,0.175687,0.165247,0.162462,0.171574,0.164251,0.163905,0.165607,0.158274,0.16586,0.160003,0.160735,0.158962,0.163298,0.167553,0.165017,0.161318,0.166028,0.163792,0.166464,0.16828,0.161864,0.163199,0.164773,0.162781,0.12794,0,)
    time_log:                     130.658 2.72203 61.2501% 19206.9 (2.13978,2.70321,2.71765,2.70105,2.71437,2.79077,2.72383,2.73958,2.75999,2.76333,2.70365,2.73085,2.70075,2.74146,2.73004,2.70922,2.73668,2.76484,2.73428,2.79767,2.74568,2.54821,2.76128,2.68899,2.67826,2.72268,2.73026,2.71825,2.68334,2.7459,2.6877,2.7482,2.76624,2.74636,2.73945,2.72571,2.73455,2.65943,2.69016,2.75182,2.69754,2.7142,2.71867,2.74091,2.71312,2.76048,2.72249,3.21472,0,)
    time_io:                      8.57432 8.57432 192.936% 1260.44 (0,0,0,0,0,0,0,0,0,0,0,0,0,0,0,0,0,0,0,0,0,0,0,0,0,0,0,0,0,0,0,0,0,0,0,0,0,0,0,0,0,0,0,0,0,0,0,0,8.57432,)
    time_wait_io:                 0 -nan -nan% 0 (0,0,0,0,0,0,0,0,0,0,0,0,0,0,0,0,0,0,0,0,0,0,0,0,0,0,0,0,0,0,0,0,0,0,0,0,0,0,0,0,0,0,0,0,0,0,0,0,0,)
    time_phase1_add_graph:        0 -nan -nan% 0 (0,0,0,0,0,0,0,0,0,0,0,0,0,0,0,0,0,0,0,0,0,0,0,0,0,0,0,0,0,0,0,0,0,0,0,0,0,0,0,0,0,0,0,0,0,0,0,0,0,)
    time_recover_txn:             0 -nan -nan% 0 (0,0,0,0,0,0,0,0,0,0,0,0,0,0,0,0,0,0,0,0,0,0,0,0,0,0,0,0,0,0,0,0,0,0,0,0,0,0,0,0,0,0,0,0,0,0,0,0,0,)
    time_lv_overhead:             4.54021 0.0945876 2.12837% 667.418 (0.0617416,0.088835,0.093679,0.087238,0.0932696,0.0929905,0.0966047,0.0969761,0.0962806,0.0936022,0.0950232,0.0997531,0.0981449,0.0993709,0.102152,0.101574,0.0962905,0.0937555,0.0953292,0.101384,0.0947237,0.0743568,0.0939321,0.093252,0.0942479,0.0935969,0.101198,0.0960915,0.0981471,0.0940058,0.0982851,0.0956282,0.0998249,0.100424,0.109384,0.0912427,0.0981003,0.104054,0.0936845,0.0905464,0.0898083,0.0923451,0.0956764,0.100824,0.0931277,0.0964864,0.099952,0.0732654,0,)
    time_state_malloc:            0 -nan -nan% 0 (0,0,0,0,0,0,0,0,0,0,0,0,0,0,0,0,0,0,0,0,0,0,0,0,0,0,0,0,0,0,0,0,0,0,0,0,0,0,0,0,0,0,0,0,0,0,0,0,0,)
    time_phase1_1:                9.83874 0.204974 4.61223% 1446.31 (0.297035,0.186472,0.193494,0.192666,0.191489,0.203402,0.204563,0.219904,0.21112,0.20514,0.202042,0.201091,0.203214,0.209328,0.207097,0.205952,0.204064,0.207187,0.210861,0.2142,0.210019,0.208244,0.204295,0.21202,0.206319,0.198038,0.206846,0.203576,0.207874,0.204764,0.195997,0.206431,0.199308,0.197702,0.194493,0.205125,0.205852,0.202586,0.20008,0.20369,0.213524,0.20258,0.205693,0.201035,0.206307,0.208338,0.203423,0.154253,0,)
    time_phase1_2:                13.9926 0.291513 6.5595% 2056.94 (0.247125,0.262479,0.270963,0.273041,0.270812,0.28595,0.289667,0.313258,0.294026,0.286106,0.282176,0.304456,0.297335,0.290117,0.300919,0.292523,0.298309,0.293775,0.302668,0.305301,0.276217,0.306213,0.291458,0.314933,0.297792,0.289668,0.307837,0.294691,0.298027,0.304399,0.288882,0.294448,0.285281,0.291285,0.312483,0.296906,0.312772,0.296017,0.288664,0.291716,0.294765,0.289391,0.301444,0.29014,0.294759,0.294134,0.297063,0.230215,0,)
    time_phase2:                  17.0383 0.354964 7.98725% 2504.65 (0.31439,0.327721,0.329545,0.334594,0.334838,0.358794,0.348225,0.379244,0.364336,0.352579,0.348198,0.357394,0.346398,0.352455,0.365172,0.351237,0.367345,0.359696,0.362734,0.374537,0.340888,0.38321,0.355211,0.359212,0.360024,0.352135,0.384223,0.362087,0.365929,0.362623,0.351641,0.356998,0.347456,0.353018,0.36833,0.361217,0.374387,0.364672,0.36203,0.346673,0.362597,0.351461,0.370293,0.349686,0.358495,0.359035,0.360036,0.285258,0,)
    time_phase3:                  18.5368 0.386183 8.68972% 2724.94 (0.341668,0.373339,0.38997,0.389056,0.37862,0.400235,0.393798,0.419476,0.404447,0.401846,0.396115,0.398779,0.40036,0.405197,0.41214,0.403132,0.404644,0.412996,0.405082,0.417753,0.392271,0.418122,0.407752,0.377535,0.382243,0.371245,0.383776,0.378112,0.379659,0.388312,0.363702,0.380959,0.37105,0.368684,0.365979,0.38267,0.382363,0.376479,0.369301,0.37054,0.384456,0.377521,0.384861,0.3765,0.380748,0.379097,0.379214,0.314959,0,)
    time_phase1_1_raw:            28.9369 0.602851 13.5651% 4253.77 (0.521122,0.553239,0.588344,0.588502,0.571324,0.603531,0.595156,0.64194,0.611111,0.59991,0.594325,0.595979,0.611716,0.61108,0.617784,0.594764,0.604774,0.612331,0.603104,0.618447,0.584799,0.611606,0.601967,0.61248,0.629858,0.596629,0.612499,0.606671,0.612916,0.632361,0.585802,0.609536,0.603542,0.595795,0.589497,0.620179,0.618909,0.615793,0.599159,0.605048,0.63121,0.617841,0.630546,0.611678,0.622667,0.61064,0.637277,0.491482,0,)
    time_phase1_2_raw:            3.56923 0.074359 1.6732% 524.683 (0.0585165,0.0668939,0.0698884,0.0701216,0.0687506,0.0727997,0.0733528,0.0783653,0.0752221,0.0753755,0.0743144,0.0744541,0.0737001,0.0759924,0.0752737,0.0753643,0.0742636,0.0759247,0.0749556,0.0768573,0.0728277,0.0775754,0.0764216,0.0765333,0.0775699,0.0762187,0.0783116,0.0772684,0.0762038,0.0773379,0.074104,0.0776159,0.0754712,0.0764577,0.0744368,0.0771345,0.0767622,0.0756446,0.0758763,0.0747833,0.0781942,0.076342,0.0775345,0.0753189,0.0778293,0.0768777,0.0746492,0.047547,0,)
    time_phase2_raw:              1.74148 0.0362808 0.816376% 256 (0.0287621,0.0327226,0.0341857,0.0344364,0.0337118,0.0357822,0.0351378,0.0369734,0.0360843,0.0364229,0.0363951,0.0365402,0.0361072,0.0370786,0.0367566,0.0367571,0.0360929,0.0374027,0.0367704,0.03836,0.0351478,0.0375996,0.0375359,0.0371042,0.0374669,0.0373664,0.0380205,0.037695,0.0374221,0.0375083,0.0363379,0.0381745,0.0367658,0.0375164,0.0365286,0.0378254,0.0374066,0.0367742,0.0370387,0.036327,0.0383331,0.0377894,0.0381289,0.0367518,0.0377387,0.0374098,0.0361346,0.0231503,0,)
    time_phase3_raw:              0 -nan -nan% 0 (0,0,0,0,0,0,0,0,0,0,0,0,0,0,0,0,0,0,0,0,0,0,0,0,0,0,0,0,0,0,0,0,0,0,0,0,0,0,0,0,0,0,0,0,0,0,0,0,0,)
    time_recover_full:            0 -nan -nan% 0 (0,0,0,0,0,0,0,0,0,0,0,0,0,0,0,0,0,0,0,0,0,0,0,0,0,0,0,0,0,0,0,0,0,0,0,0,0,0,0,0,0,0,0,0,0,0,0,0,0,)
    time_recover1:                0 -nan -nan% 0 (0,0,0,0,0,0,0,0,0,0,0,0,0,0,0,0,0,0,0,0,0,0,0,0,0,0,0,0,0,0,0,0,0,0,0,0,0,0,0,0,0,0,0,0,0,0,0,0,0,)
    time_recover2:                0 -nan -nan% 0 (0,0,0,0,0,0,0,0,0,0,0,0,0,0,0,0,0,0,0,0,0,0,0,0,0,0,0,0,0,0,0,0,0,0,0,0,0,0,0,0,0,0,0,0,0,0,0,0,0,)
    time_recover3:                0 -nan -nan% 0 (0,0,0,0,0,0,0,0,0,0,0,0,0,0,0,0,0,0,0,0,0,0,0,0,0,0,0,0,0,0,0,0,0,0,0,0,0,0,0,0,0,0,0,0,0,0,0,0,0,)
    time_recover4:                0 -nan -nan% 0 (0,0,0,0,0,0,0,0,0,0,0,0,0,0,0,0,0,0,0,0,0,0,0,0,0,0,0,0,0,0,0,0,0,0,0,0,0,0,0,0,0,0,0,0,0,0,0,0,0,)
    time_recover5:                0 -nan -nan% 0 (0,0,0,0,0,0,0,0,0,0,0,0,0,0,0,0,0,0,0,0,0,0,0,0,0,0,0,0,0,0,0,0,0,0,0,0,0,0,0,0,0,0,0,0,0,0,0,0,0,)
    time_recover6:                0 -nan -nan% 0 (0,0,0,0,0,0,0,0,0,0,0,0,0,0,0,0,0,0,0,0,0,0,0,0,0,0,0,0,0,0,0,0,0,0,0,0,0,0,0,0,0,0,0,0,0,0,0,0,0,)
    time_recover7:                0 -nan -nan% 0 (0,0,0,0,0,0,0,0,0,0,0,0,0,0,0,0,0,0,0,0,0,0,0,0,0,0,0,0,0,0,0,0,0,0,0,0,0,0,0,0,0,0,0,0,0,0,0,0,0,)
    time_recover8:                0 -nan -nan% 0 (0,0,0,0,0,0,0,0,0,0,0,0,0,0,0,0,0,0,0,0,0,0,0,0,0,0,0,0,0,0,0,0,0,0,0,0,0,0,0,0,0,0,0,0,0,0,0,0,0,)
    time_debug_get_next:          0 -nan -nan% 0 (0,0,0,0,0,0,0,0,0,0,0,0,0,0,0,0,0,0,0,0,0,0,0,0,0,0,0,0,0,0,0,0,0,0,0,0,0,0,0,0,0,0,0,0,0,0,0,0,0,)
    time_debug0:                  14.7679 0.307664 6.92293% 2170.9 (0.210751,0.275692,0.317899,0.290279,0.311554,0.306185,0.33637,0.32371,0.3137,0.302446,0.32049,0.325012,0.33467,0.339694,0.346521,0.335226,0.30696,0.311284,0.309423,0.307486,0.340681,0.281363,0.303296,0.297844,0.314478,0.293119,0.322141,0.299636,0.305453,0.303279,0.30774,0.305087,0.310824,0.308752,0.315731,0.298695,0.307919,0.324274,0.30957,0.292174,0.307963,0.300463,0.307751,0.321911,0.300022,0.300305,0.319858,0.242185,0,)
    time_debug1:                  36.6437 0.763411 17.178% 5386.69 (0.526268,0.675228,0.778387,0.692879,0.750178,0.734687,0.803564,0.757112,0.770431,0.744789,0.771502,0.816755,0.807286,0.796338,0.833445,0.813109,0.805772,0.768282,0.783666,0.799588,0.813649,0.623531,0.72365,0.750576,0.759376,0.718391,0.779616,0.767011,0.780012,0.751626,0.826318,0.763189,0.835933,0.785467,0.851963,0.731326,0.794978,0.859141,0.723834,0.720426,0.731547,0.73502,0.787591,0.820042,0.736257,0.726494,0.876221,0.641285,0,)
    time_debug2:                  2.25052 0.0468859 1.05501% 330.831 (0.0248206,0.0452081,0.0463425,0.0495646,0.0446677,0.0484712,0.0528107,0.0392994,0.0500935,0.0447307,0.0454151,0.0536394,0.0470545,0.0485222,0.0544468,0.0514522,0.0471478,0.04446,0.049693,0.0603574,0.053355,0.0116048,0.0474001,0.0428624,0.0409974,0.0446094,0.053556,0.0463456,0.0475182,0.0440594,0.0488712,0.046099,0.0505393,0.0505785,0.0618453,0.0393708,0.0479165,0.055543,0.0443331,0.0412182,0.0415932,0.0460968,0.0453851,0.0537221,0.0422207,0.0459566,0.0570094,0.0517184,0,)
    time_debug3:                  43.9206 0.915012 20.5892% 6456.4 (1.24752,0.995941,0.911379,1.02287,0.988231,0.899289,0.937874,0.822776,0.857527,0.915627,0.969249,0.902527,0.89037,0.906032,0.779103,0.893201,0.846189,0.783965,0.819035,0.759912,0.919944,1.19931,0.956621,0.983449,0.985543,0.996194,0.846797,0.968034,0.95463,0.897932,0.932647,0.933275,0.850334,0.943476,0.873376,0.999446,0.799826,0.873333,1.02869,0.948587,1.04053,0.998414,0.878311,0.830182,0.996905,0.939766,0.791744,0.404683,0,)
    time_debug4:                  14.1792 0.295401 6.64698% 2084.37 (0.171317,0.259946,0.296488,0.279414,0.289274,0.280342,0.335923,0.249755,0.320635,0.288223,0.293248,0.324357,0.302066,0.299851,0.330831,0.304969,0.330258,0.306719,0.315243,0.339404,0.329104,0.142217,0.285504,0.286028,0.275822,0.277103,0.30786,0.303944,0.302109,0.280266,0.326354,0.289598,0.335324,0.315958,0.354732,0.262933,0.312142,0.347095,0.282798,0.256431,0.274533,0.287304,0.321015,0.319736,0.275485,0.261536,0.36752,0.28051,0,)
    time_debug5:                  0.482514 0.0100524 0.226194% 70.9304 (0.00810647,0.00929178,0.0094294,0.0095214,0.009617,0.00976482,0.00974435,0.0105857,0.01041,0.0100702,0.00986635,0.0098904,0.0100105,0.0100927,0.0100657,0.0101218,0.0100759,0.0103318,0.010172,0.0103167,0.00988007,0.0105113,0.0100723,0.0103933,0.0104298,0.0101757,0.0106092,0.0102154,0.0103316,0.01031,0.0100736,0.0105811,0.0101571,0.010076,0.00992722,0.0101842,0.0107504,0.0103278,0.010307,0.0101778,0.0101778,0.0102905,0.0105738,0.0104209,0.0104043,0.010327,0.0102325,0.0071115,0,)
    time_debug6:                  0 -nan -nan% 0 (0,0,0,0,0,0,0,0,0,0,0,0,0,0,0,0,0,0,0,0,0,0,0,0,0,0,0,0,0,0,0,0,0,0,0,0,0,0,0,0,0,0,0,0,0,0,0,0,0,)
    time_debug7:                  0 -nan -nan% 0 (0,0,0,0,0,0,0,0,0,0,0,0,0,0,0,0,0,0,0,0,0,0,0,0,0,0,0,0,0,0,0,0,0,0,0,0,0,0,0,0,0,0,0,0,0,0,0,0,0,)
    time_debug8:                  3.10786 0.0647471 1.45691% 456.861 (0.0453174,0.0590582,0.0614357,0.0592971,0.0620222,0.06063,0.0631303,0.0630423,0.0627652,0.0635908,0.0628575,0.0643655,0.0652749,0.0640111,0.0658165,0.0644964,0.0632918,0.061603,0.0631284,0.0633659,0.0702327,0.0592342,0.0622322,0.0664509,0.0682281,0.0655902,0.0682334,0.0663472,0.067336,0.0678392,0.0669958,0.0678986,0.0684741,0.0668151,0.0670969,0.0661115,0.0683108,0.0713904,0.067407,0.0701244,0.0663469,0.0679908,0.0699457,0.0682057,0.0693972,0.0697027,0.0711784,0.0442445,0,)
    time_debug9:                  3.60829 0.0751727 1.69151% 530.425 (0.0494111,0.0707778,0.0722227,0.0719081,0.0766655,0.0707338,0.0742735,0.0728202,0.0804273,0.0762025,0.0743014,0.0769967,0.0738574,0.075003,0.0743534,0.075896,0.0790536,0.0761348,0.0762144,0.0835766,0.0766159,0.0586803,0.0754281,0.078078,0.0771378,0.0752787,0.0784025,0.0753874,0.0792696,0.0769939,0.0789085,0.0759771,0.0826057,0.0784749,0.0816609,0.0707743,0.0778984,0.0799208,0.0804726,0.0748714,0.073934,0.0763545,0.0790899,0.0742763,0.0784102,0.0765897,0.0819876,0.0539823,0,)
    time_debug10:                 0 -nan -nan% 0 (0,0,0,0,0,0,0,0,0,0,0,0,0,0,0,0,0,0,0,0,0,0,0,0,0,0,0,0,0,0,0,0,0,0,0,0,0,0,0,0,0,0,0,0,0,0,0,0,0,)
    time_debug11:                 106.435 2.21741 49.8951% 15646.2 (2.24455,2.20975,2.19887,2.18434,2.19618,2.20167,2.21581,2.19938,2.26787,2.24055,2.17219,2.19212,2.20427,2.27817,2.22266,2.21649,2.25512,2.2307,2.23341,2.22368,2.22195,2.04457,2.18535,2.25483,2.26439,2.20501,2.28484,2.21922,2.19214,2.2641,2.18909,2.23134,2.24823,2.17854,2.21503,2.22056,2.28238,2.22128,2.20946,2.25709,2.13885,2.20182,2.22084,2.22522,2.23713,2.24492,2.23461,2.1549,0,)
    time_debug12:                 262.468 5.46808 123.04% 38583.2 (4.88136,5.18043,5.3554,5.37003,5.36965,5.49547,5.55149,5.58774,5.49375,5.46311,5.54746,5.55339,5.49286,5.50341,5.51755,5.53311,5.47471,5.45064,5.47198,5.53514,5.52494,5.62271,5.55316,5.48241,5.50486,5.46922,5.47991,5.53687,5.55559,5.48932,5.4768,5.52363,5.47641,5.54799,5.51792,5.51124,5.43815,5.53427,5.50784,5.40096,5.67518,5.53461,5.54007,5.49568,5.54534,5.47729,5.53547,4.68131,0,)
    time_debug13:                 0 -nan -nan% 0 (0,0,0,0,0,0,0,0,0,0,0,0,0,0,0,0,0,0,0,0,0,0,0,0,0,0,0,0,0,0,0,0,0,0,0,0,0,0,0,0,0,0,0,0,0,0,0,0,0,)
    time_debug14:                 0 -nan -nan% 0 (0,0,0,0,0,0,0,0,0,0,0,0,0,0,0,0,0,0,0,0,0,0,0,0,0,0,0,0,0,0,0,0,0,0,0,0,0,0,0,0,0,0,0,0,0,0,0,0,0,)
    time_debug15:                 251.538 5.24037 117.917% 36976.5 (4.51531,5.14241,5.23472,5.21296,5.26703,5.24571,5.34061,5.17675,5.25171,5.25725,5.3035,5.29969,5.25438,5.32115,5.22955,5.29184,5.23233,5.16833,5.19748,5.21856,5.37533,5.13912,5.28413,5.24942,5.27807,5.26914,5.23486,5.29419,5.27225,5.24333,5.28769,5.29958,5.3234,5.331,5.31053,5.27834,5.1811,5.28199,5.29604,5.24939,5.32827,5.30101,5.2465,5.27822,5.29964,5.27124,5.28014,4.89274,0,)
    time_rec_loop_tryRead:        0 -nan -nan% 0 (0,0,0,0,0,0,0,0,0,0,0,0,0,0,0,0,0,0,0,0,0,0,0,0,0,0,0,0,0,0,0,0,0,0,0,0,0,0,0,0,0,0,0,0,0,0,0,0,0,)
    time_rec_finding_empty_slot:  0 -nan -nan% 0 (0,0,0,0,0,0,0,0,0,0,0,0,0,0,0,0,0,0,0,0,0,0,0,0,0,0,0,0,0,0,0,0,0,0,0,0,0,0,0,0,0,0,0,0,0,0,0,0,0,)
    time_silo_validate1:          4.70885 0.0981011 2.20743% 692.209 (0.0817589,0.0915071,0.0925976,0.0938646,0.0924777,0.0953675,0.0959347,0.100913,0.0981583,0.0991517,0.0975491,0.096585,0.097749,0.0989991,0.0984365,0.099291,0.0981256,0.101762,0.0989279,0.101542,0.0952801,0.102213,0.100525,0.100497,0.101788,0.100671,0.102718,0.101348,0.10102,0.102338,0.0980477,0.102399,0.100087,0.0997502,0.0973904,0.101068,0.101602,0.099787,0.100226,0.0999327,0.101021,0.100645,0.102131,0.099721,0.102927,0.100847,0.0984614,0.0637097,0,)
    time_silo_validate2:          1.55455 0.0323865 0.728749% 228.522 (0.025701,0.0289125,0.0298748,0.0302738,0.0301018,0.0320048,0.0330966,0.0345147,0.0327064,0.0329344,0.0324273,0.0318181,0.03209,0.0333929,0.0324819,0.032903,0.0327577,0.0327881,0.032691,0.0323957,0.0321427,0.0343008,0.0328726,0.0333986,0.0336496,0.0326461,0.0333071,0.0333738,0.0333001,0.0350567,0.0320134,0.0335234,0.0326996,0.032649,0.0318093,0.0333391,0.0337524,0.0330892,0.0327964,0.0330896,0.0334852,0.0330835,0.0346558,0.0340616,0.0339505,0.0332339,0.0325203,0.020887,0,)
    time_silo_validate3:          100.113 2.08569 46.9314% 14716.8 (2.05385,2.03774,2.1037,2.10425,2.14117,2.03922,2.18283,2.00441,2.04777,2.05973,2.16078,2.15091,2.13188,2.14556,2.07157,2.147,2.05862,1.9618,2.02742,1.97899,2.18025,2.17662,2.08357,2.12866,2.15505,2.10272,2.05743,2.13293,2.13848,2.0517,2.16866,2.09328,2.09591,2.14283,2.15433,2.12524,2.0038,2.16811,2.16244,2.05491,2.17693,2.13294,2.07339,2.07904,2.12979,2.06535,2.09443,1.37531,0,)
    time_silo_validate4:          2.02182 0.0421212 0.947794% 297.211 (0.0320305,0.0355713,0.0424266,0.0397789,0.0368911,0.0379442,0.0453488,0.0454437,0.0438823,0.0390993,0.0472974,0.0470788,0.0477433,0.0404421,0.0480002,0.0452643,0.0446356,0.0441284,0.0406015,0.0421837,0.0446118,0.0420234,0.0439123,0.0392646,0.0398705,0.0446213,0.0411314,0.0401754,0.0458557,0.0401617,0.0390623,0.0447173,0.0463089,0.0478094,0.0381186,0.0391771,0.0451542,0.0472537,0.03893,0.039617,0.0409982,0.044764,0.0407178,0.0451358,0.0406965,0.0395343,0.0436695,0.0327339,0,)
    time_silo_validate5:          110.474 2.30153 51.7882% 16239.8 (2.2238,2.23348,2.30702,2.30833,2.34219,2.24735,2.40106,2.22743,2.26762,2.27467,2.38239,2.36773,2.35243,2.3623,2.29223,2.36671,2.27952,2.18392,2.24405,2.19972,2.39698,2.3945,2.30516,2.34575,2.37472,2.32634,2.27951,2.3527,2.36527,2.27368,2.37972,2.32778,2.32329,2.36491,2.36437,2.33907,2.2294,2.39231,2.37638,2.27119,2.39647,2.35746,2.29545,2.30236,2.35232,2.28357,2.31598,1.52301,0,)
    time_silo_validate6:          0.00555065 0.000115638 0.00260205% 0.815954 (1.55909e-06,0.000107128,0.000101162,0.000107652,0.000161115,0.000112979,9.74282e-05,6.30291e-05,0.000159099,0.000114738,0.000105969,9.42718e-05,0.000104586,0.000106179,0.000103416,9.62618e-05,0.000108406,0.000116157,0.000118325,0.000158562,0.000171714,1.57727e-06,0.000117995,0.000125141,0.000128449,0.000124212,0.000117209,0.000118309,0.000120959,0.000113305,0.000106127,0.000131043,0.00018386,0.000111593,0.000144841,6.24855e-05,0.000134571,0.000120989,0.000125645,0.00012249,0.000123289,0.000116077,0.000124562,0.00011247,0.000119035,0.000118657,0.000185325,0.00013069,0,)
    time_silo_validate7:          1.87668 0.0390974 0.879754% 275.875 (0.0284132,0.0337483,0.0359138,0.0342503,0.0345086,0.0380262,0.0474005,0.0441077,0.040472,0.0379241,0.0378144,0.0375536,0.0366258,0.0386798,0.0371267,0.0383781,0.0379167,0.039088,0.0396841,0.0382599,0.0385039,0.0403361,0.0393973,0.0382418,0.0389336,0.0368382,0.0372061,0.0380786,0.0373438,0.0407022,0.0360451,0.0380548,0.039081,0.0366218,0.0380346,0.0386849,0.0396382,0.0389144,0.0378029,0.0422489,0.0514575,0.0402104,0.0429171,0.0520937,0.0427916,0.0400552,0.0496981,0.0308524,0,)
    time_silo_validate8:          129.77 2.70353 60.8338% 19076.3 (2.12436,2.69165,2.70485,2.68502,2.69819,2.7744,2.7007,2.71161,2.74338,2.74819,2.69223,2.69978,2.67088,2.72504,2.70431,2.69006,2.71622,2.75029,2.70902,2.77813,2.73369,2.52809,2.74528,2.66053,2.66086,2.70696,2.71195,2.70318,2.66454,2.72574,2.67044,2.7331,2.75322,2.72819,2.70377,2.70734,2.7075,2.64239,2.67664,2.73332,2.68203,2.70038,2.70106,2.72404,2.69737,2.74379,2.70349,3.20235,0,)
    time_silo_validate9:          139.182 2.89963 65.2462% 20460 (2.26309,2.87508,2.89169,2.87027,2.89017,2.96021,2.89205,2.90516,2.94345,2.94453,2.88319,2.8943,2.86522,2.92006,2.90009,2.88666,2.91479,2.9452,2.91363,2.98042,2.93967,2.70428,2.93946,2.86531,2.86428,2.90584,2.91803,2.90329,2.86952,2.92883,2.87182,2.93361,2.96084,2.92935,2.90799,2.90052,2.91192,2.85064,2.88173,2.93582,2.88022,2.90323,2.90801,2.92366,2.90442,2.94749,2.91428,3.33874,0,)
    time_locktable_get:           9.70516 0.202191 4.54961% 1426.67 (0.248414,0.178167,0.185925,0.193496,0.187394,0.204126,0.195202,0.210351,0.202698,0.20011,0.194946,0.199872,0.203947,0.203092,0.205201,0.210467,0.204786,0.208553,0.20471,0.195635,0.197373,0.195309,0.210063,0.204423,0.209587,0.206591,0.222625,0.207015,0.203439,0.205501,0.198517,0.207859,0.206944,0.197867,0.190596,0.195827,0.209115,0.20758,0.195866,0.202641,0.204584,0.20771,0.208897,0.205504,0.203639,0.202096,0.205045,0.155858,0,)
    time_locktable_get_validation:0 -nan -nan% 0 (0,0,0,0,0,0,0,0,0,0,0,0,0,0,0,0,0,0,0,0,0,0,0,0,0,0,0,0,0,0,0,0,0,0,0,0,0,0,0,0,0,0,0,0,0,0,0,0,0,)
    time_locktable_release:       0 -nan -nan% 0 (0,0,0,0,0,0,0,0,0,0,0,0,0,0,0,0,0,0,0,0,0,0,0,0,0,0,0,0,0,0,0,0,0,0,0,0,0,0,0,0,0,0,0,0,0,0,0,0,0,)
    time_get_row_before:          6.80627 0.141797 3.19067% 1000.53 (0.123337,0.13167,0.130924,0.134095,0.133509,0.145377,0.138095,0.15366,0.148198,0.142019,0.142717,0.141266,0.136243,0.142808,0.148637,0.140851,0.146162,0.146259,0.14253,0.146674,0.137233,0.151374,0.140216,0.144566,0.147043,0.140359,0.147649,0.144496,0.14774,0.146085,0.137953,0.144454,0.137556,0.141746,0.145982,0.141497,0.146593,0.14454,0.149348,0.139221,0.144845,0.138649,0.14417,0.142005,0.144629,0.144217,0.145959,0.111119,0,)
    time_get_row_after:           29.3715 0.611906 13.7689% 4317.66 (0.538434,0.564656,0.589722,0.588615,0.582002,0.608363,0.6031,0.66414,0.628247,0.605501,0.598384,0.60854,0.609949,0.615198,0.627675,0.603155,0.622411,0.614347,0.619749,0.644112,0.589413,0.637112,0.603522,0.621637,0.627478,0.601203,0.628592,0.616999,0.625554,0.637174,0.596058,0.612146,0.604736,0.600601,0.613156,0.631239,0.645082,0.629748,0.61258,0.608247,0.637072,0.614374,0.639372,0.614366,0.624142,0.621537,0.641166,0.500869,0,)
    time_log_create:              0.74149 0.0154477 0.347598% 109 (0.0119668,0.0156713,0.0150366,0.0137691,0.0139037,0.0144238,0.0149552,0.0173277,0.0149027,0.0154959,0.0156718,0.0150746,0.0148565,0.0149067,0.0147447,0.014806,0.0153536,0.0171061,0.0154082,0.0161894,0.0154095,0.015409,0.0148459,0.0164213,0.015326,0.0151481,0.0151112,0.0157026,0.0150074,0.0168197,0.0145672,0.0160045,0.0170999,0.0156923,0.0159069,0.0151711,0.0159902,0.0154539,0.0151857,0.0155945,0.015289,0.0158074,0.0156408,0.0163089,0.0158556,0.0151159,0.0159078,0.0181271,0,)
    time_log_serialLogTxn:        0 -nan -nan% 0 (0,0,0,0,0,0,0,0,0,0,0,0,0,0,0,0,0,0,0,0,0,0,0,0,0,0,0,0,0,0,0,0,0,0,0,0,0,0,0,0,0,0,0,0,0,0,0,0,0,)
    time_cleanup_1:               0.263538 0.00549037 0.123542% 38.7405 (0.00426711,0.00498105,0.00506918,0.00515534,0.00531466,0.00537701,0.00533314,0.00567793,0.00555043,0.00563874,0.00553467,0.0053497,0.00540319,0.00554143,0.00549584,0.00558677,0.00550443,0.0055522,0.00551363,0.00564183,0.00540452,0.00574031,0.00550867,0.00567985,0.00574651,0.0055777,0.00575377,0.00561079,0.00556521,0.00567258,0.00549064,0.0058465,0.00554318,0.00561898,0.00553077,0.00562475,0.00582553,0.00557504,0.00566126,0.00556335,0.00562211,0.0057757,0.00570855,0.00566725,0.00577085,0.00566136,0.00574009,0.0035637,0,)
    time_cleanup_2:               1.28949 0.0268643 0.60449% 189.557 (0.0209625,0.024497,0.0249412,0.025391,0.0253881,0.0265453,0.0340729,0.0278647,0.027082,0.0266614,0.0260048,0.0263055,0.0263423,0.0264627,0.026323,0.0270872,0.0267073,0.026725,0.0267832,0.0275933,0.0259416,0.0274328,0.0270198,0.0288244,0.0276941,0.0268595,0.0278231,0.02727,0.027876,0.0276635,0.026499,0.0279971,0.0268199,0.0264864,0.0267817,0.0267418,0.0282137,0.0273147,0.0271432,0.0270005,0.0273489,0.0277365,0.0277543,0.0274385,0.0275507,0.0274803,0.0294563,0.0195779,0,)
    time_insideSLT1:              128.046 2.66763 60.026% 18823 (2.09773,2.65757,2.6702,2.65229,2.66537,2.74137,2.66628,2.67441,2.70929,2.71517,2.65815,2.6656,2.63648,2.69179,2.66959,2.65676,2.68228,2.71467,2.67486,2.74248,2.69865,2.49371,2.7106,2.62166,2.62533,2.67123,2.67544,2.667,2.62828,2.68775,2.63651,2.69651,2.71628,2.69253,2.66808,2.67192,2.67068,2.60574,2.64074,2.69633,2.63638,2.6635,2.66397,2.67589,2.65994,2.70692,2.65921,3.16322,0,)
    time_insideSLT2:              128.579 2.67873 60.2758% 18901.4 (2.10614,2.66717,2.67993,2.66215,2.67504,2.75142,2.6764,2.68551,2.71999,2.72526,2.66805,2.67583,2.64684,2.70202,2.68034,2.66729,2.69279,2.72533,2.68549,2.75348,2.70865,2.50474,2.72063,2.63406,2.63734,2.68306,2.68813,2.67894,2.64061,2.70002,2.64802,2.70875,2.72802,2.70396,2.67943,2.68369,2.68318,2.618,2.65278,2.70837,2.64824,2.67562,2.67661,2.68803,2.67205,2.71947,2.67113,3.17128,0,)
    time_STLother:                0.282189 0.00587893 0.132285% 41.4822 (0.00451583,0.00533139,0.00650231,0.00551988,0.00553348,0.00581582,0.00623944,0.00690882,0.00634358,0.00587402,0.00580099,0.00589707,0.00569976,0.00582767,0.00575746,0.00591856,0.00621302,0.00576482,0.00600221,0.00595586,0.00585762,0.00630031,0.00570512,0.0060117,0.00611879,0.00570715,0.00600219,0.00581425,0.00606512,0.00641878,0.00574747,0.00627506,0.00611058,0.00587856,0.00573335,0.00598529,0.00639275,0.0060304,0.00590509,0.00571614,0.00602189,0.00591672,0.0059391,0.00602373,0.00593396,0.00599812,0.00578667,0.00337076,0,)
    time_logging_thread:          12.0544 12.0544 271.244% 1772.02 (0,0,0,0,0,0,0,0,0,0,0,0,0,0,0,0,0,0,0,0,0,0,0,0,0,0,0,0,0,0,0,0,0,0,0,0,0,0,0,0,0,0,0,0,0,0,0,0,12.0544,)
    int_serialLogFail:            1.04236e+07 (173138,192185,210408,199374,211353,216340,230835,226361,227278,221781,218437,222093,215132,226857,226635,226518,222472,211584,224355,221082,224414,220752,215469,220438,228761,211165,219902,219576,218242,223942,211785,225303,221496,217042,222147,220182,217161,222786,217472,216028,228945,214700,224252,223553,220330,215158,222288,156055,0,)
Projected Disk Bandwidth Utilized - avg 2.81466e+08 real 2.81466e+08
Total time measured 676.697
Total wall time observed 678.351
Estimated CPU_FREQ is 2.19464
