NUM_CORES_PER_SLOT=24
NUMA_NODE_NUM=2
HYPER_THREADING_FACTOR=2
Using SIMD
MM_MAX=_mm512_max_epu32
SIMD_PREFIX=__m512i
MAX_LOGGER_NUM_SIMD=16
Running in big-hash-table mode.

Using 1 disks.
g_flush_blocksize=1048576, g_log_buffer_size=524288000
Init parallelism 96
Stats initialized
Global manager initialized
reading schema file: ./benchmarks/TPCC_full_schema.txt
0 0x7fdaf0fd1040 50000000 1
0 0x55ce210d6f80 500 1
0 0x55ce210d9f40 5000 1
0 0x7fdadb87e040 15000000 1
0 0x7fdac612b040 15000000 1
0 0x7fda7e8c2040 50000000 1
TPCC schema initialized
TPCC Data Initialization Complete!
workload initialized!
Init time 652.364
Queue Buffer Length1365333
Log Read Size: 419430400
Log buffer size 524288000
log file:		/mnt/dbx1000/logs/TD_log0_1_TPCC_0.500000.data
/mnt/dbx1000/logs/TD_log0_1_TPCC_0.500000.data
Start Initializing Locktable, size 16777216
ltiSize=64
Locktable Initialized, size 16777216, schema table size 15728640
mem_allocator initialized!
Query Queue Init Time 12.427767
query_queue initialized!
Setting logger 0 to CPU node 0
PSN Flush Frequency: 1000
sim_done = 1
sim_done = 8
sim_done = 15
sim_done = 17
sim_done = 2
sim_done = 20
sim_done = 23
sim_done = 17
sim_done = 15
sim_done = 3
sim_done = 18
sim_done = 5
sim_done = 10
sim_done = 14
sim_done = 6
sim_done = 14
sim_done = 21
sim_done = 15
sim_done = 24
sim_done = 7
sim_done = 26
sim_done = 9
sim_done = 19
sim_done = 4
sim_done = 27
sim_done = 25
sim_done = 22
sim_done = 28
sim_done = 29
sim_done = 30
sim_done = 31
sim_done = 32
sim_done = 33
sim_done = 34
sim_done = 35
sim_done = 36
sim_done = 37
sim_done = 38
sim_done = 39
sim_done = 40
sim_done = 41
sim_done = 42
sim_done = 43
sim_done = 44
sim_done = 45
sim_done = 46
sim_done = 47
sim_done = 48
Destructor 0. flush size=513808896 (16684941312 to 17198750208)
PASS! SimTime = 2.73166e+10
=Worker Thread=
    Throughput:                   251857
    MaxThr:                       251857
    PerThdThr:                    255591
    run_time:                     1291.97 (26.9192,26.9142,26.9135,26.9132,26.9152,26.9149,26.9123,26.9145,26.9124,26.9144,26.9146,26.9292,26.9148,26.9155,26.9151,26.9146,26.9187,26.9179,26.9164,26.9168,26.9141,26.914,26.9194,26.9173,26.9141,26.9129,26.9255,26.9174,26.9136,26.9137,26.9145,26.9163,26.9135,26.916,26.9142,26.9138,26.9137,26.914,26.9157,26.9149,26.9168,26.9152,26.913,26.9146,26.9158,26.9147,26.9216,26.9337,0,)
    log_bytes:                    17.1988 (0,0,0,0,0,0,0,0,0,0,0,0,0,0,0,0,0,0,0,0,0,0,0,0,0,0,0,0,0,0,0,0,0,0,0,0,0,0,0,0,0,0,0,0,0,0,0,0,17.1988,)
    log_dep_size:                 0 (0,0,0,0,0,0,0,0,0,0,0,0,0,0,0,0,0,0,0,0,0,0,0,0,0,0,0,0,0,0,0,0,0,0,0,0,0,0,0,0,0,0,0,0,0,0,0,0,0,)
    log_total_size:               196.177 (4.08015,4.07819,4.16346,4.07353,4.10816,4.20945,4.20615,4.13952,4.08899,4.10481,4.14015,4.12933,4.1161,3.94694,4.11112,4.12337,4.07144,4.04286,4.11022,4.10364,4.12815,4.06675,4.07313,4.10219,4.10979,4.03424,4.05031,4.08367,4.11529,4.1531,4.09733,4.13315,4.06091,4.08573,4.17852,4.04523,4.1374,4.07145,4.07931,4.10691,4.07945,4.02964,4.12916,4.12788,4.10097,4.09724,4.03429,3.51802,0,)
    latency:                      2.48558e+06 (46128.9,54064.5,52063.9,53674.5,51688.2,50630.9,55019.7,53416.6,53820.3,52551.7,53831.9,53311.7,51834,48840.4,52837.9,51448.9,51710.9,53594.7,53473.1,53206.8,51747.3,48689.9,51189.4,51064.3,51661.5,49882.4,51942.7,51267.2,51773.3,51659.8,51144.7,51828.9,49622.5,51190.2,50744,48847.9,52861.8,53326,52542.2,53728.7,52647.5,49865.6,54099.7,52845,51748.8,52916.6,52810.1,44781.5,0,)

    num_commits:                  6.87948e+06 (139150,145397,146201,145524,144645,145093,150000,145675,147089,145341,146417,146418,144588,135296,145119,146022,141361,144571,146108,144829,146203,140626,142339,142587,145216,139995,142448,141726,144400,144803,143283,144475,140956,144403,145267,135815,143752,144492,144503,143591,144676,141992,145291,145613,142260,144075,142250,117594,0,)
    num_async_commits:            6.87948e+06 (139150,145397,146201,145524,144645,145093,150000,145675,147089,145341,146417,146418,144588,135296,145119,146022,141361,144571,146108,144829,146203,140626,142339,142587,145216,139995,142448,141726,144400,144803,143283,144475,140956,144403,145267,135815,143752,144492,144503,143591,144676,141992,145291,145613,142260,144075,142250,117594,0,)
    num_aborts:                   7.53547e+07 (1551016,1572209,1599745,1567106,1567991,1624833,1601106,1595117,1564686,1575273,1574350,1597694,1577327,1524362,1581066,1585450,1563464,1542317,1579345,1578477,1571939,1547369,1562010,1588680,1576131,1548148,1546961,1579215,1580246,1586739,1584234,1586975,1558071,1559441,1612201,1565702,1590463,1576259,1570120,1577838,1559317,1539750,1585625,1575601,1582680,1585848,1554634,1379561,0,)
    num_aborts_logging:           7.43161e+07 (1550963,1537207,1565801,1544910,1547546,1590215,1593591,1561434,1544119,1565397,1566375,1577717,1555475,1503993,1546509,1551225,1543429,1532039,1557999,1557858,1550179,1539366,1540926,1556817,1555722,1516822,1539461,1545498,1560777,1567508,1550443,1569790,1540916,1551438,1580515,1544377,1572443,1543065,1549583,1556816,1550292,1531725,1565452,1565618,1551103,1553852,1521694,1350100,0,)
    num_log_records:              6.87948e+06 (139150,145397,146201,145524,144645,145093,150000,145675,147089,145341,146417,146418,144588,135296,145119,146022,141361,144571,146108,144829,146203,140626,142339,142587,145216,139995,142448,141726,144400,144803,143283,144475,140956,144403,145267,135815,143752,144492,144503,143591,144676,141992,145291,145613,142260,144075,142250,117594,0,)
    log_data:                     0 (0,0,0,0,0,0,0,0,0,0,0,0,0,0,0,0,0,0,0,0,0,0,0,0,0,0,0,0,0,0,0,0,0,0,0,0,0,0,0,0,0,0,0,0,0,0,0,0,0,)
    num_latency_count:            6.87948e+06 (139150,145397,146201,145524,144645,145093,150000,145675,147089,145341,146417,146418,144588,135296,145119,146022,141361,144571,146108,144829,146203,140626,142339,142587,145216,139995,142448,141726,144400,144803,143283,144475,140956,144403,145267,135815,143752,144492,144503,143591,144676,141992,145291,145613,142260,144075,142250,117594,0,)
    num_raw_edges:                0 (0,0,0,0,0,0,0,0,0,0,0,0,0,0,0,0,0,0,0,0,0,0,0,0,0,0,0,0,0,0,0,0,0,0,0,0,0,0,0,0,0,0,0,0,0,0,0,0,0,)
    num_waw_edges:                0 (0,0,0,0,0,0,0,0,0,0,0,0,0,0,0,0,0,0,0,0,0,0,0,0,0,0,0,0,0,0,0,0,0,0,0,0,0,0,0,0,0,0,0,0,0,0,0,0,0,)
    num_war_edges:                0 (0,0,0,0,0,0,0,0,0,0,0,0,0,0,0,0,0,0,0,0,0,0,0,0,0,0,0,0,0,0,0,0,0,0,0,0,0,0,0,0,0,0,0,0,0,0,0,0,0,)
    int_num_log:                  8.11956e+07 (1690113,1682604,1712002,1690434,1692191,1735308,1743591,1707109,1691208,1710738,1712792,1724135,1700063,1639289,1691628,1697247,1684790,1676610,1704107,1702687,1696382,1679992,1683265,1699404,1700938,1656817,1681909,1687224,1705177,1712311,1693726,1714265,1681872,1695841,1725782,1680192,1716195,1687557,1694086,1700407,1694968,1673717,1710743,1711231,1693363,1697927,1663944,1467694,0,)
    int_debug_get_next:           0 (0,0,0,0,0,0,0,0,0,0,0,0,0,0,0,0,0,0,0,0,0,0,0,0,0,0,0,0,0,0,0,0,0,0,0,0,0,0,0,0,0,0,0,0,0,0,0,0,0,)
    int_debug1:                   0 (0,0,0,0,0,0,0,0,0,0,0,0,0,0,0,0,0,0,0,0,0,0,0,0,0,0,0,0,0,0,0,0,0,0,0,0,0,0,0,0,0,0,0,0,0,0,0,0,0,)
    int_debug2:                   1.7074e+10 (0,0,0,0,0,0,0,0,0,0,0,0,0,0,0,0,0,0,0,0,0,0,0,0,0,0,0,0,0,0,0,0,0,0,0,0,0,0,0,0,0,0,0,0,0,0,0,0,17073969664,)
    int_debug3:                   15913 (0,0,0,0,0,0,0,0,0,0,0,0,0,0,0,0,0,0,0,0,0,0,0,0,0,0,0,0,0,0,0,0,0,0,0,0,0,0,0,0,0,0,0,0,0,0,0,0,15913,)
    int_debug4:                   1.15313e+09 (15348306,26415917,28592067,23054439,23500284,25444151,20862882,30732796,24925533,17281778,19082520,26452778,26312048,20473091,29667083,30574867,23091529,18364807,23563787,23848053,23378186,17482032,21483732,27925414,24165486,26395952,23429709,25265423,25527999,24297290,26917085,23950521,23166831,20583519,30255916,21627604,23353074,27446273,23252666,22043929,19954021,20696368,26624764,18876577,30691551,28248193,25864175,22641907,0,)
    int_debug5:                   5.89087e+08 (12204722,12275595,12526508,12234453,12332325,12665235,12598806,12455964,12276610,12300476,12400458,12397599,12359247,11851559,12371756,12407663,12223496,12116656,12341159,12320891,12394282,12181164,12229648,12340937,12336885,12133432,12132932,12288720,12353470,12462595,12329753,12401642,12186095,12239150,12569226,12148856,12416949,12251542,12248471,12330650,12223381,12071862,12395274,12370182,12335307,12326824,12138111,10588437,0,)
    int_debug6:                   7.39742e+06 (130866,163255,176326,148242,157755,171749,159525,156701,159575,132986,136990,163952,155920,154612,161036,163865,153383,139941,154195,154792,157338,147786,159195,167276,144085,165437,143797,165717,151726,160620,163411,150087,153149,135583,167822,156163,144177,159652,147211,151256,138845,151123,160398,134003,162820,149578,155493,158004,0,)
    int_debug7:                   2.57445e+06 (59992,54331,57377,57893,54026,48954,66373,53072,59983,62210,63738,57163,55404,43945,53317,52136,53867,58401,56495,54805,54147,45441,54361,52627,52281,47603,52106,48767,54185,54809,51629,52319,52146,59939,46920,41008,51916,53839,52489,56717,59094,53635,55838,56780,49652,50053,48346,42319,0,)
    int_debug8:                   0 (0,0,0,0,0,0,0,0,0,0,0,0,0,0,0,0,0,0,0,0,0,0,0,0,0,0,0,0,0,0,0,0,0,0,0,0,0,0,0,0,0,0,0,0,0,0,0,0,0,)
    int_debug9:                   4.81213e+07 (974613,1015898,1023065,1017690,1011116,1013716,1048503,1017673,1030063,1015168,1025517,1020422,1012008,946156,1014605,1021603,989804,1011423,1018821,1011954,1023525,986902,997860,998267,1014004,981627,996818,990630,1010241,1013541,1003902,1006835,987220,1012240,1013972,949688,1005652,1009398,1007858,1006252,1010527,995628,1015843,1016652,996004,1007230,997490,825712,0,)
    int_debug10:                  9.22276e+07 (1213336,2141535,2282806,1868106,1906326,2014037,1706319,2449706,2067324,1414180,1562111,2134820,2121843,1602322,2397346,2450759,1845824,1498159,1900638,1925696,1896312,1396300,1708900,2228333,1938707,2052897,1869688,1972784,2049249,1934321,2139361,1889530,1843254,1677137,2369980,1665293,1839292,2215179,1862434,1758136,1616235,1659149,2130216,1522672,2432769,2251774,2059257,1745258,0,)
    int_psnflush:                 0 (0,0,0,0,0,0,0,0,0,0,0,0,0,0,0,0,0,0,0,0,0,0,0,0,0,0,0,0,0,0,0,0,0,0,0,0,0,0,0,0,0,0,0,0,0,0,0,0,0,)
    int_flush_time_interval:      0 (0,0,0,0,0,0,0,0,0,0,0,0,0,0,0,0,0,0,0,0,0,0,0,0,0,0,0,0,0,0,0,0,0,0,0,0,0,0,0,0,0,0,0,0,0,0,0,0,0,)
    int_flush_half_full:          15912 (0,0,0,0,0,0,0,0,0,0,0,0,0,0,0,0,0,0,0,0,0,0,0,0,0,0,0,0,0,0,0,0,0,0,0,0,0,0,0,0,0,0,0,0,0,0,0,0,15912,)
    int_rec_fail_to_insert:       0 (0,0,0,0,0,0,0,0,0,0,0,0,0,0,0,0,0,0,0,0,0,0,0,0,0,0,0,0,0,0,0,0,0,0,0,0,0,0,0,0,0,0,0,0,0,0,0,0,0,)
    int_num_get_row:              5.88048e+08 (12204670,12240596,12492565,12212260,12311881,12630619,12591292,12422289,12256046,12290600,12392483,12377622,12337398,11831190,12337203,12373443,12203463,12106380,12319814,12300276,12372524,12173163,12208565,12309074,12316480,12102107,12125432,12255003,12334004,12443368,12295967,12384459,12168942,12231151,12537543,12127534,12398931,12218349,12227940,12309632,12214358,12063838,12375104,12360201,12303731,12294833,12105174,10558976,0,)
    int_locktable_volume:         1.69796e+09 (18361949,43635721,44139593,32844215,34325662,44674021,25524517,44980196,34374897,23394643,25940037,34201885,36077011,34287112,43907625,43702941,34405962,25925587,34996380,35165484,35314613,25190656,33513988,44769399,34450992,43025206,29466296,42902789,35841767,35769442,44039614,34704407,34628286,25573681,43849494,34070710,34384077,42578344,34715173,34962524,24980182,28629132,35448996,24648147,43629581,41997462,42819491,37187859,0,)
    int_aux_bytes:                6.49565e+08 (13520904,13460832,13696016,13523472,13537528,13882464,13948728,13656872,13529664,13685904,13702336,13793080,13600504,13114312,13533024,13577976,13478320,13412880,13632856,13621496,13571056,13439936,13466120,13595232,13607504,13254536,13455272,13497792,13641416,13698488,13549808,13714120,13454976,13566728,13806256,13441536,13729560,13500456,13552688,13603256,13559744,13389736,13685944,13689848,13546904,13583416,13311552,11741552,0,)
    int_nonzero:                  0 (0,0,0,0,0,0,0,0,0,0,0,0,0,0,0,0,0,0,0,0,0,0,0,0,0,0,0,0,0,0,0,0,0,0,0,0,0,0,0,0,0,0,0,0,0,0,0,0,0,)
    num_log_entries:              8.11956e+07 (1690113,1682604,1712002,1690434,1692191,1735308,1743591,1707109,1691208,1710738,1712792,1724135,1700063,1639289,1691628,1697247,1684790,1676610,1704107,1702687,1696382,1679992,1683265,1699404,1700938,1656817,1681909,1687224,1705177,1712311,1693726,1714265,1681872,1695841,1725782,1680192,1716195,1687557,1694086,1700407,1694968,1673717,1710743,1711231,1693363,1697927,1663944,1467694,0,)
    time_ts_alloc:                0 -nan -nan% 0 (0,0,0,0,0,0,0,0,0,0,0,0,0,0,0,0,0,0,0,0,0,0,0,0,0,0,0,0,0,0,0,0,0,0,0,0,0,0,0,0,0,0,0,0,0,0,0,0,0,)
    time_man:                     480.129 10.0027 81.7576% 69791.6 (9.29808,10.1979,10.1712,10.0054,10.028,10.4338,9.94899,10.3763,10.1638,9.94476,10.0152,10.1548,10.0788,9.44204,10.2207,10.1096,10.016,9.9379,10.1269,10.0094,10.0597,9.3297,9.96047,10.1102,10.0195,9.99535,9.8122,10.1448,10.0158,10.1155,10.1303,10.069,10.0894,9.94881,10.1978,9.48712,10.1508,10.1286,9.96664,10.1171,9.87417,9.82165,10.0307,9.95909,10.1431,10.1377,10.042,9.59253,0,)
    time_cleanup:                 350.681 7.30585 59.7148% 50975 (6.44259,7.51801,7.48209,7.25995,7.26353,7.75146,7.15962,7.70084,7.45189,7.2266,7.26207,7.40703,7.42204,6.74743,7.53716,7.3993,7.31462,7.2024,7.37596,7.27599,7.30798,6.51249,7.24711,7.42643,7.32742,7.40738,7.09309,7.45544,7.35797,7.40583,7.48903,7.42898,7.4213,7.26327,7.597,6.74178,7.48202,7.49627,7.24257,7.39281,7.17589,7.09805,7.33232,7.17463,7.57092,7.50878,7.4298,7.09383,0,)
    time_txn:                     0 -nan -nan% 0 (0,0,0,0,0,0,0,0,0,0,0,0,0,0,0,0,0,0,0,0,0,0,0,0,0,0,0,0,0,0,0,0,0,0,0,0,0,0,0,0,0,0,0,0,0,0,0,0,0,)
    time_index:                   35.4895 0.739365 6.04324% 5158.76 (0.867664,0.742974,0.758464,0.743643,0.746126,0.721342,0.744938,0.719023,0.730333,0.734611,0.740795,0.740444,0.728903,0.767493,0.731725,0.728594,0.729586,0.737149,0.726838,0.745781,0.752565,0.804443,0.73734,0.734708,0.735039,0.720247,0.758169,0.712901,0.743693,0.734653,0.721812,0.740356,0.713509,0.739144,0.733263,0.78199,0.72697,0.72943,0.748356,0.743205,0.745775,0.730438,0.738032,0.752661,0.718859,0.723565,0.706146,0.675836,0,)
    time_log:                     43.447 0.905147 7.39827% 6315.46 (0.624753,0.905847,0.988412,0.901335,0.908702,0.87498,0.901917,0.909061,0.883268,0.893316,0.895788,0.886849,0.868987,0.75486,0.908771,0.913237,0.86808,0.895129,0.89996,0.891685,0.911288,0.75038,0.901572,0.930605,0.929584,0.976703,0.92969,0.94862,0.914768,0.960917,0.932147,0.933084,0.949432,0.901485,1.00633,0.765452,0.923986,0.939008,0.928104,0.939634,0.930028,0.910088,0.912184,0.923043,0.940999,0.937359,0.954464,0.99115,0,)
    time_io:                      18.4612 18.4612 150.894% 2683.52 (0,0,0,0,0,0,0,0,0,0,0,0,0,0,0,0,0,0,0,0,0,0,0,0,0,0,0,0,0,0,0,0,0,0,0,0,0,0,0,0,0,0,0,0,0,0,0,0,18.4612,)
    time_wait_io:                 0 -nan -nan% 0 (0,0,0,0,0,0,0,0,0,0,0,0,0,0,0,0,0,0,0,0,0,0,0,0,0,0,0,0,0,0,0,0,0,0,0,0,0,0,0,0,0,0,0,0,0,0,0,0,0,)
    time_phase1_add_graph:        0 -nan -nan% 0 (0,0,0,0,0,0,0,0,0,0,0,0,0,0,0,0,0,0,0,0,0,0,0,0,0,0,0,0,0,0,0,0,0,0,0,0,0,0,0,0,0,0,0,0,0,0,0,0,0,)
    time_recover_txn:             0 -nan -nan% 0 (0,0,0,0,0,0,0,0,0,0,0,0,0,0,0,0,0,0,0,0,0,0,0,0,0,0,0,0,0,0,0,0,0,0,0,0,0,0,0,0,0,0,0,0,0,0,0,0,0,)
    time_lv_overhead:             14.3505 0.298969 2.44364% 2085.99 (0.296626,0.30293,0.310947,0.301325,0.304943,0.305202,0.301932,0.300758,0.301111,0.297752,0.296811,0.305804,0.302294,0.294936,0.302671,0.301765,0.29871,0.298169,0.298999,0.303798,0.303842,0.305897,0.303059,0.298319,0.297931,0.30083,0.302634,0.299932,0.300193,0.30246,0.300639,0.300437,0.29804,0.297759,0.307233,0.303015,0.297814,0.297623,0.297713,0.298078,0.298877,0.297937,0.305669,0.298645,0.297797,0.296703,0.286569,0.227407,0,)
    time_state_malloc:            0 -nan -nan% 0 (0,0,0,0,0,0,0,0,0,0,0,0,0,0,0,0,0,0,0,0,0,0,0,0,0,0,0,0,0,0,0,0,0,0,0,0,0,0,0,0,0,0,0,0,0,0,0,0,0,)
    time_phase1_1:                36.8635 0.76799 6.27721% 5358.48 (0.972622,0.744401,0.748947,0.755072,0.759664,0.7547,0.794489,0.757538,0.808542,0.758498,0.760733,0.782237,0.760057,0.875378,0.761592,0.770404,0.763178,0.754784,0.754836,0.766233,0.788773,0.914512,0.75749,0.743418,0.765394,0.728262,0.758708,0.736536,0.752437,0.765178,0.74078,0.760968,0.732757,0.753711,0.744201,0.88658,0.751241,0.747168,0.786308,0.751386,0.755932,0.756829,0.7475,0.77069,0.722943,0.736904,0.73239,0.670604,0,)
    time_phase1_2:                52.3654 1.09094 8.9169% 7611.82 (1.10843,1.08908,1.118,1.10676,1.10319,1.08197,1.12895,1.0785,1.08543,1.10449,1.1079,1.09392,1.0901,1.04695,1.09424,1.09193,1.09567,1.09769,1.09297,1.09581,1.09856,1.10515,1.09954,1.09468,1.09549,1.07931,1.12492,1.07929,1.09203,1.09714,1.08227,1.07483,1.07473,1.09371,1.09433,1.16826,1.08563,1.07891,1.09182,1.09972,1.10239,1.09478,1.10468,1.0963,1.06858,1.08219,1.07217,0.921996,0,)
    time_phase2:                  66.2881 1.381 11.2877% 9635.64 (1.44581,1.37757,1.40079,1.40682,1.40703,1.39423,1.42773,1.38329,1.39053,1.39192,1.39096,1.38773,1.37157,1.36194,1.37568,1.37537,1.3898,1.43292,1.43624,1.38939,1.41878,1.43828,1.40009,1.36109,1.36081,1.35943,1.39309,1.41445,1.36032,1.36959,1.35242,1.3504,1.37816,1.36984,1.35819,1.37309,1.3737,1.34866,1.36691,1.379,1.38708,1.41344,1.38899,1.4093,1.32338,1.34356,1.35423,1.20451,0,)
    time_phase3:                  59.6188 1.24206 10.152% 8666.18 (1.2625,1.22909,1.24766,1.24734,1.24204,1.22315,1.25562,1.21065,1.22017,1.2496,1.24796,1.23757,1.23409,1.18626,1.23146,1.22677,1.22278,1.24493,1.23633,1.24888,1.25297,1.25956,1.2377,1.24821,1.25602,1.24297,1.28786,1.24672,1.2638,1.2696,1.24579,1.24316,1.24109,1.27253,1.25159,1.23262,1.24706,1.24832,1.24231,1.26613,1.2737,1.27301,1.26442,1.27946,1.22848,1.23897,1.21944,1.08046,0,)
    time_phase1_1_raw:            82.0332 1.70902 13.9688% 11924.3 (1.72088,1.70583,1.71048,1.73222,1.77578,1.70683,1.76002,1.69019,1.69685,1.7393,1.78088,1.69291,1.70486,1.65845,1.71126,1.73451,1.69985,1.71761,1.71742,1.74595,1.75289,1.73021,1.72547,1.73898,1.70954,1.63829,1.74237,1.69891,1.69626,1.73132,1.69311,1.68523,1.70036,1.73231,1.63934,1.70831,1.69247,1.67887,1.71465,1.77159,1.7166,1.73248,1.71183,1.75443,1.64691,1.68316,1.69186,1.51331,0,)
    time_phase1_2_raw:            18.7817 0.391286 3.1982% 2730.11 (0.404117,0.391108,0.396183,0.393948,0.39497,0.38803,0.39794,0.386938,0.390553,0.396901,0.397306,0.389035,0.389511,0.377438,0.389828,0.387707,0.385309,0.391175,0.389284,0.396096,0.398184,0.399409,0.391869,0.388351,0.389829,0.384825,0.400716,0.37963,0.390941,0.406696,0.385515,0.38704,0.381799,0.394159,0.385401,0.383997,0.38752,0.389151,0.387969,0.395216,0.396189,0.393948,0.391559,0.393956,0.3783,0.383665,0.39037,0.412146,0,)
    time_phase2_raw:              9.82301 0.204646 1.67268% 1427.87 (0.211722,0.206569,0.210155,0.207115,0.207189,0.203646,0.207086,0.199759,0.1979,0.20897,0.209483,0.200687,0.206425,0.200991,0.205725,0.203871,0.202221,0.202768,0.200825,0.209728,0.210163,0.210044,0.208144,0.203323,0.204459,0.203577,0.212572,0.196508,0.207407,0.206055,0.203768,0.203761,0.198062,0.20639,0.20271,0.203428,0.203462,0.203128,0.205396,0.210659,0.207997,0.206406,0.206118,0.204456,0.199794,0.201882,0.195256,0.195246,0,)
    time_phase3_raw:              0 -nan -nan% 0 (0,0,0,0,0,0,0,0,0,0,0,0,0,0,0,0,0,0,0,0,0,0,0,0,0,0,0,0,0,0,0,0,0,0,0,0,0,0,0,0,0,0,0,0,0,0,0,0,0,)
    time_recover_full:            0 -nan -nan% 0 (0,0,0,0,0,0,0,0,0,0,0,0,0,0,0,0,0,0,0,0,0,0,0,0,0,0,0,0,0,0,0,0,0,0,0,0,0,0,0,0,0,0,0,0,0,0,0,0,0,)
    time_recover1:                0 -nan -nan% 0 (0,0,0,0,0,0,0,0,0,0,0,0,0,0,0,0,0,0,0,0,0,0,0,0,0,0,0,0,0,0,0,0,0,0,0,0,0,0,0,0,0,0,0,0,0,0,0,0,0,)
    time_recover2:                0 -nan -nan% 0 (0,0,0,0,0,0,0,0,0,0,0,0,0,0,0,0,0,0,0,0,0,0,0,0,0,0,0,0,0,0,0,0,0,0,0,0,0,0,0,0,0,0,0,0,0,0,0,0,0,)
    time_recover3:                0 -nan -nan% 0 (0,0,0,0,0,0,0,0,0,0,0,0,0,0,0,0,0,0,0,0,0,0,0,0,0,0,0,0,0,0,0,0,0,0,0,0,0,0,0,0,0,0,0,0,0,0,0,0,0,)
    time_recover4:                0 -nan -nan% 0 (0,0,0,0,0,0,0,0,0,0,0,0,0,0,0,0,0,0,0,0,0,0,0,0,0,0,0,0,0,0,0,0,0,0,0,0,0,0,0,0,0,0,0,0,0,0,0,0,0,)
    time_recover5:                0 -nan -nan% 0 (0,0,0,0,0,0,0,0,0,0,0,0,0,0,0,0,0,0,0,0,0,0,0,0,0,0,0,0,0,0,0,0,0,0,0,0,0,0,0,0,0,0,0,0,0,0,0,0,0,)
    time_recover6:                0 -nan -nan% 0 (0,0,0,0,0,0,0,0,0,0,0,0,0,0,0,0,0,0,0,0,0,0,0,0,0,0,0,0,0,0,0,0,0,0,0,0,0,0,0,0,0,0,0,0,0,0,0,0,0,)
    time_recover7:                0 -nan -nan% 0 (0,0,0,0,0,0,0,0,0,0,0,0,0,0,0,0,0,0,0,0,0,0,0,0,0,0,0,0,0,0,0,0,0,0,0,0,0,0,0,0,0,0,0,0,0,0,0,0,0,)
    time_recover8:                0 -nan -nan% 0 (0,0,0,0,0,0,0,0,0,0,0,0,0,0,0,0,0,0,0,0,0,0,0,0,0,0,0,0,0,0,0,0,0,0,0,0,0,0,0,0,0,0,0,0,0,0,0,0,0,)
    time_debug_get_next:          0 -nan -nan% 0 (0,0,0,0,0,0,0,0,0,0,0,0,0,0,0,0,0,0,0,0,0,0,0,0,0,0,0,0,0,0,0,0,0,0,0,0,0,0,0,0,0,0,0,0,0,0,0,0,0,)
    time_debug0:                  48.4665 1.00972 8.253% 7045.09 (0.850864,1.02763,1.0257,0.979661,0.979556,1.11231,0.932531,1.06769,1.02429,0.963459,1.01881,1.02474,1.01841,0.998074,1.03348,1.01228,1.00961,0.95421,1.00538,0.961183,0.99072,0.919296,1.00412,1.02944,1.00953,1.05702,0.878959,1.06708,1.03383,1.02612,1.09026,1.10182,1.09506,0.980919,1.08788,1.01724,1.11629,1.04952,1.00407,1.00943,0.981695,0.8755,1.00959,0.979127,1.07195,1.0874,1.01316,0.879636,0,)
    time_debug1:                  91.6321 1.909 15.6033% 13319.6 (1.57463,2.06379,2.10977,1.88228,1.87813,2.00463,1.70014,2.24019,1.88467,1.75739,1.78631,1.94892,2.02137,1.86461,2.09898,2.11003,1.96834,1.78745,1.90446,1.89714,1.90291,1.64377,1.85426,1.95164,1.90136,2.00476,1.82212,1.99345,1.90241,1.87358,2.01345,1.96179,1.92992,1.78427,2.1068,1.8858,1.95537,1.96849,1.84448,1.8622,1.75894,1.73362,1.90944,1.7499,2.07067,2.05857,1.93712,1.76778,0,)
    time_debug2:                  2.72047 0.0566764 0.463248% 395.447 (0.0475145,0.0665219,0.067218,0.0499433,0.0585354,0.0714223,0.0491895,0.0607205,0.0540333,0.0419586,0.0440562,0.0593206,0.0578904,0.0641061,0.0597103,0.0611575,0.0575925,0.0482467,0.0550244,0.0555439,0.0572329,0.0564887,0.0584576,0.0607415,0.0503158,0.0652208,0.05056,0.0652702,0.0531439,0.0573697,0.0605664,0.0565432,0.0589282,0.0486465,0.0675583,0.0674097,0.0533254,0.0560674,0.051091,0.0524319,0.0458376,0.0612976,0.0563968,0.0439396,0.0623319,0.0545396,0.0562235,0.0628276,0,)
    time_debug3:                  44.827 0.933896 7.63325% 6516.05 (0.745541,0.985898,0.867057,0.952934,0.989843,1.14174,0.979727,0.924016,0.983026,1.09589,1.02482,1.00162,0.997611,0.649691,0.949601,0.840454,0.983627,1.01052,0.996569,1.01453,0.96462,0.672102,0.953306,0.996966,0.915545,0.865477,0.933072,0.919875,0.941188,0.996527,0.922538,0.899548,0.961926,1.02188,0.827279,0.570399,0.926633,0.963122,0.944929,1.0024,0.977486,0.999451,0.963991,0.962554,0.911447,0.897854,0.914588,0.865619,0,)
    time_debug4:                  25.8083 0.537672 4.39469% 3751.49 (0.377037,0.621107,0.634395,0.520749,0.518327,0.578553,0.439932,0.686411,0.516243,0.423433,0.457503,0.538855,0.586135,0.530243,0.611191,0.627583,0.561081,0.47758,0.542461,0.534337,0.541128,0.422109,0.518747,0.56035,0.528208,0.591213,0.521057,0.585981,0.544119,0.524216,0.593447,0.560037,0.555085,0.471512,0.62003,0.533081,0.554687,0.575326,0.522986,0.531517,0.454581,0.489998,0.52008,0.444067,0.600373,0.593241,0.56797,0.499951,0,)
    time_debug5:                  1.91643 0.0399256 0.326334% 278.572 (0.0410579,0.0401547,0.0400927,0.040817,0.0404116,0.0405008,0.0410868,0.0407468,0.0415423,0.0408866,0.040797,0.0407652,0.0396687,0.0387424,0.0397369,0.0392447,0.0398905,0.0401636,0.0400987,0.0403026,0.0402594,0.0403295,0.0397053,0.0400131,0.0406328,0.0391781,0.0404835,0.0387712,0.0410059,0.0404908,0.039974,0.0405309,0.0394816,0.0406536,0.0397245,0.0397016,0.0404018,0.0410797,0.0401401,0.0401955,0.04031,0.0397366,0.039963,0.040446,0.0387269,0.0397563,0.0388145,0.0292157,0,)
    time_debug6:                  0 -nan -nan% 0 (0,0,0,0,0,0,0,0,0,0,0,0,0,0,0,0,0,0,0,0,0,0,0,0,0,0,0,0,0,0,0,0,0,0,0,0,0,0,0,0,0,0,0,0,0,0,0,0,0,)
    time_debug7:                  0 -nan -nan% 0 (0,0,0,0,0,0,0,0,0,0,0,0,0,0,0,0,0,0,0,0,0,0,0,0,0,0,0,0,0,0,0,0,0,0,0,0,0,0,0,0,0,0,0,0,0,0,0,0,0,)
    time_debug8:                  4.41878 0.092058 0.752441% 642.314 (0.0804783,0.0907117,0.0855198,0.0862985,0.0885636,0.090204,0.0886141,0.0932755,0.0916938,0.0870587,0.0928226,0.0865762,0.0874653,0.0825074,0.0922627,0.0882734,0.0881729,0.0870134,0.0937974,0.0871776,0.0892564,0.0812412,0.0861136,0.0966279,0.0981839,0.0939967,0.0933379,0.0954748,0.0968281,0.0970743,0.0993546,0.0981703,0.0956351,0.0965532,0.0953499,0.090764,0.101853,0.102944,0.096181,0.0977056,0.0964038,0.091714,0.0992373,0.0947045,0.100212,0.102935,0.0989761,0.0634701,0,)
    time_debug9:                  4.36659 0.0909707 0.743554% 634.727 (0.0708272,0.100465,0.100683,0.0916555,0.0892285,0.0928014,0.0835694,0.101249,0.0910712,0.0800004,0.0823891,0.0930617,0.095623,0.0846296,0.0998026,0.100887,0.0899598,0.0850791,0.0919701,0.0928286,0.0922237,0.0782551,0.089407,0.0958328,0.0922367,0.0965328,0.0915519,0.0951382,0.0944458,0.0918172,0.0983583,0.0918355,0.0911377,0.0862791,0.0994482,0.0848702,0.0916302,0.0977707,0.0924617,0.0909735,0.085841,0.0878263,0.093567,0.0839066,0.0973302,0.0976074,0.0945405,0.065985,0,)
    time_debug10:                 0 -nan -nan% 0 (0,0,0,0,0,0,0,0,0,0,0,0,0,0,0,0,0,0,0,0,0,0,0,0,0,0,0,0,0,0,0,0,0,0,0,0,0,0,0,0,0,0,0,0,0,0,0,0,0,)
    time_debug11:                 138.644 2.88841 23.6086% 20153.3 (3.09181,2.85457,2.95574,2.88897,2.78547,2.86202,2.89857,2.96257,2.8949,2.80335,2.81219,3.01565,2.90942,3.08916,2.8656,2.91051,2.80817,2.74583,2.83749,2.84353,2.82819,2.99737,2.80903,2.86977,2.90476,2.86592,2.79923,2.89397,2.8935,2.91158,2.90972,2.93718,2.83208,2.81545,3.03723,3.10314,2.91431,2.8976,2.8747,2.82894,2.82729,2.69688,2.90898,2.86313,2.9278,3.00301,2.89786,2.75974,0,)
    time_debug12:                 602.855 12.5595 102.656% 87630.9 (12.3735,12.6792,12.6926,12.5778,12.6763,12.905,12.6887,12.7171,12.6562,12.5531,12.6538,12.5606,12.555,12.0477,12.6982,12.6197,12.5295,12.5835,12.6798,12.6066,12.7204,12.3312,12.591,12.6029,12.5416,12.4811,12.5771,12.6297,12.6164,12.6333,12.6179,12.5804,12.5499,12.6072,12.5872,12.2985,12.5899,12.6337,12.5422,12.748,12.5522,12.5933,12.5918,12.6287,12.4925,12.4938,12.4738,11.4953,0,)
    time_debug13:                 0 -nan -nan% 0 (0,0,0,0,0,0,0,0,0,0,0,0,0,0,0,0,0,0,0,0,0,0,0,0,0,0,0,0,0,0,0,0,0,0,0,0,0,0,0,0,0,0,0,0,0,0,0,0,0,)
    time_debug14:                 0 -nan -nan% 0 (0,0,0,0,0,0,0,0,0,0,0,0,0,0,0,0,0,0,0,0,0,0,0,0,0,0,0,0,0,0,0,0,0,0,0,0,0,0,0,0,0,0,0,0,0,0,0,0,0,)
    time_debug15:                 333.826 6.95471 56.8447% 48524.9 (6.08904,7.17139,7.12949,6.90454,6.91515,7.40882,6.76358,7.32958,7.05143,6.86345,6.89711,7.04543,7.05277,6.41743,7.17652,7.04116,6.95673,6.84543,7.0251,6.93052,6.94966,6.16756,6.90131,7.07626,6.97439,7.07581,6.73338,7.11249,7.00912,7.05752,7.15176,7.08529,7.08146,6.91904,7.24509,6.40172,7.12566,7.13562,6.89343,7.0473,6.8327,6.7558,6.98474,6.82574,7.22706,7.1561,7.07747,6.8079,0,)
    time_rec_loop_tryRead:        0 -nan -nan% 0 (0,0,0,0,0,0,0,0,0,0,0,0,0,0,0,0,0,0,0,0,0,0,0,0,0,0,0,0,0,0,0,0,0,0,0,0,0,0,0,0,0,0,0,0,0,0,0,0,0,)
    time_rec_finding_empty_slot:  0 -nan -nan% 0 (0,0,0,0,0,0,0,0,0,0,0,0,0,0,0,0,0,0,0,0,0,0,0,0,0,0,0,0,0,0,0,0,0,0,0,0,0,0,0,0,0,0,0,0,0,0,0,0,0,)
    time_silo_validate1:          18.5326 0.386095 3.15577% 2693.89 (0.407905,0.390631,0.39314,0.390204,0.391123,0.382484,0.390391,0.376661,0.376793,0.392738,0.392677,0.384908,0.387143,0.378222,0.390262,0.383046,0.381849,0.388264,0.38958,0.393855,0.393359,0.393853,0.387069,0.381237,0.38633,0.381556,0.397719,0.378006,0.386454,0.388538,0.382986,0.382069,0.380371,0.392801,0.381815,0.379534,0.380663,0.381876,0.385182,0.388892,0.391167,0.387872,0.387761,0.396194,0.374721,0.379773,0.368485,0.374419,0,)
    time_silo_validate2:          8.09004 0.168542 1.37759% 1175.97 (0.173643,0.165732,0.163922,0.168061,0.166947,0.167704,0.174996,0.167479,0.167672,0.168667,0.172159,0.16964,0.164343,0.162706,0.166454,0.164544,0.166435,0.167508,0.16573,0.167901,0.167154,0.170706,0.166359,0.16653,0.166499,0.16126,0.167434,0.160642,0.167377,0.169895,0.163504,0.163612,0.16216,0.170019,0.162839,0.171178,0.16821,0.16955,0.164903,0.174652,0.167269,0.165879,0.173865,0.167978,0.160783,0.162559,0.166676,0.238302,0,)
    time_silo_validate3:          201.266 4.19304 34.272% 29256 (3.52244,4.4145,4.35171,4.14727,4.19002,4.61394,3.96421,4.57784,4.24897,4.15107,4.18073,4.32365,4.37339,3.85888,4.42994,4.29473,4.30003,4.09195,4.25956,4.20992,4.1998,3.58849,4.15201,4.31717,4.15978,4.26174,3.97392,4.30973,4.22281,4.23912,4.35436,4.30096,4.31988,4.12994,4.36032,3.81682,4.33043,4.32512,4.12898,4.21141,4.05449,3.95653,4.22718,4.02325,4.37804,4.36935,4.20064,3.84873,0,)
    time_silo_validate4:          7.64682 0.159309 1.30212% 1111.54 (0.147671,0.172394,0.135054,0.165748,0.143629,0.170897,0.141952,0.168873,0.137839,0.14538,0.148949,0.143615,0.143342,0.184784,0.143673,0.169025,0.13674,0.171383,0.149226,0.147039,0.143741,0.150139,0.170584,0.138532,0.174828,0.176587,0.141139,0.179539,0.175601,0.143861,0.177993,0.181487,0.173961,0.140951,0.185867,0.169399,0.183213,0.168863,0.168163,0.168374,0.172525,0.141679,0.139663,0.17535,0.137276,0.166985,0.164402,0.168908,0,)
    time_silo_validate5:          244.082 5.08504 41.5629% 35479.7 (4.41996,5.33085,5.22249,5.04832,5.07187,5.52347,4.84107,5.47349,5.10487,5.02931,5.06544,5.19511,5.24395,4.75516,5.31522,5.19489,5.15881,4.99235,5.14664,5.09585,5.08137,4.47401,5.05355,5.18634,5.06869,5.16131,4.8518,5.21155,5.131,5.12025,5.26892,5.20141,5.21134,5.00199,5.27684,4.71287,5.24008,5.23083,5.02325,5.12459,4.95536,4.82011,5.11014,4.93625,5.23964,5.26094,5.08453,4.81393,0,)
    time_silo_validate6:          0.0324264 0.000675549 0.00552164% 4.71349 (6.56818e-06,0.00100541,0.000950141,0.000697921,0.000655832,0.000955119,0.000323451,0.000944525,0.000658835,0.000372517,0.000322622,0.000669108,0.000677402,0.000643111,0.000988315,0.00097965,0.000608462,0.000385545,0.000678106,0.000662091,0.000706422,0.000335756,0.000666049,0.000962595,0.000674771,0.000921226,0.000327255,0.000951235,0.000625367,0.000645688,0.000961402,0.000562304,0.000558615,0.000327936,0.000924025,0.000651918,0.000592175,0.00101807,0.000661955,0.000712238,0.000355985,0.000331352,0.000676758,0.000375705,0.000894776,0.000939793,0.00109593,0.000784322,0,)
    time_silo_validate7:          33.2151 0.691981 5.65594% 4828.14 (0.79099,0.655975,0.654113,0.689436,0.665386,0.732305,0.760247,0.674345,0.779156,0.691913,0.675098,0.69483,0.667395,0.652461,0.671152,0.659535,0.665569,0.699297,0.697458,0.672274,0.680845,0.690367,0.683387,0.669513,0.694677,0.654428,0.684844,0.676118,0.678188,0.694481,0.659744,0.668335,0.646801,0.735728,0.685358,0.6633,0.678218,0.679416,0.663326,0.702,0.67023,0.750582,0.678042,0.691628,0.761403,0.676431,0.765054,0.783698,0,)
    time_silo_validate8:          44.4526 0.926095 7.56949% 6461.62 (0.661453,0.92587,1.0014,0.921893,0.93247,0.904769,0.922815,0.921225,0.915328,0.908515,0.912851,0.907159,0.886999,0.779328,0.926296,0.929391,0.888272,0.913838,0.925666,0.915705,0.937363,0.77784,0.921867,0.952759,0.949677,1.00086,0.941318,0.965168,0.936846,0.983281,0.956359,0.956347,0.967152,0.929048,1.01972,0.785065,0.945113,0.95327,0.946985,0.961492,0.954539,0.936389,0.933078,0.947488,0.9597,0.949167,0.965734,1.01771,0,)
    time_silo_validate9:          56.4965 1.17701 9.62037% 8212.33 (0.878087,1.18356,1.25194,1.16608,1.17725,1.15208,1.16194,1.18081,1.16675,1.14185,1.15625,1.15482,1.14075,1.00917,1.18916,1.18575,1.13174,1.15339,1.18032,1.16174,1.18674,1.00285,1.1637,1.21945,1.21034,1.25915,1.1964,1.22387,1.1993,1.24215,1.22213,1.21498,1.22276,1.181,1.28197,1.0249,1.20677,1.22435,1.20619,1.22,1.20675,1.18478,1.19588,1.19748,1.22513,1.21779,1.22679,1.20949,0,)
    time_locktable_get:           40.4074 0.84182 6.88066% 5873.61 (0.955589,0.829341,0.807142,0.845149,0.834996,0.797614,0.823438,0.803046,0.818291,0.834378,0.831143,0.891184,0.814649,0.935152,0.813869,0.807354,0.831445,0.876968,0.903547,0.861682,0.857715,0.936605,0.835105,0.831142,0.867543,0.796018,0.84776,0.852566,0.83003,0.829956,0.813384,0.825902,0.846991,0.832095,0.800662,0.887549,0.823989,0.810726,0.822924,0.832895,0.822755,0.836999,0.830648,0.910635,0.790856,0.818585,0.798656,0.900688,0,)
    time_locktable_get_validation:0 -nan -nan% 0 (0,0,0,0,0,0,0,0,0,0,0,0,0,0,0,0,0,0,0,0,0,0,0,0,0,0,0,0,0,0,0,0,0,0,0,0,0,0,0,0,0,0,0,0,0,0,0,0,0,)
    time_locktable_release:       0 -nan -nan% 0 (0,0,0,0,0,0,0,0,0,0,0,0,0,0,0,0,0,0,0,0,0,0,0,0,0,0,0,0,0,0,0,0,0,0,0,0,0,0,0,0,0,0,0,0,0,0,0,0,0,)
    time_get_row_before:          25.6029 0.533394 4.35973% 3721.64 (0.553608,0.532375,0.534058,0.540019,0.539782,0.540838,0.548558,0.529812,0.550015,0.541928,0.539845,0.535412,0.528341,0.518349,0.532261,0.531947,0.530062,0.537957,0.54261,0.538553,0.540522,0.548355,0.538632,0.529647,0.530729,0.520947,0.53809,0.529924,0.530705,0.534629,0.523974,0.524199,0.521271,0.530151,0.525259,0.528813,0.52677,0.531679,0.585364,0.534541,0.539559,0.539469,0.536823,0.535591,0.514576,0.523203,0.533068,0.460116,0,)
    time_get_row_after:           82.3556 1.71574 14.0237% 11971.2 (1.75156,1.71312,1.74649,1.75863,1.78979,1.73784,1.81738,1.73533,1.73244,1.74496,1.78058,1.73006,1.70557,1.6212,1.72993,1.76269,1.72788,1.71545,1.69989,1.73197,1.75431,1.73451,1.73386,1.71765,1.68686,1.65777,1.73791,1.72375,1.69063,1.74026,1.69289,1.67935,1.68514,1.72278,1.66301,1.72536,1.70929,1.68467,1.70902,1.76108,1.74025,1.74861,1.72998,1.73834,1.64801,1.67649,1.69255,1.43843,0,)
    time_log_create:              23.618 0.492042 4.02173% 3433.11 (0.586028,0.474338,0.468188,0.505628,0.47354,0.534691,0.482069,0.474464,0.567303,0.492269,0.47625,0.491813,0.471492,0.467179,0.479888,0.47924,0.471095,0.506005,0.502343,0.493744,0.48258,0.495437,0.500511,0.479714,0.515119,0.483841,0.502772,0.49552,0.487911,0.499503,0.474542,0.487024,0.471856,0.540989,0.493366,0.474683,0.489092,0.473696,0.476989,0.481853,0.480135,0.48916,0.477011,0.491114,0.493898,0.469521,0.471179,0.541433,0,)
    time_log_serialLogTxn:        0 -nan -nan% 0 (0,0,0,0,0,0,0,0,0,0,0,0,0,0,0,0,0,0,0,0,0,0,0,0,0,0,0,0,0,0,0,0,0,0,0,0,0,0,0,0,0,0,0,0,0,0,0,0,0,)
    time_cleanup_1:               1.41421 0.0294627 0.240815% 205.57 (0.0304041,0.0296681,0.03004,0.030011,0.0298009,0.0296414,0.0298823,0.0290165,0.0293269,0.0303675,0.0299687,0.0299438,0.0296447,0.0285468,0.0295675,0.0292256,0.02938,0.0298308,0.029739,0.0302682,0.0300699,0.0300386,0.0297615,0.0295705,0.0297703,0.0290849,0.0304319,0.0291686,0.0297293,0.0296409,0.0293639,0.0293379,0.0291865,0.0301274,0.0293268,0.0294446,0.029387,0.0296144,0.0298059,0.0296781,0.0300706,0.0296916,0.0297234,0.0301414,0.0288372,0.0292656,0.0284285,0.0212398,0,)
    time_cleanup_2:               5.18898 0.108104 0.883591% 754.269 (0.110819,0.107825,0.107233,0.109128,0.107466,0.107579,0.129518,0.108522,0.110471,0.110305,0.109231,0.110194,0.108307,0.103334,0.108087,0.106053,0.106922,0.10748,0.107936,0.109001,0.109086,0.108141,0.107109,0.10747,0.107909,0.104838,0.109047,0.104245,0.10859,0.108109,0.106585,0.107112,0.105586,0.108162,0.105855,0.106125,0.108067,0.109992,0.107424,0.110173,0.1083,0.108357,0.108749,0.109215,0.106523,0.106813,0.108659,0.0973267,0,)
    time_insideSLT1:              39.7329 0.827769 6.76581% 5775.57 (0.566648,0.834469,0.911705,0.8275,0.841273,0.810071,0.82795,0.829692,0.813953,0.816976,0.821364,0.813024,0.796929,0.695201,0.835146,0.838579,0.799079,0.818655,0.831708,0.825489,0.844448,0.688371,0.83092,0.848653,0.842551,0.900782,0.837496,0.861905,0.831788,0.87879,0.854229,0.853294,0.866059,0.818927,0.91448,0.688879,0.841736,0.849324,0.843487,0.852056,0.849401,0.824574,0.828655,0.842258,0.848844,0.843514,0.854688,0.937378,0,)
    time_insideSLT2:              40.8284 0.850592 6.95236% 5934.81 (0.584517,0.853031,0.93022,0.846152,0.859782,0.82843,0.847417,0.84807,0.83238,0.835519,0.84017,0.831833,0.815238,0.71213,0.85343,0.857047,0.817043,0.83733,0.850464,0.843717,0.863131,0.706459,0.849106,0.876124,0.870234,0.927489,0.864911,0.888884,0.859453,0.906443,0.881568,0.880581,0.892979,0.846686,0.942034,0.714988,0.869143,0.876996,0.871254,0.879782,0.877184,0.852407,0.856583,0.870197,0.875797,0.871181,0.882166,0.950728,0,)
    time_STLother:                1.91259 0.0398456 0.325681% 278.014 (0.0398409,0.0395882,0.0389617,0.0415811,0.0407802,0.0430822,0.0416886,0.0400091,0.0398758,0.0411197,0.0409963,0.0431584,0.0391928,0.0384064,0.0427021,0.0387464,0.0415015,0.0409522,0.0403886,0.0394486,0.0399938,0.0435272,0.0395484,0.04054,0.0399339,0.0383789,0.0427885,0.037726,0.0424671,0.0432796,0.038912,0.0424031,0.0387249,0.0388646,0.0382824,0.0410918,0.0385198,0.0403695,0.0370139,0.0377236,0.0416445,0.0380242,0.0387773,0.0420872,0.0338326,0.0385008,0.0386736,0.028941,0,)
    time_logging_thread:          27.315 27.315 223.261% 3970.51 (0,0,0,0,0,0,0,0,0,0,0,0,0,0,0,0,0,0,0,0,0,0,0,0,0,0,0,0,0,0,0,0,0,0,0,0,0,0,0,0,0,0,0,0,0,0,0,0,27.315,)
    int_serialLogFail:            7.43161e+07 (1550963,1537207,1565801,1544910,1547546,1590215,1593591,1561434,1544119,1565397,1566375,1577717,1555475,1503993,1546509,1551225,1543429,1532039,1557999,1557858,1550179,1539366,1540926,1556817,1555722,1516822,1539461,1545498,1560777,1567508,1550443,1569790,1540916,1551438,1580515,1544377,1572443,1543065,1549583,1556816,1550292,1531725,1565452,1565618,1551103,1553852,1521694,1350100,0,)
Projected Disk Bandwidth Utilized - avg 9.31617e+08 real 9.31617e+08
Total time measured 685.379
Total wall time observed 687.055
Estimated CPU_FREQ is 2.19463
