NUM_CORES_PER_SLOT=24
NUMA_NODE_NUM=2
HYPER_THREADING_FACTOR=2
Running in big-hash-table mode.

Using 1 disks.
g_flush_blocksize=1048576, g_log_buffer_size=52428800
Init parallelism 96
Stats initialized
Global manager initialized
reading schema file: ./benchmarks/TPCC_full_schema.txt
0 0x7f06f2ff4040 50000000 1
0 0x55e90031df80 500 1
0 0x55e900320f40 5000 1
0 0x7f06dd8a1040 15000000 1
0 0x7f06c814e040 15000000 1
0 0x7f06808e5040 50000000 1
TPCC schema initialized
TPCC Data Initialization Complete!
workload initialized!
Init time 562.113
Log Read Size: 419430400
Start Initializing Locktable, size 16777216
ltiSize=64
Locktable Initialized, size 16777216, schema table size 15728640
mem_allocator initialized!
Query Queue Init Time 12.582363
query_queue initialized!
sim_done = 1
sim_done = 14
sim_done = 23
sim_done = 9
sim_done = 32
sim_done = 18
sim_done = 38
sim_done = 40
sim_done = 41
sim_done = 22
sim_done = 46
sim_done = 26
sim_done = 5
sim_done = 30
sim_done = 7
sim_done = 34
sim_done = 15
sim_done = 9
sim_done = 22
sim_done = 45
sim_done = 12
sim_done = 47
sim_done = 48
sim_done = 19
sim_done = 3
sim_done = 24
sim_done = 31
sim_done = 33
sim_done = 36
sim_done = 11
sim_done = 44
sim_done = 18
sim_done = 44
sim_done = 30
sim_done = 39
sim_done = 42
sim_done = 26
sim_done = 19
sim_done = 11
sim_done = 29
sim_done = 6
sim_done = 20
sim_done = 38
sim_done = 13
sim_done = 29
sim_done = 5
sim_done = 35
sim_done = 2
PASS! SimTime = 2.25468e+09
=Worker Thread=
    Throughput:                   2.92736e+06
    MaxThr:                       2.92293e+06
    PerThdThr:                    2.92736e+06
    run_time:                     107.811 (2.24837,2.24705,2.24774,2.24939,2.24575,2.24507,2.24581,2.2457,2.24689,2.24684,2.24673,2.247,2.24589,2.24398,2.24317,2.24264,2.24826,2.24525,2.24878,2.24419,2.24647,2.24946,2.24384,2.24267,2.2472,2.24423,2.24717,2.24454,2.24423,2.24752,2.24523,2.24681,2.24686,2.2461,2.24522,2.24396,2.24599,2.24516,2.2448,2.24603,2.24905,2.24785,2.24399,2.24476,2.24917,2.24664,2.24462,2.24647,0,)
    log_bytes:                    0 (0,0,0,0,0,0,0,0,0,0,0,0,0,0,0,0,0,0,0,0,0,0,0,0,0,0,0,0,0,0,0,0,0,0,0,0,0,0,0,0,0,0,0,0,0,0,0,0,0,)
    log_dep_size:                 0 (0,0,0,0,0,0,0,0,0,0,0,0,0,0,0,0,0,0,0,0,0,0,0,0,0,0,0,0,0,0,0,0,0,0,0,0,0,0,0,0,0,0,0,0,0,0,0,0,0,)
    log_total_size:               0 (0,0,0,0,0,0,0,0,0,0,0,0,0,0,0,0,0,0,0,0,0,0,0,0,0,0,0,0,0,0,0,0,0,0,0,0,0,0,0,0,0,0,0,0,0,0,0,0,0,)
    latency:                      236.083 (4.92789,4.92575,4.92724,4.9315,4.9235,4.9214,4.92298,4.92454,4.91162,4.92607,4.90649,4.92745,4.91066,4.9197,4.90276,4.91663,4.92852,4.92169,4.91008,4.91974,4.92433,4.93156,4.91823,4.91687,4.92612,4.91957,4.92595,4.92069,4.91968,4.92755,4.92148,4.92652,4.92614,4.9246,4.92211,4.91991,4.92222,4.92147,4.92178,4.9243,4.90367,4.91188,4.89573,4.89379,4.90088,4.90873,4.90508,4.89639,0,)

    num_commits:                  6.575e+06 (150000,139172,138293,135948,135570,137441,138550,131886,132235,138945,135423,128624,135630,135708,135533,136550,135900,138896,128824,136044,139215,135998,139024,136222,141675,140709,140768,138936,139034,135567,140298,134723,135297,135809,135900,135213,140896,141455,135399,137312,140476,136126,130113,140739,140115,135678,136481,130651,0,)
    num_async_commits:            0 (0,0,0,0,0,0,0,0,0,0,0,0,0,0,0,0,0,0,0,0,0,0,0,0,0,0,0,0,0,0,0,0,0,0,0,0,0,0,0,0,0,0,0,0,0,0,0,0,0,)
    num_aborts:                   61092 (0,2130,2220,1901,1875,1201,2584,108,577,853,1674,7,1675,1730,822,1418,1913,2429,62,1895,2492,1608,2160,455,563,1226,2009,1259,1714,983,2440,560,1246,791,781,1034,1980,636,983,203,2131,372,41,1594,2440,1213,849,255,0,)
    num_aborts_logging:           0 (0,0,0,0,0,0,0,0,0,0,0,0,0,0,0,0,0,0,0,0,0,0,0,0,0,0,0,0,0,0,0,0,0,0,0,0,0,0,0,0,0,0,0,0,0,0,0,0,0,)
    num_log_records:              0 (0,0,0,0,0,0,0,0,0,0,0,0,0,0,0,0,0,0,0,0,0,0,0,0,0,0,0,0,0,0,0,0,0,0,0,0,0,0,0,0,0,0,0,0,0,0,0,0,0,)
    log_data:                     0 (0,0,0,0,0,0,0,0,0,0,0,0,0,0,0,0,0,0,0,0,0,0,0,0,0,0,0,0,0,0,0,0,0,0,0,0,0,0,0,0,0,0,0,0,0,0,0,0,0,)
    num_latency_count:            6.63609e+06 (150000,141302,140513,137849,137445,138642,141134,131994,132812,139798,137097,128631,137305,137438,136355,137968,137813,141325,128886,137939,141707,137606,141184,136677,142238,141935,142777,140195,140748,136550,142738,135283,136543,136600,136681,136247,142876,142091,136382,137515,142607,136498,130154,142333,142555,136891,137330,130906,0,)
    num_raw_edges:                0 (0,0,0,0,0,0,0,0,0,0,0,0,0,0,0,0,0,0,0,0,0,0,0,0,0,0,0,0,0,0,0,0,0,0,0,0,0,0,0,0,0,0,0,0,0,0,0,0,0,)
    num_waw_edges:                0 (0,0,0,0,0,0,0,0,0,0,0,0,0,0,0,0,0,0,0,0,0,0,0,0,0,0,0,0,0,0,0,0,0,0,0,0,0,0,0,0,0,0,0,0,0,0,0,0,0,)
    num_war_edges:                0 (0,0,0,0,0,0,0,0,0,0,0,0,0,0,0,0,0,0,0,0,0,0,0,0,0,0,0,0,0,0,0,0,0,0,0,0,0,0,0,0,0,0,0,0,0,0,0,0,0,)
    int_num_log:                  0 (0,0,0,0,0,0,0,0,0,0,0,0,0,0,0,0,0,0,0,0,0,0,0,0,0,0,0,0,0,0,0,0,0,0,0,0,0,0,0,0,0,0,0,0,0,0,0,0,0,)
    int_debug_get_next:           0 (0,0,0,0,0,0,0,0,0,0,0,0,0,0,0,0,0,0,0,0,0,0,0,0,0,0,0,0,0,0,0,0,0,0,0,0,0,0,0,0,0,0,0,0,0,0,0,0,0,)
    int_debug1:                   0 (0,0,0,0,0,0,0,0,0,0,0,0,0,0,0,0,0,0,0,0,0,0,0,0,0,0,0,0,0,0,0,0,0,0,0,0,0,0,0,0,0,0,0,0,0,0,0,0,0,)
    int_debug2:                   0 (0,0,0,0,0,0,0,0,0,0,0,0,0,0,0,0,0,0,0,0,0,0,0,0,0,0,0,0,0,0,0,0,0,0,0,0,0,0,0,0,0,0,0,0,0,0,0,0,0,)
    int_debug3:                   0 (0,0,0,0,0,0,0,0,0,0,0,0,0,0,0,0,0,0,0,0,0,0,0,0,0,0,0,0,0,0,0,0,0,0,0,0,0,0,0,0,0,0,0,0,0,0,0,0,0,)
    int_debug4:                   1.1402e+08 (1956702,2631809,2440623,2573401,2468215,2373726,2581740,2375741,2392283,2378536,2415258,1898506,2515493,2638237,2071472,2259785,2756934,2531772,2315619,2642628,2594812,2264906,2144029,2350232,2145596,2510723,1982192,2261844,2471107,2271010,2579711,2145103,2904824,2449860,2478898,2155233,2419440,2351020,2152238,2277158,2502157,1925180,2110485,2610261,2345569,2358943,2786654,2252089,0,)
    int_debug5:                   8.62748e+07 (1946884,1835030,1836133,1790913,1791117,1807590,1841322,1707974,1733084,1817372,1787471,1671725,1788587,1788782,1776173,1793836,1790971,1840635,1663490,1791095,1839689,1786878,1835596,1773847,1851758,1842909,1854139,1819125,1834184,1770828,1860360,1753183,1774853,1768526,1778441,1771833,1852662,1852663,1771290,1792129,1855805,1772660,1693264,1848029,1859951,1774211,1778998,1706786,0,)
    int_debug6:                   1.81565e+07 (122405,334248,349615,457776,481888,387386,318453,413046,417840,477146,338813,364127,443769,443231,351426,366251,460332,364882,407549,477250,330986,344181,477607,351820,191811,332116,375155,344230,334957,437557,313953,440704,426904,445216,452263,427959,316525,189519,462523,329166,347466,347074,421318,353690,316910,425553,448578,393279,0,)
    int_debug7:                   334722 (5,6738,10528,6564,5430,2393,13941,1421,1316,4578,13243,242,261,890,1096,10925,8795,14268,1032,7083,14839,13392,7219,8500,13366,10508,271,9521,12045,672,14197,1205,11604,907,8032,841,9947,13278,347,5450,10555,905,757,15465,13859,10713,11883,3695,0,)
    int_debug8:                   0 (0,0,0,0,0,0,0,0,0,0,0,0,0,0,0,0,0,0,0,0,0,0,0,0,0,0,0,0,0,0,0,0,0,0,0,0,0,0,0,0,0,0,0,0,0,0,0,0,0,)
    int_debug9:                   4.63419e+07 (1048418,984448,983544,961151,960477,970503,986112,920444,931309,977134,958837,900076,959668,959948,954361,963374,960792,986416,897194,960925,986331,959418,984352,954700,995567,990345,994960,977458,983878,952338,996497,943742,953333,951818,956001,952067,994393,995538,952149,963846,995022,954009,911508,992118,996142,953995,957259,917959,0,)
    int_debug10:                  6.40927e+07 (1048809,1551371,1439275,1394395,1384256,1384288,1556935,1261865,1226937,1348955,1416825,1054305,1310895,1364454,1175605,1305378,1504847,1432182,1184292,1416004,1485333,1328599,1234757,1346164,1292571,1486690,1118214,1309115,1428741,1167189,1543090,1195243,1634321,1264345,1367387,1092465,1463153,1425629,1173817,1354886,1457523,1100359,1126765,1489987,1377828,1292775,1542405,1231504,0,)
    int_psnflush:                 0 (0,0,0,0,0,0,0,0,0,0,0,0,0,0,0,0,0,0,0,0,0,0,0,0,0,0,0,0,0,0,0,0,0,0,0,0,0,0,0,0,0,0,0,0,0,0,0,0,0,)
    int_flush_time_interval:      0 (0,0,0,0,0,0,0,0,0,0,0,0,0,0,0,0,0,0,0,0,0,0,0,0,0,0,0,0,0,0,0,0,0,0,0,0,0,0,0,0,0,0,0,0,0,0,0,0,0,)
    int_flush_half_full:          0 (0,0,0,0,0,0,0,0,0,0,0,0,0,0,0,0,0,0,0,0,0,0,0,0,0,0,0,0,0,0,0,0,0,0,0,0,0,0,0,0,0,0,0,0,0,0,0,0,0,)
    int_rec_fail_to_insert:       0 (0,0,0,0,0,0,0,0,0,0,0,0,0,0,0,0,0,0,0,0,0,0,0,0,0,0,0,0,0,0,0,0,0,0,0,0,0,0,0,0,0,0,0,0,0,0,0,0,0,)
    int_num_get_row:              8.62155e+07 (1946884,1832980,1833983,1789055,1789291,1806423,1838831,1707869,1732516,1816546,1785844,1671718,1786953,1787116,1775386,1792443,1789099,1838271,1663429,1789254,1837293,1785322,1833507,1773397,1851218,1841738,1852184,1817909,1832524,1769877,1857996,1752630,1773656,1767762,1777679,1770826,1850750,1852053,1770331,1791937,1853743,1772295,1693223,1846472,1857584,1773043,1778166,1706542,0,)
    int_locktable_volume:         1.34649e+08 (1980160,2880740,2863502,3231677,3151899,2730400,2944976,2699436,2782105,2595241,2819569,2019947,2830380,2991475,2227618,2814898,3231121,2872939,2680811,3155373,2944043,2821536,2619767,2800482,2643361,3078777,2238277,2875017,2941079,2786548,2987085,2653308,3202699,2802961,3128231,2843514,2971103,2643692,2535350,2830175,2931486,2225763,2649563,3087764,2986657,3203878,3132848,2579317,0,)
    int_aux_bytes:                0 (0,0,0,0,0,0,0,0,0,0,0,0,0,0,0,0,0,0,0,0,0,0,0,0,0,0,0,0,0,0,0,0,0,0,0,0,0,0,0,0,0,0,0,0,0,0,0,0,0,)
    int_nonzero:                  0 (0,0,0,0,0,0,0,0,0,0,0,0,0,0,0,0,0,0,0,0,0,0,0,0,0,0,0,0,0,0,0,0,0,0,0,0,0,0,0,0,0,0,0,0,0,0,0,0,0,)
    num_log_entries:              0 (0,0,0,0,0,0,0,0,0,0,0,0,0,0,0,0,0,0,0,0,0,0,0,0,0,0,0,0,0,0,0,0,0,0,0,0,0,0,0,0,0,0,0,0,0,0,0,0,0,)
    time_ts_alloc:                0 -nan -nan% 0 (0,0,0,0,0,0,0,0,0,0,0,0,0,0,0,0,0,0,0,0,0,0,0,0,0,0,0,0,0,0,0,0,0,0,0,0,0,0,0,0,0,0,0,0,0,0,0,0,0,)
    time_man:                     69.2183 1.44205 141.248% 10527.5 (1.34913,1.43352,1.43512,1.45069,1.45769,1.42777,1.42897,1.46976,1.46706,1.42621,1.45066,1.46858,1.4665,1.42978,1.43122,1.41714,1.44052,1.40773,1.47268,1.4509,1.4192,1.4354,1.40522,1.42709,1.43493,1.42461,1.43198,1.42732,1.43783,1.46842,1.4296,1.47515,1.4634,1.47261,1.45682,1.45726,1.43838,1.42847,1.4897,1.45191,1.43483,1.46059,1.4748,1.42448,1.43847,1.45974,1.45481,1.41358,0,)
    time_cleanup:                 4.90323 0.102151 10.0056% 745.738 (0.0757326,0.101692,0.109132,0.116906,0.112217,0.0946213,0.105865,0.0954579,0.103423,0.0988988,0.117996,0.0803853,0.101342,0.0982847,0.0929242,0.0966552,0.111289,0.101654,0.101971,0.115472,0.104642,0.10207,0.0929056,0.096198,0.0887393,0.105456,0.0871699,0.100758,0.100449,0.0956574,0.106297,0.102155,0.114052,0.0954545,0.114441,0.0972422,0.103394,0.0913957,0.0962763,0.0978002,0.114009,0.0938808,0.104483,0.115653,0.117304,0.116192,0.117744,0.0994931,0,)
    time_txn:                     0 -nan -nan% 0 (0,0,0,0,0,0,0,0,0,0,0,0,0,0,0,0,0,0,0,0,0,0,0,0,0,0,0,0,0,0,0,0,0,0,0,0,0,0,0,0,0,0,0,0,0,0,0,0,0,)
    time_index:                   2.7795 0.0579062 5.67189% 422.737 (0.0711486,0.0574828,0.0583426,0.0578571,0.0582485,0.057384,0.0584576,0.0540992,0.0552054,0.0574029,0.0559471,0.0524984,0.0580307,0.055688,0.0574688,0.0576351,0.0564826,0.0580296,0.0521641,0.0561524,0.0572976,0.057213,0.0583299,0.0724581,0.0592943,0.058568,0.0621425,0.0608846,0.0622924,0.0558081,0.0585656,0.0546059,0.0559502,0.0542412,0.0549548,0.05664,0.0614657,0.0585167,0.0535636,0.0576688,0.059107,0.0560611,0.0542678,0.059035,0.0579794,0.0555833,0.0570083,0.0642702,0,)
    time_log:                     0 -nan -nan% 0 (0,0,0,0,0,0,0,0,0,0,0,0,0,0,0,0,0,0,0,0,0,0,0,0,0,0,0,0,0,0,0,0,0,0,0,0,0,0,0,0,0,0,0,0,0,0,0,0,0,)
    time_io:                      0 -nan -nan% 0 (0,0,0,0,0,0,0,0,0,0,0,0,0,0,0,0,0,0,0,0,0,0,0,0,0,0,0,0,0,0,0,0,0,0,0,0,0,0,0,0,0,0,0,0,0,0,0,0,0,)
    time_wait_io:                 0 -nan -nan% 0 (0,0,0,0,0,0,0,0,0,0,0,0,0,0,0,0,0,0,0,0,0,0,0,0,0,0,0,0,0,0,0,0,0,0,0,0,0,0,0,0,0,0,0,0,0,0,0,0,0,)
    time_phase1_add_graph:        0 -nan -nan% 0 (0,0,0,0,0,0,0,0,0,0,0,0,0,0,0,0,0,0,0,0,0,0,0,0,0,0,0,0,0,0,0,0,0,0,0,0,0,0,0,0,0,0,0,0,0,0,0,0,0,)
    time_recover_txn:             0 -nan -nan% 0 (0,0,0,0,0,0,0,0,0,0,0,0,0,0,0,0,0,0,0,0,0,0,0,0,0,0,0,0,0,0,0,0,0,0,0,0,0,0,0,0,0,0,0,0,0,0,0,0,0,)
    time_lv_overhead:             0 -nan -nan% 0 (0,0,0,0,0,0,0,0,0,0,0,0,0,0,0,0,0,0,0,0,0,0,0,0,0,0,0,0,0,0,0,0,0,0,0,0,0,0,0,0,0,0,0,0,0,0,0,0,0,)
    time_state_malloc:            0 -nan -nan% 0 (0,0,0,0,0,0,0,0,0,0,0,0,0,0,0,0,0,0,0,0,0,0,0,0,0,0,0,0,0,0,0,0,0,0,0,0,0,0,0,0,0,0,0,0,0,0,0,0,0,)
    time_phase1_1:                12.4406 0.25918 25.3866% 1892.11 (0.221303,0.262347,0.272087,0.281998,0.272333,0.25503,0.267387,0.255114,0.270083,0.250883,0.27192,0.231495,0.262621,0.262474,0.248242,0.257469,0.280321,0.255238,0.252134,0.284987,0.266183,0.265739,0.256419,0.258827,0.229829,0.264129,0.244827,0.264084,0.262729,0.258332,0.265294,0.267798,0.279555,0.25429,0.271432,0.260307,0.258254,0.231545,0.257293,0.250523,0.262317,0.243321,0.25159,0.261793,0.265944,0.255007,0.275852,0.241953,0,)
    time_phase1_2:                6.32194 0.131707 12.9007% 961.512 (0.160707,0.127642,0.12512,0.121509,0.123295,0.127051,0.128869,0.128988,0.119445,0.135888,0.128462,0.130501,0.121949,0.130962,0.134387,0.135921,0.120583,0.126026,0.129082,0.116922,0.127177,0.124778,0.128425,0.137637,0.147738,0.144024,0.137393,0.14023,0.134955,0.127058,0.134453,0.123834,0.129847,0.125057,0.128134,0.128379,0.135653,0.148163,0.120297,0.135721,0.134081,0.134641,0.13405,0.141408,0.133987,0.130145,0.12624,0.155124,0,)
    time_phase2:                  17.9827 0.374639 36.6957% 2735.01 (0.469294,0.380795,0.363815,0.348102,0.35508,0.368935,0.376899,0.382367,0.357191,0.448207,0.370546,0.388062,0.351098,0.375713,0.38541,0.376873,0.340252,0.350688,0.382849,0.347473,0.370994,0.368473,0.404057,0.372434,0.396354,0.399878,0.375919,0.40137,0.372489,0.357788,0.357317,0.356203,0.371589,0.36876,0.36489,0.348598,0.366985,0.393291,0.348974,0.382908,0.384841,0.368577,0.373606,0.387543,0.355034,0.375277,0.352538,0.386339,0,)
    time_phase3:                  10.8689 0.226435 22.1792% 1653.06 (0.246587,0.231007,0.23315,0.229838,0.22638,0.232578,0.230444,0.220173,0.221477,0.230562,0.228129,0.221488,0.227159,0.239449,0.236938,0.240294,0.241821,0.248169,0.229981,0.237773,0.241083,0.24138,0.243701,0.217689,0.221981,0.219032,0.221632,0.224484,0.219782,0.217447,0.223756,0.212614,0.215556,0.215889,0.21837,0.217312,0.219075,0.220288,0.213165,0.216203,0.222997,0.216589,0.211936,0.220362,0.220734,0.216345,0.217577,0.248502,0,)
    time_phase1_1_raw:            44.0402 0.917504 89.8691% 6698.13 (0.805445,0.906551,0.92051,0.927805,0.934942,0.922121,0.905743,0.935688,0.941799,0.851702,0.907591,0.959533,0.942926,0.901079,0.902957,0.893059,0.921228,0.930604,0.916785,0.91251,0.89626,0.922009,0.865322,0.914537,0.936904,0.87298,0.925919,0.872508,0.913765,0.950226,0.931308,0.951775,0.916515,0.955696,0.927789,0.953183,0.935177,0.933572,0.977877,0.934249,0.890487,0.948528,0.938349,0.872052,0.920473,0.934549,0.926214,0.881385,0,)
    time_phase1_2_raw:            0.79155 0.0164906 1.61525% 120.388 (0.0177646,0.0167994,0.0168124,0.0164327,0.0164003,0.01663,0.0169304,0.0156187,0.0159549,0.0166551,0.0163867,0.0153662,0.0164326,0.0163778,0.0164908,0.0166086,0.0163412,0.0169021,0.0151843,0.0163021,0.0168309,0.0164193,0.0167223,0.0163179,0.0169508,0.0170006,0.0169772,0.01685,0.0167949,0.016148,0.017083,0.0160775,0.0162648,0.0161875,0.0164259,0.0162723,0.0169555,0.0171281,0.0161494,0.0164707,0.0169876,0.0161854,0.0155168,0.016758,0.0175908,0.0162237,0.016165,0.0157049,0,)
    time_phase2_raw:              0.424462 0.00884295 0.866163% 64.5569 (0.00919593,0.00899395,0.00912138,0.00894674,0.00907136,0.00893537,0.00920327,0.00827876,0.00860193,0.00881732,0.0087747,0.00801577,0.00886707,0.00888109,0.00868499,0.00888392,0.00898537,0.00919837,0.0080442,0.00889963,0.0091259,0.00879444,0.00907883,0.00870927,0.00880659,0.00902689,0.00908802,0.00900619,0.00903273,0.00871859,0.00927707,0.00867641,0.008833,0.00878202,0.00876041,0.00871963,0.00913424,0.00899378,0.00861742,0.00876573,0.00920246,0.00856921,0.00826217,0.00906089,0.00914997,0.00881558,0.00873226,0.00832071,0,)
    time_phase3_raw:              0 -nan -nan% 0 (0,0,0,0,0,0,0,0,0,0,0,0,0,0,0,0,0,0,0,0,0,0,0,0,0,0,0,0,0,0,0,0,0,0,0,0,0,0,0,0,0,0,0,0,0,0,0,0,0,)
    time_recover_full:            0 -nan -nan% 0 (0,0,0,0,0,0,0,0,0,0,0,0,0,0,0,0,0,0,0,0,0,0,0,0,0,0,0,0,0,0,0,0,0,0,0,0,0,0,0,0,0,0,0,0,0,0,0,0,0,)
    time_recover1:                0 -nan -nan% 0 (0,0,0,0,0,0,0,0,0,0,0,0,0,0,0,0,0,0,0,0,0,0,0,0,0,0,0,0,0,0,0,0,0,0,0,0,0,0,0,0,0,0,0,0,0,0,0,0,0,)
    time_recover2:                0 -nan -nan% 0 (0,0,0,0,0,0,0,0,0,0,0,0,0,0,0,0,0,0,0,0,0,0,0,0,0,0,0,0,0,0,0,0,0,0,0,0,0,0,0,0,0,0,0,0,0,0,0,0,0,)
    time_recover3:                0 -nan -nan% 0 (0,0,0,0,0,0,0,0,0,0,0,0,0,0,0,0,0,0,0,0,0,0,0,0,0,0,0,0,0,0,0,0,0,0,0,0,0,0,0,0,0,0,0,0,0,0,0,0,0,)
    time_recover4:                0 -nan -nan% 0 (0,0,0,0,0,0,0,0,0,0,0,0,0,0,0,0,0,0,0,0,0,0,0,0,0,0,0,0,0,0,0,0,0,0,0,0,0,0,0,0,0,0,0,0,0,0,0,0,0,)
    time_recover5:                0 -nan -nan% 0 (0,0,0,0,0,0,0,0,0,0,0,0,0,0,0,0,0,0,0,0,0,0,0,0,0,0,0,0,0,0,0,0,0,0,0,0,0,0,0,0,0,0,0,0,0,0,0,0,0,)
    time_recover6:                0 -nan -nan% 0 (0,0,0,0,0,0,0,0,0,0,0,0,0,0,0,0,0,0,0,0,0,0,0,0,0,0,0,0,0,0,0,0,0,0,0,0,0,0,0,0,0,0,0,0,0,0,0,0,0,)
    time_recover7:                0 -nan -nan% 0 (0,0,0,0,0,0,0,0,0,0,0,0,0,0,0,0,0,0,0,0,0,0,0,0,0,0,0,0,0,0,0,0,0,0,0,0,0,0,0,0,0,0,0,0,0,0,0,0,0,)
    time_recover8:                0 -nan -nan% 0 (0,0,0,0,0,0,0,0,0,0,0,0,0,0,0,0,0,0,0,0,0,0,0,0,0,0,0,0,0,0,0,0,0,0,0,0,0,0,0,0,0,0,0,0,0,0,0,0,0,)
    time_debug_get_next:          0 -nan -nan% 0 (0,0,0,0,0,0,0,0,0,0,0,0,0,0,0,0,0,0,0,0,0,0,0,0,0,0,0,0,0,0,0,0,0,0,0,0,0,0,0,0,0,0,0,0,0,0,0,0,0,)
    time_debug0:                  20.5883 0.428923 42.0128% 3131.3 (0.41305,0.429461,0.431022,0.435347,0.429367,0.432475,0.432295,0.446232,0.447493,0.431997,0.432386,0.434996,0.434141,0.415352,0.423555,0.418748,0.416566,0.414165,0.436769,0.421813,0.430355,0.422805,0.415127,0.42355,0.426485,0.423606,0.425736,0.440534,0.422261,0.438418,0.428769,0.450797,0.434687,0.448509,0.426251,0.429724,0.428555,0.422576,0.429791,0.439741,0.425734,0.433933,0.432525,0.416606,0.429293,0.435453,0.415107,0.414138,0,)
    time_debug1:                  27.1141 0.564878 55.3296% 4123.82 (0.673742,0.601363,0.585352,0.511824,0.503446,0.568987,0.603308,0.562346,0.543432,0.485922,0.598029,0.568323,0.535771,0.532112,0.554713,0.566344,0.497202,0.553618,0.554451,0.503094,0.587629,0.577273,0.468944,0.596128,0.677949,0.608884,0.546277,0.586754,0.605299,0.540441,0.60776,0.537784,0.549547,0.532866,0.523659,0.535044,0.622005,0.681038,0.511733,0.623811,0.589492,0.562849,0.543856,0.584218,0.604633,0.536168,0.514902,0.553822,0,)
    time_debug2:                  10.342 0.215458 21.1041% 1572.93 (0.0476008,0.171501,0.18642,0.266811,0.273108,0.213086,0.159172,0.244582,0.256124,0.279933,0.17342,0.265054,0.272073,0.258522,0.232903,0.201195,0.258536,0.187876,0.257385,0.260148,0.167071,0.173697,0.285477,0.178464,0.0973188,0.156203,0.249771,0.174756,0.17089,0.271437,0.157049,0.265537,0.242579,0.278392,0.263099,0.272869,0.159459,0.0960406,0.324417,0.168698,0.1765,0.239434,0.272367,0.167821,0.159651,0.244371,0.250859,0.212322,0,)
    time_debug3:                  0.391284 0.00815174 0.79846% 59.5108 (8.88545e-06,0.00342134,0.00538651,0.00666218,0.0189034,0.00167721,0.00669914,0.00141638,0.00131199,0.00410895,0.00670749,0.000385306,0.000352565,0.00410027,0.00342345,0.0101999,0.0299359,0.0304654,0.00116079,0.0247459,0.00757967,0.0372111,0.0163893,0.0123546,0.0075403,0.00584531,0.000670652,0.00458324,0.0137013,0.000706031,0.00706005,0.0013354,0.00645312,0.00106741,0.0109405,0.00559804,0.00522257,0.00717437,0.00231122,0.00365761,0.00518834,0.000958701,0.00380078,0.00787189,0.00727733,0.00641061,0.0339262,0.00737495,0,)
    time_debug4:                  17.6512 0.367734 36.0194% 2684.6 (0.481445,0.394077,0.3745,0.323471,0.306695,0.361032,0.393958,0.343853,0.336993,0.329341,0.384117,0.364325,0.324331,0.347345,0.389017,0.365099,0.323441,0.359744,0.345483,0.317013,0.384798,0.380565,0.317521,0.383623,0.465924,0.418327,0.365827,0.39156,0.393788,0.335226,0.39929,0.327967,0.362237,0.332639,0.336541,0.337817,0.405637,0.467836,0.328718,0.399754,0.39089,0.386481,0.340056,0.392631,0.392463,0.350807,0.338689,0.358345,0,)
    time_debug5:                  3.45455e-08 8.63636e-09 8.45928e-07% 5.25406e-06 (8.18182e-09,0,0,0,0,0,0,9.09091e-09,0,0,0,0,0,0,0,0,0,0,0,9.09091e-09,0,0,0,0,0,0,0,0,0,0,0,0,0,0,0,0,0,0,8.18182e-09,0,0,0,0,0,0,0,0,0,0,)
    time_debug6:                  0 -nan -nan% 0 (0,0,0,0,0,0,0,0,0,0,0,0,0,0,0,0,0,0,0,0,0,0,0,0,0,0,0,0,0,0,0,0,0,0,0,0,0,0,0,0,0,0,0,0,0,0,0,0,0,)
    time_debug7:                  16.4625 0.342968 33.5936% 2503.79 (0.443787,0.362811,0.346079,0.305815,0.316149,0.344906,0.351715,0.333577,0.32145,0.353349,0.347379,0.369815,0.331506,0.340332,0.369985,0.342741,0.302507,0.321218,0.336214,0.315095,0.330578,0.335908,0.345078,0.334783,0.364223,0.364937,0.364016,0.354808,0.339068,0.335897,0.341954,0.34049,0.321943,0.335317,0.325663,0.326801,0.352123,0.366681,0.371358,0.352289,0.345912,0.362482,0.346389,0.340811,0.330021,0.312936,0.324533,0.339021,0,)
    time_debug8:                  1.63123 0.033984 3.32872% 248.096 (0.0215744,0.0331991,0.0406506,0.0455367,0.0444654,0.0296034,0.036894,0.0317053,0.0349137,0.0357302,0.0416541,0.0249978,0.0315031,0.0319711,0.0269785,0.0318209,0.039987,0.0345143,0.0303631,0.0458107,0.0365273,0.034577,0.031329,0.0309158,0.0278011,0.0355511,0.028363,0.0332269,0.0323603,0.0317755,0.0360503,0.0378963,0.0394615,0.0329846,0.0440923,0.03183,0.0333955,0.0280897,0.0309902,0.032094,0.0331848,0.0285131,0.0307468,0.0349685,0.0362854,0.0393836,0.0378808,0.0270863,0,)
    time_debug9:                  0.836021 0.0174171 1.706% 127.152 (0.00929427,0.0201148,0.0198392,0.0207053,0.0193681,0.0180201,0.021385,0.0159546,0.0144752,0.0158487,0.0195251,0.0110407,0.0162947,0.0166789,0.0134378,0.0180324,0.0213133,0.0180951,0.0140091,0.0184271,0.0193934,0.0195695,0.0156934,0.0170808,0.0166534,0.0207154,0.0123816,0.0179381,0.0194855,0.0141788,0.0214061,0.0164747,0.0232868,0.0147338,0.0196274,0.0142523,0.0205075,0.0176648,0.0142268,0.0190189,0.0196929,0.012519,0.0143816,0.0191332,0.0201086,0.0200887,0.0206316,0.0133168,0,)
    time_debug10:                 0 -nan -nan% 0 (0,0,0,0,0,0,0,0,0,0,0,0,0,0,0,0,0,0,0,0,0,0,0,0,0,0,0,0,0,0,0,0,0,0,0,0,0,0,0,0,0,0,0,0,0,0,0,0,0,)
    time_debug11:                 14.8807 0.310016 30.3659% 2263.23 (0.308367,0.313843,0.305982,0.32085,0.312415,0.311301,0.309097,0.303511,0.312483,0.3042,0.308582,0.290971,0.313419,0.313007,0.302675,0.313295,0.324792,0.308079,0.310767,0.326118,0.318554,0.301668,0.318382,0.316959,0.279928,0.318441,0.312637,0.316531,0.313348,0.315294,0.306359,0.314086,0.314131,0.304229,0.312606,0.315985,0.302834,0.28483,0.305842,0.300305,0.318748,0.302793,0.305777,0.326457,0.313764,0.307135,0.321911,0.297459,0,)
    time_debug12:                 92.6058 1.92929 188.973% 14084.5 (1.93318,1.92649,1.93474,1.92194,1.92681,1.92706,1.92956,1.93608,1.92569,1.93613,1.93072,1.94992,1.92492,1.92429,1.93299,1.92254,1.91656,1.93031,1.93211,1.91125,1.92079,1.94116,1.91846,1.91897,1.96032,1.9191,1.92764,1.92105,1.92411,1.92565,1.93194,1.92653,1.92621,1.93544,1.92578,1.92144,1.93604,1.95362,1.93236,1.93923,1.92354,1.93809,1.93219,1.91147,1.92867,1.9332,1.91614,1.94334,0,)
    time_debug13:                 0 -nan -nan% 0 (0,0,0,0,0,0,0,0,0,0,0,0,0,0,0,0,0,0,0,0,0,0,0,0,0,0,0,0,0,0,0,0,0,0,0,0,0,0,0,0,0,0,0,0,0,0,0,0,0,)
    time_debug14:                 0 -nan -nan% 0 (0,0,0,0,0,0,0,0,0,0,0,0,0,0,0,0,0,0,0,0,0,0,0,0,0,0,0,0,0,0,0,0,0,0,0,0,0,0,0,0,0,0,0,0,0,0,0,0,0,)
    time_debug15:                 0 -nan -nan% 0 (0,0,0,0,0,0,0,0,0,0,0,0,0,0,0,0,0,0,0,0,0,0,0,0,0,0,0,0,0,0,0,0,0,0,0,0,0,0,0,0,0,0,0,0,0,0,0,0,0,)
    time_rec_loop_tryRead:        0 -nan -nan% 0 (0,0,0,0,0,0,0,0,0,0,0,0,0,0,0,0,0,0,0,0,0,0,0,0,0,0,0,0,0,0,0,0,0,0,0,0,0,0,0,0,0,0,0,0,0,0,0,0,0,)
    time_rec_finding_empty_slot:  0 -nan -nan% 0 (0,0,0,0,0,0,0,0,0,0,0,0,0,0,0,0,0,0,0,0,0,0,0,0,0,0,0,0,0,0,0,0,0,0,0,0,0,0,0,0,0,0,0,0,0,0,0,0,0,)
    time_silo_validate1:          0 -nan -nan% 0 (0,0,0,0,0,0,0,0,0,0,0,0,0,0,0,0,0,0,0,0,0,0,0,0,0,0,0,0,0,0,0,0,0,0,0,0,0,0,0,0,0,0,0,0,0,0,0,0,0,)
    time_silo_validate2:          0 -nan -nan% 0 (0,0,0,0,0,0,0,0,0,0,0,0,0,0,0,0,0,0,0,0,0,0,0,0,0,0,0,0,0,0,0,0,0,0,0,0,0,0,0,0,0,0,0,0,0,0,0,0,0,)
    time_silo_validate3:          0 -nan -nan% 0 (0,0,0,0,0,0,0,0,0,0,0,0,0,0,0,0,0,0,0,0,0,0,0,0,0,0,0,0,0,0,0,0,0,0,0,0,0,0,0,0,0,0,0,0,0,0,0,0,0,)
    time_silo_validate4:          0 -nan -nan% 0 (0,0,0,0,0,0,0,0,0,0,0,0,0,0,0,0,0,0,0,0,0,0,0,0,0,0,0,0,0,0,0,0,0,0,0,0,0,0,0,0,0,0,0,0,0,0,0,0,0,)
    time_silo_validate5:          0 -nan -nan% 0 (0,0,0,0,0,0,0,0,0,0,0,0,0,0,0,0,0,0,0,0,0,0,0,0,0,0,0,0,0,0,0,0,0,0,0,0,0,0,0,0,0,0,0,0,0,0,0,0,0,)
    time_silo_validate6:          0 -nan -nan% 0 (0,0,0,0,0,0,0,0,0,0,0,0,0,0,0,0,0,0,0,0,0,0,0,0,0,0,0,0,0,0,0,0,0,0,0,0,0,0,0,0,0,0,0,0,0,0,0,0,0,)
    time_silo_validate7:          0 -nan -nan% 0 (0,0,0,0,0,0,0,0,0,0,0,0,0,0,0,0,0,0,0,0,0,0,0,0,0,0,0,0,0,0,0,0,0,0,0,0,0,0,0,0,0,0,0,0,0,0,0,0,0,)
    time_silo_validate8:          0 -nan -nan% 0 (0,0,0,0,0,0,0,0,0,0,0,0,0,0,0,0,0,0,0,0,0,0,0,0,0,0,0,0,0,0,0,0,0,0,0,0,0,0,0,0,0,0,0,0,0,0,0,0,0,)
    time_silo_validate9:          0 -nan -nan% 0 (0,0,0,0,0,0,0,0,0,0,0,0,0,0,0,0,0,0,0,0,0,0,0,0,0,0,0,0,0,0,0,0,0,0,0,0,0,0,0,0,0,0,0,0,0,0,0,0,0,)
    time_locktable_get:           60.1088 1.25227 122.659% 9142.03 (1.1689,1.23995,1.24252,1.25492,1.26313,1.24998,1.2358,1.28691,1.28284,1.23614,1.24564,1.30054,1.27749,1.24437,1.25007,1.23046,1.23962,1.2206,1.28326,1.24629,1.22833,1.24482,1.22371,1.24349,1.24235,1.22915,1.25946,1.24053,1.24812,1.28535,1.23698,1.2922,1.2669,1.29559,1.25716,1.27771,1.2504,1.24114,1.30224,1.27081,1.23389,1.27386,1.28644,1.21315,1.23728,1.26025,1.24857,1.21954,0,)
    time_locktable_get_validation:0 -nan -nan% 0 (0,0,0,0,0,0,0,0,0,0,0,0,0,0,0,0,0,0,0,0,0,0,0,0,0,0,0,0,0,0,0,0,0,0,0,0,0,0,0,0,0,0,0,0,0,0,0,0,0,)
    time_locktable_release:       3.90987 0.0814555 7.97854% 594.656 (0.055721,0.0832486,0.0904829,0.0987487,0.0943834,0.0763384,0.0875414,0.078168,0.0812805,0.0805583,0.0921071,0.0633019,0.0785254,0.0803593,0.0687941,0.0784169,0.0932085,0.082724,0.0754482,0.097252,0.0856283,0.0838577,0.0745613,0.0779254,0.0696791,0.0867314,0.0684228,0.0818753,0.0818867,0.0776751,0.087664,0.0844561,0.0960897,0.0775431,0.0963353,0.0793214,0.0841711,0.0722455,0.0784196,0.0796036,0.0832654,0.0686566,0.0761273,0.0846287,0.085031,0.0903321,0.0924839,0.0686403,0,)
    time_get_row_before:          2.99451 0.0623856 6.11065% 455.439 (0.0789907,0.0636365,0.0603495,0.0561849,0.0591323,0.0601313,0.0640656,0.0597538,0.0577531,0.0680739,0.0595389,0.0645876,0.0564076,0.0646261,0.0649146,0.0647949,0.0628035,0.062128,0.0610489,0.0600233,0.0619371,0.0657789,0.0648734,0.0638246,0.0659907,0.0665716,0.061846,0.0621169,0.0659481,0.0596179,0.0626105,0.0576825,0.0594573,0.0588152,0.062477,0.0598629,0.0607046,0.0655968,0.0599286,0.0594786,0.063522,0.06096,0.0620097,0.0653203,0.0602784,0.0599206,0.0635067,0.0649271,0,)
    time_get_row_after:           7.39908 0.154148 15.0987% 1125.34 (0.165888,0.155196,0.156549,0.154044,0.149878,0.15524,0.15481,0.149996,0.151255,0.154243,0.151599,0.145905,0.15017,0.150503,0.151151,0.153276,0.153681,0.156996,0.143527,0.150868,0.153026,0.151856,0.161137,0.154761,0.160114,0.155394,0.156,0.157593,0.153576,0.153826,0.15995,0.149961,0.151199,0.1518,0.158614,0.152969,0.158093,0.158737,0.151383,0.15508,0.158545,0.15462,0.148633,0.160145,0.156846,0.153326,0.157411,0.149713,0,)
    time_log_create:              0 -nan -nan% 0 (0,0,0,0,0,0,0,0,0,0,0,0,0,0,0,0,0,0,0,0,0,0,0,0,0,0,0,0,0,0,0,0,0,0,0,0,0,0,0,0,0,0,0,0,0,0,0,0,0,)
    time_log_serialLogTxn:        0 -nan -nan% 0 (0,0,0,0,0,0,0,0,0,0,0,0,0,0,0,0,0,0,0,0,0,0,0,0,0,0,0,0,0,0,0,0,0,0,0,0,0,0,0,0,0,0,0,0,0,0,0,0,0,)
    time_cleanup_1:               0.0617512 0.00128648 0.126011% 9.39181 (0.00132254,0.00131824,0.00129122,0.00128065,0.00133389,0.00130986,0.00141026,0.00123212,0.00127251,0.00129332,0.00124801,0.0011713,0.00135096,0.00134237,0.00125146,0.00128205,0.00134787,0.00127385,0.00124922,0.00128844,0.00126755,0.00126218,0.00132908,0.00124202,0.00125166,0.00131883,0.00133419,0.00126094,0.00131659,0.00128267,0.00136375,0.00129782,0.00129934,0.00128856,0.00126378,0.00128424,0.00130618,0.00126141,0.00130779,0.00126093,0.00133541,0.00122676,0.00125469,0.00128421,0.00128268,0.00123212,0.00130474,0.00116093,0,)
    time_cleanup_2:               0.149246 0.0031093 0.304555% 22.6991 (0.00265676,0.00247768,0.00244686,0.00240183,0.00239475,0.00241878,0.00245844,0.00228999,0.00667706,0.00243674,0.0101501,0.00227583,0.007496,0.00239891,0.00833047,0.00240859,0.00241815,0.00246518,0.0119988,0.00242343,0.00248341,0.00240651,0.00245951,0.00238518,0.00249677,0.00247849,0.00250068,0.00245618,0.00244892,0.00237939,0.00248806,0.00235618,0.00237722,0.00238319,0.00238098,0.00239989,0.0026688,0.00249057,0.00236854,0.00240563,0.00251612,0.00239127,0.00231975,0.00250923,0.00252758,0.00240251,0.00243023,0.00231118,0,)
    time_insideSLT1:              0 -nan -nan% 0 (0,0,0,0,0,0,0,0,0,0,0,0,0,0,0,0,0,0,0,0,0,0,0,0,0,0,0,0,0,0,0,0,0,0,0,0,0,0,0,0,0,0,0,0,0,0,0,0,0,)
    time_insideSLT2:              0 -nan -nan% 0 (0,0,0,0,0,0,0,0,0,0,0,0,0,0,0,0,0,0,0,0,0,0,0,0,0,0,0,0,0,0,0,0,0,0,0,0,0,0,0,0,0,0,0,0,0,0,0,0,0,)
    time_STLother:                0 -nan -nan% 0 (0,0,0,0,0,0,0,0,0,0,0,0,0,0,0,0,0,0,0,0,0,0,0,0,0,0,0,0,0,0,0,0,0,0,0,0,0,0,0,0,0,0,0,0,0,0,0,0,0,)
    time_logging_thread:          0 -nan -nan% 0 (0,0,0,0,0,0,0,0,0,0,0,0,0,0,0,0,0,0,0,0,0,0,0,0,0,0,0,0,0,0,0,0,0,0,0,0,0,0,0,0,0,0,0,0,0,0,0,0,0,)
    int_serialLogFail:            0 (0,0,0,0,0,0,0,0,0,0,0,0,0,0,0,0,0,0,0,0,0,0,0,0,0,0,0,0,0,0,0,0,0,0,0,0,0,0,0,0,0,0,0,0,0,0,0,0,0,)
Projected Disk Bandwidth Utilized - avg -nan real -nan
Total time measured 570.246
Total wall time observed 571.64
Estimated CPU_FREQ is 2.19464
