NUM_CORES_PER_SLOT=24
NUMA_NODE_NUM=2
HYPER_THREADING_FACTOR=2
Running in big-hash-table mode.

Using 1 disks.
g_flush_blocksize=1048576, g_log_buffer_size=52428800
Init parallelism 96
Stats initialized
Global manager initialized
reading schema file: ./benchmarks/TPCC_full_schema.txt
0 0x7f6c8a88b040 50000000 1
0 0x56416573ff80 500 1
0 0x564165742f40 5000 1
0 0x7f6c75138040 15000000 1
0 0x7f6c5f9e5040 15000000 1
0 0x7f6c1817c040 50000000 1
TPCC schema initialized
TPCC Data Initialization Complete!
workload initialized!
Init time 649.554
Log Read Size: 419430400
Start Initializing Locktable, size 16777216
ltiSize=64
Locktable Initialized, size 16777216, schema table size 15728640
mem_allocator initialized!
Query Queue Init Time 11.957010
query_queue initialized!
sim_done = 1
sim_done = 15
sim_done = 26
sim_done = 30
sim_done = 31
sim_done = 35
sim_done = 39
sim_done = 19
sim_done = 44
sim_done = 21
sim_done = 2
sim_done = 24
sim_done = 28
sim_done = 29
sim_done = 8
sim_done = 32
sim_done = 40
sim_done = 7
sim_done = 38
sim_done = 14
sim_done = 3
sim_done = 11
sim_done = 23
sim_done = 20
sim_done = 48
sim_done = 16
sim_done = 18
sim_done = 9
sim_done = 33
sim_done = 37
sim_done = 36
sim_done = 43
sim_done = 12
sim_done = 5
sim_done = 47
sim_done = 7
sim_done = 14
sim_done = 46
sim_done = 22
sim_done = 26
sim_done = 10
sim_done = 45
sim_done = 34
sim_done = 42
sim_done = 27
sim_done = 19
sim_done = 41
sim_done = 7
PASS! SimTime = 1.90897e+09
=Worker Thread=
    Throughput:                   3.4464e+06
    MaxThr:                       3.43739e+06
    PerThdThr:                    3.44641e+06
    run_time:                     91.2162 (1.90353,1.8954,1.90323,1.90532,1.90465,1.90268,1.89946,1.90477,1.89715,1.89884,1.89892,1.89784,1.89938,1.90344,1.90126,1.90173,1.90111,1.89706,1.89885,1.89689,1.9033,1.89695,1.90093,1.90077,1.8982,1.89498,1.90212,1.89954,1.90428,1.90009,1.89875,1.90422,1.89623,1.90118,1.89496,1.90457,1.89679,1.90029,1.90394,1.89977,1.89633,1.90024,1.90051,1.89611,1.90059,1.90382,1.90242,1.90287,0,)
    log_bytes:                    0 (0,0,0,0,0,0,0,0,0,0,0,0,0,0,0,0,0,0,0,0,0,0,0,0,0,0,0,0,0,0,0,0,0,0,0,0,0,0,0,0,0,0,0,0,0,0,0,0,0,)
    log_dep_size:                 0 (0,0,0,0,0,0,0,0,0,0,0,0,0,0,0,0,0,0,0,0,0,0,0,0,0,0,0,0,0,0,0,0,0,0,0,0,0,0,0,0,0,0,0,0,0,0,0,0,0,)
    log_total_size:               0 (0,0,0,0,0,0,0,0,0,0,0,0,0,0,0,0,0,0,0,0,0,0,0,0,0,0,0,0,0,0,0,0,0,0,0,0,0,0,0,0,0,0,0,0,0,0,0,0,0,)
    latency:                      199.779 (4.1692,4.15155,4.16872,4.17435,4.17181,4.16756,4.16021,4.17236,4.15461,4.15988,4.16028,4.15764,4.15401,4.16908,4.16559,4.16538,4.16386,4.156,4.15885,4.15538,4.16797,4.15501,4.16325,4.16223,4.15673,4.15034,4.16555,4.16104,4.17018,4.16115,4.15895,4.17063,4.15336,4.16347,4.15064,4.17335,4.15649,4.16158,4.16936,4.16045,4.1547,4.16115,4.16129,4.15307,4.15822,4.16912,4.16672,4.1666,0,)

    num_commits:                  6.54933e+06 (145286,131492,131726,131671,131707,140897,138777,138925,138664,131697,131613,132231,132191,138446,131494,131558,131865,131564,138942,139376,138325,140849,139034,139679,139916,150000,139320,131689,139997,139937,132186,132780,139918,140082,140062,131930,124694,140108,139943,139688,132676,140045,140293,131969,133110,140037,132654,138289,0,)
    num_async_commits:            0 (0,0,0,0,0,0,0,0,0,0,0,0,0,0,0,0,0,0,0,0,0,0,0,0,0,0,0,0,0,0,0,0,0,0,0,0,0,0,0,0,0,0,0,0,0,0,0,0,0,)
    num_aborts:                   202048 (18,6231,5982,2399,6589,1573,4123,1763,6309,3144,2842,2875,6120,3902,2842,6581,6082,2990,3988,1096,6028,1589,4067,5526,5273,19,5267,5226,5321,5492,5663,5530,2620,5137,2074,1450,2290,5443,5252,4977,1862,5411,5375,5237,5595,5383,5452,6040,0,)
    num_aborts_logging:           0 (0,0,0,0,0,0,0,0,0,0,0,0,0,0,0,0,0,0,0,0,0,0,0,0,0,0,0,0,0,0,0,0,0,0,0,0,0,0,0,0,0,0,0,0,0,0,0,0,0,)
    num_log_records:              0 (0,0,0,0,0,0,0,0,0,0,0,0,0,0,0,0,0,0,0,0,0,0,0,0,0,0,0,0,0,0,0,0,0,0,0,0,0,0,0,0,0,0,0,0,0,0,0,0,0,)
    log_data:                     0 (0,0,0,0,0,0,0,0,0,0,0,0,0,0,0,0,0,0,0,0,0,0,0,0,0,0,0,0,0,0,0,0,0,0,0,0,0,0,0,0,0,0,0,0,0,0,0,0,0,)
    num_latency_count:            6.75138e+06 (145304,137723,137708,134070,138296,142470,142900,140688,144973,134841,134455,135106,138311,142348,134336,138139,137947,134554,142930,140472,144353,142438,143101,145205,145189,150019,144587,136915,145318,145429,137849,138310,142538,145219,142136,133380,126984,145551,145195,144665,134538,145456,145668,137206,138705,145420,138106,144329,0,)
    num_raw_edges:                0 (0,0,0,0,0,0,0,0,0,0,0,0,0,0,0,0,0,0,0,0,0,0,0,0,0,0,0,0,0,0,0,0,0,0,0,0,0,0,0,0,0,0,0,0,0,0,0,0,0,)
    num_waw_edges:                0 (0,0,0,0,0,0,0,0,0,0,0,0,0,0,0,0,0,0,0,0,0,0,0,0,0,0,0,0,0,0,0,0,0,0,0,0,0,0,0,0,0,0,0,0,0,0,0,0,0,)
    num_war_edges:                0 (0,0,0,0,0,0,0,0,0,0,0,0,0,0,0,0,0,0,0,0,0,0,0,0,0,0,0,0,0,0,0,0,0,0,0,0,0,0,0,0,0,0,0,0,0,0,0,0,0,)
    int_num_log:                  0 (0,0,0,0,0,0,0,0,0,0,0,0,0,0,0,0,0,0,0,0,0,0,0,0,0,0,0,0,0,0,0,0,0,0,0,0,0,0,0,0,0,0,0,0,0,0,0,0,0,)
    int_debug_get_next:           0 (0,0,0,0,0,0,0,0,0,0,0,0,0,0,0,0,0,0,0,0,0,0,0,0,0,0,0,0,0,0,0,0,0,0,0,0,0,0,0,0,0,0,0,0,0,0,0,0,0,)
    int_debug1:                   0 (0,0,0,0,0,0,0,0,0,0,0,0,0,0,0,0,0,0,0,0,0,0,0,0,0,0,0,0,0,0,0,0,0,0,0,0,0,0,0,0,0,0,0,0,0,0,0,0,0,)
    int_debug2:                   0 (0,0,0,0,0,0,0,0,0,0,0,0,0,0,0,0,0,0,0,0,0,0,0,0,0,0,0,0,0,0,0,0,0,0,0,0,0,0,0,0,0,0,0,0,0,0,0,0,0,)
    int_debug3:                   0 (0,0,0,0,0,0,0,0,0,0,0,0,0,0,0,0,0,0,0,0,0,0,0,0,0,0,0,0,0,0,0,0,0,0,0,0,0,0,0,0,0,0,0,0,0,0,0,0,0,)
    int_debug4:                   6.63944e+07 (1063730,1464008,1477866,1270590,1497934,1200440,1429304,1153962,1565404,1339902,1164461,1305570,1458979,1428849,1299270,1465969,1458293,1289922,1500043,1057824,1539098,1313786,1503364,1533196,1384248,1089534,1317931,1471304,1430605,1414897,1440771,1490860,1176722,1382285,1106398,1213219,1348713,1481884,1492464,1578251,1172341,1499113,1519907,1516088,1484407,1526997,1530916,1542770,0,)
    int_debug5:                   4.63323e+07 (1015010,936273,936370,926502,938211,989993,981841,973821,987690,927663,927224,928301,937575,980236,927317,938311,937208,927479,982031,973506,986268,990433,982231,992697,992863,1048861,991636,935611,992329,993116,942571,943167,983795,992257,982862,930320,878491,994001,992567,992114,932244,993624,993829,936087,943763,993057,942681,986238,0,)
    int_debug6:                   2.07086e+07 (219565,522763,523143,450168,500208,293505,397127,424959,496279,442350,437288,438174,517991,400815,449613,508358,503392,448771,390675,415657,497051,302256,399786,398371,379172,160453,386155,506428,395019,393791,517149,514573,409658,403358,417392,443167,520178,402562,393944,374937,442121,413355,397562,500390,510970,403396,515973,528604,0,)
    int_debug7:                   192000 (15,4127,3877,353,5615,5956,6122,137,7015,571,72,94,4146,5660,65,5103,4507,386,6301,336,5903,5078,5411,6918,6502,43,7112,5226,6669,6044,5578,4739,141,5634,431,77,80,6940,6058,6218,90,6979,6674,5008,4718,6652,4815,5804,0,)
    int_debug8:                   0 (0,0,0,0,0,0,0,0,0,0,0,0,0,0,0,0,0,0,0,0,0,0,0,0,0,0,0,0,0,0,0,0,0,0,0,0,0,0,0,0,0,0,0,0,0,0,0,0,0,)
    int_debug9:                   4.58132e+07 (1014908,921462,921936,921958,921963,984726,970449,970616,970268,921699,921787,922669,922441,969875,921695,921499,922224,921587,970794,971221,969805,984952,970940,978056,978622,1048827,977561,921231,978598,978454,927582,928463,978437,978813,978651,927126,873417,978611,978476,977906,927991,978700,978953,921765,928852,978586,928140,969884,0,)
    int_debug10:                  5.88028e+07 (1016252,1167287,1204572,1097621,1226101,1184974,1340297,1129693,1328870,1159058,998304,1127600,1178551,1342817,1121733,1177569,1182487,1097759,1408443,1044545,1297563,1297848,1416663,1424696,1293359,1065436,1218845,1195292,1320007,1327284,1167392,1196355,1164320,1282437,1077477,1048857,1021944,1373849,1398613,1485762,1013574,1380672,1415244,1240715,1211760,1424356,1237788,1270120,0,)
    int_psnflush:                 0 (0,0,0,0,0,0,0,0,0,0,0,0,0,0,0,0,0,0,0,0,0,0,0,0,0,0,0,0,0,0,0,0,0,0,0,0,0,0,0,0,0,0,0,0,0,0,0,0,0,)
    int_flush_time_interval:      0 (0,0,0,0,0,0,0,0,0,0,0,0,0,0,0,0,0,0,0,0,0,0,0,0,0,0,0,0,0,0,0,0,0,0,0,0,0,0,0,0,0,0,0,0,0,0,0,0,0,)
    int_flush_half_full:          0 (0,0,0,0,0,0,0,0,0,0,0,0,0,0,0,0,0,0,0,0,0,0,0,0,0,0,0,0,0,0,0,0,0,0,0,0,0,0,0,0,0,0,0,0,0,0,0,0,0,)
    int_rec_fail_to_insert:       0 (0,0,0,0,0,0,0,0,0,0,0,0,0,0,0,0,0,0,0,0,0,0,0,0,0,0,0,0,0,0,0,0,0,0,0,0,0,0,0,0,0,0,0,0,0,0,0,0,0,)
    int_num_get_row:              4.61471e+07 (1014992,930393,930734,924345,931986,988528,978005,972313,981630,924872,924719,925772,931799,976614,924763,932072,931508,924827,978356,972562,980460,988935,978454,987823,988237,1048846,987003,930459,987659,988339,937118,937832,981765,987687,981220,928997,876204,989243,988009,987728,930578,988904,989155,930926,938363,988375,937454,980513,0,)
    int_locktable_volume:         7.89987e+07 (1100906,1735937,1704415,1623980,1751423,1508029,1714975,1254816,1825269,1644278,1617774,1648978,1708378,1685290,1629213,1762182,1719873,1655686,1711850,1249033,1808790,1508277,1689299,1750308,1742046,1099421,1745539,1732627,1767248,1731524,1716816,1770855,1250305,1734669,1276231,1623536,1639816,1748195,1734465,1750514,1612906,1764356,1749326,1742995,1735602,1731616,1770435,1818699,0,)
    int_aux_bytes:                0 (0,0,0,0,0,0,0,0,0,0,0,0,0,0,0,0,0,0,0,0,0,0,0,0,0,0,0,0,0,0,0,0,0,0,0,0,0,0,0,0,0,0,0,0,0,0,0,0,0,)
    int_nonzero:                  0 (0,0,0,0,0,0,0,0,0,0,0,0,0,0,0,0,0,0,0,0,0,0,0,0,0,0,0,0,0,0,0,0,0,0,0,0,0,0,0,0,0,0,0,0,0,0,0,0,0,)
    num_log_entries:              0 (0,0,0,0,0,0,0,0,0,0,0,0,0,0,0,0,0,0,0,0,0,0,0,0,0,0,0,0,0,0,0,0,0,0,0,0,0,0,0,0,0,0,0,0,0,0,0,0,0,)
    time_ts_alloc:                0 -nan -nan% 0 (0,0,0,0,0,0,0,0,0,0,0,0,0,0,0,0,0,0,0,0,0,0,0,0,0,0,0,0,0,0,0,0,0,0,0,0,0,0,0,0,0,0,0,0,0,0,0,0,0,)
    time_man:                     60.3905 1.25814 145.653% 9220.87 (1.18591,1.25672,1.26403,1.2754,1.26658,1.20421,1.2321,1.25145,1.226,1.26682,1.26912,1.26538,1.26849,1.23777,1.2718,1.2651,1.25745,1.26527,1.22874,1.24342,1.23372,1.20183,1.23841,1.24736,1.2593,1.21075,1.25976,1.29117,1.26394,1.26412,1.28112,1.28865,1.26766,1.25937,1.26984,1.29657,1.31275,1.264,1.26982,1.258,1.29157,1.26202,1.26451,1.28776,1.28634,1.25855,1.28858,1.2113,0,)
    time_cleanup:                 35.5836 0.741324 85.8223% 5433.16 (0.632476,0.752385,0.76961,0.775946,0.763069,0.664694,0.718726,0.738199,0.707768,0.758232,0.76696,0.766882,0.763763,0.7271,0.757412,0.76659,0.747786,0.766766,0.713641,0.73776,0.718502,0.665835,0.729463,0.735772,0.739225,0.641008,0.729304,0.77898,0.745703,0.749781,0.755815,0.774553,0.746333,0.721478,0.759776,0.78187,0.783933,0.743619,0.750331,0.73012,0.776997,0.744124,0.751946,0.775367,0.769842,0.723619,0.764613,0.699886,0,)
    time_txn:                     0 -nan -nan% 0 (0,0,0,0,0,0,0,0,0,0,0,0,0,0,0,0,0,0,0,0,0,0,0,0,0,0,0,0,0,0,0,0,0,0,0,0,0,0,0,0,0,0,0,0,0,0,0,0,0,)
    time_index:                   2.59984 0.0541632 6.27042% 396.962 (0.0587243,0.0518522,0.0530624,0.052395,0.0518265,0.055782,0.0554481,0.0545097,0.0547741,0.0513153,0.0527552,0.0518748,0.0515155,0.0567698,0.0514101,0.0527625,0.0532931,0.0511616,0.0548872,0.0540165,0.0552096,0.0565,0.0534742,0.0651519,0.0555821,0.0577854,0.0552329,0.0518414,0.0543498,0.0552144,0.051365,0.0511996,0.055426,0.0544617,0.0542298,0.0520096,0.0481074,0.05553,0.0542743,0.0556957,0.0523631,0.0554212,0.0556389,0.051388,0.0516725,0.0547571,0.0519195,0.0638994,0,)
    time_log:                     0.05761 0.00120021 0.138947% 8.79632 (0.00126609,0.00115547,0.00116646,0.0011536,0.0011606,0.00123916,0.00120954,0.00121755,0.00121959,0.00117928,0.00114957,0.00116368,0.00116625,0.00121197,0.00116087,0.00116069,0.00115667,0.00115037,0.00122206,0.00121736,0.0012183,0.0012287,0.00121436,0.00123367,0.00123004,0.00131763,0.00122788,0.0011597,0.00123136,0.00123562,0.0011659,0.00117263,0.00122654,0.00123118,0.00122924,0.00115968,0.00109594,0.00122775,0.00124811,0.001224,0.00116933,0.00123351,0.0012444,0.00116928,0.00118178,0.00123087,0.00116682,0.00120903,0,)
    time_io:                      0 -nan -nan% 0 (0,0,0,0,0,0,0,0,0,0,0,0,0,0,0,0,0,0,0,0,0,0,0,0,0,0,0,0,0,0,0,0,0,0,0,0,0,0,0,0,0,0,0,0,0,0,0,0,0,)
    time_wait_io:                 0 -nan -nan% 0 (0,0,0,0,0,0,0,0,0,0,0,0,0,0,0,0,0,0,0,0,0,0,0,0,0,0,0,0,0,0,0,0,0,0,0,0,0,0,0,0,0,0,0,0,0,0,0,0,0,)
    time_phase1_add_graph:        0 -nan -nan% 0 (0,0,0,0,0,0,0,0,0,0,0,0,0,0,0,0,0,0,0,0,0,0,0,0,0,0,0,0,0,0,0,0,0,0,0,0,0,0,0,0,0,0,0,0,0,0,0,0,0,)
    time_recover_txn:             0 -nan -nan% 0 (0,0,0,0,0,0,0,0,0,0,0,0,0,0,0,0,0,0,0,0,0,0,0,0,0,0,0,0,0,0,0,0,0,0,0,0,0,0,0,0,0,0,0,0,0,0,0,0,0,)
    time_lv_overhead:             0 -nan -nan% 0 (0,0,0,0,0,0,0,0,0,0,0,0,0,0,0,0,0,0,0,0,0,0,0,0,0,0,0,0,0,0,0,0,0,0,0,0,0,0,0,0,0,0,0,0,0,0,0,0,0,)
    time_state_malloc:            0 -nan -nan% 0 (0,0,0,0,0,0,0,0,0,0,0,0,0,0,0,0,0,0,0,0,0,0,0,0,0,0,0,0,0,0,0,0,0,0,0,0,0,0,0,0,0,0,0,0,0,0,0,0,0,)
    time_phase1_1:                4.50555 0.0938656 10.8667% 687.94 (0.0965415,0.0949494,0.0936473,0.0940436,0.0940729,0.0965165,0.0961896,0.0938385,0.098038,0.0913018,0.0919506,0.0914206,0.0953242,0.0961529,0.0894939,0.0935566,0.0964303,0.0927097,0.0961231,0.0931952,0.0994151,0.0955476,0.0943327,0.0959794,0.0925309,0.0956425,0.0938281,0.089914,0.093082,0.0953868,0.0949629,0.0903563,0.0941876,0.0921047,0.0930065,0.0882889,0.0908809,0.0951571,0.0930714,0.0941923,0.0869943,0.0934363,0.0936831,0.0921573,0.0906605,0.0977229,0.0939387,0.0995914,0,)
    time_phase1_2:                4.60573 0.0959528 11.1083% 703.237 (0.117936,0.0914828,0.0907304,0.0842984,0.0909513,0.112449,0.0967078,0.0925664,0.0993498,0.0917142,0.0871325,0.0866411,0.0907047,0.0944413,0.0944787,0.0908475,0.0918281,0.0863121,0.0965154,0.0873189,0.101233,0.113469,0.0931619,0.104029,0.099153,0.117586,0.0979697,0.0934352,0.0922715,0.0929644,0.0961347,0.0947201,0.0917595,0.0997323,0.089051,0.0959757,0.0945876,0.0986359,0.0938004,0.100032,0.0923064,0.0915232,0.0935442,0.0922199,0.095955,0.097699,0.0956669,0.112712,0,)
    time_phase2:                  6.63805 0.138293 16.01% 1013.55 (0.190207,0.132005,0.123322,0.116018,0.128525,0.176648,0.139935,0.128848,0.147526,0.134956,0.119059,0.114674,0.128429,0.12931,0.14023,0.123401,0.12781,0.115293,0.13627,0.11688,0.154313,0.181797,0.132717,0.130483,0.142834,0.193357,0.143846,0.139849,0.132662,0.12529,0.142292,0.13952,0.124694,0.15093,0.121537,0.138321,0.149187,0.140254,0.131418,0.152925,0.134169,0.127491,0.127774,0.136355,0.146152,0.14181,0.14132,0.145403,0,)
    time_phase3:                  9.52083 0.198351 22.9628% 1453.71 (0.21944,0.206298,0.207753,0.208236,0.206736,0.220031,0.213368,0.21068,0.213488,0.205289,0.205789,0.207593,0.203824,0.215084,0.202088,0.207371,0.209143,0.207713,0.215006,0.214839,0.212998,0.219948,0.215005,0.190494,0.187247,0.197913,0.190266,0.180998,0.190103,0.188627,0.181521,0.18304,0.186867,0.188277,0.187664,0.179866,0.172539,0.185623,0.187249,0.187708,0.180015,0.191409,0.188565,0.18077,0.180221,0.191498,0.180951,0.213673,0,)
    time_phase1_1_raw:            18.7283 0.390173 45.1699% 2859.58 (0.386469,0.379416,0.380371,0.394755,0.382535,0.378571,0.386485,0.398374,0.380733,0.385361,0.393637,0.396955,0.378898,0.395213,0.38758,0.381891,0.387783,0.395152,0.392135,0.405739,0.368302,0.369657,0.391463,0.397647,0.392333,0.391486,0.402301,0.382114,0.401697,0.400733,0.384078,0.384146,0.408764,0.403021,0.403728,0.389599,0.376217,0.3892,0.402788,0.38795,0.395275,0.407338,0.39893,0.382095,0.379776,0.406905,0.385789,0.376934,0,)
    time_phase1_2_raw:            0.818008 0.0170418 1.97291% 124.899 (0.0173417,0.0165652,0.0165648,0.0162072,0.0165792,0.0171871,0.0171449,0.0168845,0.0173345,0.0163118,0.0162519,0.0162262,0.0164642,0.0173873,0.016307,0.0167842,0.016624,0.0161338,0.0171818,0.0167095,0.0173826,0.0170234,0.0171523,0.0177676,0.020083,0.0181481,0.0177793,0.0162647,0.0179093,0.0178171,0.0167616,0.0164351,0.0174853,0.0177533,0.0173474,0.0162048,0.015146,0.0178173,0.0178403,0.0177133,0.0162506,0.0177904,0.0178158,0.0162359,0.016389,0.0177132,0.016554,0.0172364,0,)
    time_phase2_raw:              0.38153 0.00794853 0.920193% 58.2547 (0.00802632,0.00777304,0.00768817,0.00758025,0.00774773,0.00799275,0.00806625,0.00788457,0.0080998,0.007638,0.00758434,0.00760084,0.00777734,0.00813948,0.00757441,0.007893,0.00778183,0.00757632,0.00801237,0.00778786,0.00811077,0.00792828,0.00797068,0.00836596,0.00835067,0.00834138,0.00837303,0.00759972,0.00846037,0.00836954,0.0076942,0.00772002,0.00822976,0.00831208,0.00820998,0.00749867,0.00704009,0.0083883,0.00828728,0.00837344,0.00755148,0.00839175,0.00835859,0.00756972,0.00767452,0.00835956,0.00766206,0.00811304,0,)
    time_phase3_raw:              0 -nan -nan% 0 (0,0,0,0,0,0,0,0,0,0,0,0,0,0,0,0,0,0,0,0,0,0,0,0,0,0,0,0,0,0,0,0,0,0,0,0,0,0,0,0,0,0,0,0,0,0,0,0,0,)
    time_recover_full:            0 -nan -nan% 0 (0,0,0,0,0,0,0,0,0,0,0,0,0,0,0,0,0,0,0,0,0,0,0,0,0,0,0,0,0,0,0,0,0,0,0,0,0,0,0,0,0,0,0,0,0,0,0,0,0,)
    time_recover1:                0 -nan -nan% 0 (0,0,0,0,0,0,0,0,0,0,0,0,0,0,0,0,0,0,0,0,0,0,0,0,0,0,0,0,0,0,0,0,0,0,0,0,0,0,0,0,0,0,0,0,0,0,0,0,0,)
    time_recover2:                0 -nan -nan% 0 (0,0,0,0,0,0,0,0,0,0,0,0,0,0,0,0,0,0,0,0,0,0,0,0,0,0,0,0,0,0,0,0,0,0,0,0,0,0,0,0,0,0,0,0,0,0,0,0,0,)
    time_recover3:                0 -nan -nan% 0 (0,0,0,0,0,0,0,0,0,0,0,0,0,0,0,0,0,0,0,0,0,0,0,0,0,0,0,0,0,0,0,0,0,0,0,0,0,0,0,0,0,0,0,0,0,0,0,0,0,)
    time_recover4:                0 -nan -nan% 0 (0,0,0,0,0,0,0,0,0,0,0,0,0,0,0,0,0,0,0,0,0,0,0,0,0,0,0,0,0,0,0,0,0,0,0,0,0,0,0,0,0,0,0,0,0,0,0,0,0,)
    time_recover5:                0 -nan -nan% 0 (0,0,0,0,0,0,0,0,0,0,0,0,0,0,0,0,0,0,0,0,0,0,0,0,0,0,0,0,0,0,0,0,0,0,0,0,0,0,0,0,0,0,0,0,0,0,0,0,0,)
    time_recover6:                0 -nan -nan% 0 (0,0,0,0,0,0,0,0,0,0,0,0,0,0,0,0,0,0,0,0,0,0,0,0,0,0,0,0,0,0,0,0,0,0,0,0,0,0,0,0,0,0,0,0,0,0,0,0,0,)
    time_recover7:                0 -nan -nan% 0 (0,0,0,0,0,0,0,0,0,0,0,0,0,0,0,0,0,0,0,0,0,0,0,0,0,0,0,0,0,0,0,0,0,0,0,0,0,0,0,0,0,0,0,0,0,0,0,0,0,)
    time_recover8:                0 -nan -nan% 0 (0,0,0,0,0,0,0,0,0,0,0,0,0,0,0,0,0,0,0,0,0,0,0,0,0,0,0,0,0,0,0,0,0,0,0,0,0,0,0,0,0,0,0,0,0,0,0,0,0,)
    time_debug_get_next:          0 -nan -nan% 0 (0,0,0,0,0,0,0,0,0,0,0,0,0,0,0,0,0,0,0,0,0,0,0,0,0,0,0,0,0,0,0,0,0,0,0,0,0,0,0,0,0,0,0,0,0,0,0,0,0,)
    time_debug0:                  7.80324 0.162567 18.8202% 1191.46 (0.139261,0.162536,0.168639,0.174159,0.165538,0.142388,0.15775,0.162618,0.15061,0.166615,0.175988,0.168775,0.170653,0.15886,0.167779,0.166162,0.163728,0.166221,0.155517,0.162062,0.150781,0.138567,0.155775,0.16614,0.162187,0.143711,0.159283,0.167739,0.16164,0.163519,0.163909,0.166008,0.170672,0.15195,0.173801,0.181367,0.177363,0.164243,0.164914,0.159163,0.184062,0.162655,0.163763,0.169172,0.164473,0.154055,0.164914,0.151556,0,)
    time_debug1:                  12.2157 0.254493 29.4624% 1865.18 (0.297996,0.229531,0.234371,0.257506,0.239002,0.282321,0.26031,0.235285,0.228026,0.25973,0.258249,0.25928,0.22378,0.263195,0.243069,0.237263,0.23438,0.259369,0.258703,0.241642,0.232884,0.281189,0.266993,0.267687,0.283014,0.321996,0.272806,0.23549,0.273881,0.272241,0.225719,0.242056,0.240721,0.261647,0.246976,0.261896,0.22628,0.272519,0.275639,0.275442,0.255677,0.267851,0.27355,0.234823,0.229583,0.261819,0.23723,0.21507,0,)
    time_debug2:                  4.12427 0.0859222 9.94712% 629.723 (0.0291189,0.11343,0.115788,0.110717,0.110191,0.0414933,0.0636008,0.0998903,0.0786038,0.104797,0.105453,0.107548,0.110036,0.0685789,0.105941,0.110078,0.105738,0.109042,0.0654242,0.0971807,0.0855875,0.0455217,0.0696401,0.0647467,0.0580917,0.019874,0.0585816,0.113386,0.0629253,0.0686122,0.105933,0.115473,0.0949068,0.0636471,0.0955086,0.109108,0.127726,0.0654684,0.0651262,0.0602285,0.103989,0.0680627,0.0637091,0.107169,0.114064,0.064781,0.108272,0.0914765,0,)
    time_debug3:                  0.174619 0.0036379 0.421156% 26.6622 (2.58564e-05,0.0021654,0.00228748,0.000735666,0.0034825,0.00671992,0.00334354,0.000163655,0.00705356,0.000754982,0.000129446,0.000630862,0.00329427,0.00341553,0.000112121,0.00638723,0.00347332,0.00101903,0.00407785,0.000473825,0.00664292,0.00307987,0.00321704,0.00417182,0.00470574,7.28555e-05,0.0073838,0.00724713,0.00794411,0.00397513,0.00712653,0.00337196,0.000206443,0.00342085,0.000470626,0.000224299,0.000339908,0.00410981,0.0076749,0.00387445,0.000136853,0.00437453,0.00850392,0.00726919,0.00708712,0.00639984,0.00376256,0.00807904,0,)
    time_debug4:                  3.63367 0.0757015 8.76388% 554.816 (0.0195875,0.0792926,0.0760393,0.0665326,0.0825081,0.0793513,0.0822115,0.0713605,0.0774633,0.0625876,0.0598805,0.0612787,0.0774245,0.0877755,0.0614808,0.0809446,0.0827499,0.064286,0.0871707,0.0664721,0.0823204,0.0862553,0.0885944,0.0870094,0.0836237,0.0196515,0.0855173,0.083272,0.0874835,0.088409,0.0788322,0.0818705,0.0731834,0.0809698,0.0718793,0.0654172,0.056476,0.0885061,0.0900876,0.0859868,0.0606616,0.0863152,0.0925322,0.0807974,0.081089,0.0878831,0.0787603,0.0738907,0,)
    time_debug5:                  9.09091e-09 9.09091e-09 1.05244e-06% 1.38807e-06 (0,0,0,0,0,0,0,0,0,0,0,0,0,0,0,0,0,0,0,0,0,0,0,0,0,9.09091e-09,0,0,0,0,0,0,0,0,0,0,0,0,0,0,0,0,0,0,0,0,0,0,0,)
    time_debug6:                  0 -nan -nan% 0 (0,0,0,0,0,0,0,0,0,0,0,0,0,0,0,0,0,0,0,0,0,0,0,0,0,0,0,0,0,0,0,0,0,0,0,0,0,0,0,0,0,0,0,0,0,0,0,0,0,)
    time_debug7:                  0 -nan -nan% 0 (0,0,0,0,0,0,0,0,0,0,0,0,0,0,0,0,0,0,0,0,0,0,0,0,0,0,0,0,0,0,0,0,0,0,0,0,0,0,0,0,0,0,0,0,0,0,0,0,0,)
    time_debug8:                  1.77643 0.037009 4.28449% 271.239 (0.0278085,0.0392933,0.0399659,0.0356007,0.0416569,0.0315251,0.0359384,0.0322898,0.0423703,0.0352285,0.0355845,0.0367334,0.0384505,0.0351915,0.0358694,0.0410327,0.0372407,0.0351476,0.0356805,0.0315184,0.0415282,0.0341936,0.0353666,0.0383922,0.0357544,0.0297102,0.0363434,0.0446884,0.0400084,0.0360131,0.0418658,0.0411983,0.031072,0.038236,0.0311566,0.0339793,0.0358657,0.0364478,0.0367144,0.0385073,0.0364648,0.0363281,0.0409326,0.0434702,0.0438818,0.0360547,0.0388829,0.03925,0,)
    time_debug9:                  0.573724 0.0119526 1.38374% 87.6004 (0.00892979,0.012414,0.0126684,0.0101335,0.0130287,0.0120421,0.0133041,0.00991825,0.0135887,0.00986061,0.00949219,0.00959561,0.0125113,0.0128444,0.00944613,0.0127961,0.0127344,0.0103092,0.0130048,0.00967018,0.0135079,0.0121269,0.0129719,0.0127519,0.0133025,0.00944762,0.0130999,0.0128794,0.0133939,0.0135659,0.0123352,0.0132367,0.00967156,0.013038,0.0101706,0.00990467,0.010564,0.0129336,0.0137199,0.0127332,0.00984243,0.0133861,0.0134735,0.0126519,0.0127154,0.0128734,0.0123493,0.0127848,0,)
    time_debug10:                 0 -nan -nan% 0 (0,0,0,0,0,0,0,0,0,0,0,0,0,0,0,0,0,0,0,0,0,0,0,0,0,0,0,0,0,0,0,0,0,0,0,0,0,0,0,0,0,0,0,0,0,0,0,0,0,)
    time_debug11:                 15.2826 0.318388 36.8594% 2333.46 (0.305787,0.329049,0.331241,0.313791,0.322344,0.309028,0.318478,0.309371,0.324799,0.309196,0.308955,0.309791,0.331646,0.314394,0.309015,0.322158,0.331155,0.311581,0.31345,0.311253,0.323855,0.306636,0.314211,0.315998,0.315281,0.306068,0.310483,0.321003,0.31868,0.3218,0.329952,0.33179,0.311797,0.316672,0.315481,0.315827,0.330175,0.323959,0.316016,0.315605,0.313523,0.320715,0.321343,0.321943,0.32317,0.319389,0.33316,0.331624,0,)
    time_debug12:                 75.6239 1.5755 182.394% 11546.8 (1.59136,1.55944,1.56532,1.58542,1.57549,1.58731,1.57402,1.58902,1.56525,1.58343,1.58391,1.58185,1.56121,1.58246,1.58617,1.57306,1.56342,1.57929,1.57888,1.57934,1.57264,1.58394,1.5802,1.57792,1.57598,1.58258,1.58483,1.57203,1.57893,1.57166,1.56231,1.56576,1.57831,1.57805,1.57339,1.58326,1.56098,1.56977,1.58147,1.57774,1.57705,1.57295,1.57243,1.568,1.57096,1.57797,1.56286,1.5643,0,)
    time_debug13:                 0 -nan -nan% 0 (0,0,0,0,0,0,0,0,0,0,0,0,0,0,0,0,0,0,0,0,0,0,0,0,0,0,0,0,0,0,0,0,0,0,0,0,0,0,0,0,0,0,0,0,0,0,0,0,0,)
    time_debug14:                 0 -nan -nan% 0 (0,0,0,0,0,0,0,0,0,0,0,0,0,0,0,0,0,0,0,0,0,0,0,0,0,0,0,0,0,0,0,0,0,0,0,0,0,0,0,0,0,0,0,0,0,0,0,0,0,)
    time_debug15:                 35.0894 0.731029 84.6304% 5357.71 (0.621837,0.742404,0.759626,0.766243,0.753092,0.654391,0.708446,0.728022,0.697296,0.748503,0.75729,0.757091,0.750594,0.716823,0.747718,0.756607,0.73776,0.757038,0.703347,0.727662,0.707997,0.655589,0.719193,0.725248,0.728519,0.63017,0.718808,0.769057,0.735216,0.739255,0.745771,0.764537,0.736034,0.710935,0.749449,0.77223,0.774716,0.73312,0.739813,0.719633,0.767241,0.733535,0.741237,0.765346,0.757845,0.713073,0.75457,0.689482,0,)
    time_rec_loop_tryRead:        0 -nan -nan% 0 (0,0,0,0,0,0,0,0,0,0,0,0,0,0,0,0,0,0,0,0,0,0,0,0,0,0,0,0,0,0,0,0,0,0,0,0,0,0,0,0,0,0,0,0,0,0,0,0,0,)
    time_rec_finding_empty_slot:  0 -nan -nan% 0 (0,0,0,0,0,0,0,0,0,0,0,0,0,0,0,0,0,0,0,0,0,0,0,0,0,0,0,0,0,0,0,0,0,0,0,0,0,0,0,0,0,0,0,0,0,0,0,0,0,)
    time_silo_validate1:          1.44882 0.0301838 3.49434% 221.217 (0.0328486,0.029579,0.0293285,0.0289309,0.0292703,0.0305292,0.0304337,0.0301018,0.0307444,0.02888,0.0288014,0.0288415,0.0293335,0.0306843,0.0289048,0.0296136,0.0293726,0.0287876,0.0304098,0.0299405,0.030797,0.0303662,0.0303475,0.0314118,0.0314385,0.032083,0.0315137,0.0289982,0.0314197,0.031318,0.0294987,0.0293647,0.0311564,0.0314529,0.0308965,0.0288793,0.0271067,0.0314011,0.0312359,0.0313313,0.0289052,0.0314075,0.031372,0.02904,0.0293286,0.0312627,0.0293741,0.0307796,0,)
    time_silo_validate2:          0.236803 0.00493339 0.571133% 36.1568 (0.00485579,0.00490081,0.00491038,0.00461183,0.00486675,0.00501272,0.00483962,0.00478205,0.00512119,0.00461963,0.00482871,0.00468497,0.00517052,0.00498777,0.00487115,0.00501918,0.00513237,0.00467526,0.00489381,0.00476971,0.00504615,0.00475887,0.00487464,0.00499498,0.00499281,0.00500447,0.00498716,0.00486906,0.00507132,0.00508256,0.00515501,0.00490394,0.00501082,0.00502,0.00496833,0.00466691,0.00491018,0.00507857,0.00505227,0.00497417,0.00463122,0.00502799,0.0050631,0.00499252,0.00493805,0.00503785,0.00509078,0.00504467,0,)
    time_silo_validate3:          29.2683 0.609757 70.5909% 4468.9 (0.516288,0.617078,0.633781,0.654087,0.625217,0.541637,0.586056,0.61888,0.564065,0.636896,0.645668,0.64416,0.625425,0.595315,0.63558,0.627778,0.613896,0.644545,0.582006,0.619108,0.577048,0.540162,0.598125,0.597993,0.603385,0.522613,0.593698,0.638855,0.60525,0.613379,0.617315,0.636182,0.624879,0.583919,0.637593,0.662443,0.663657,0.606947,0.613021,0.591898,0.654634,0.607248,0.60949,0.635902,0.627464,0.58739,0.628872,0.561511,0,)
    time_silo_validate4:          0.0583366 0.00121535 0.140699% 8.90726 (0.00126737,0.00118748,0.00118597,0.00117337,0.00119872,0.00123619,0.00124042,0.00123764,0.00123248,0.0011507,0.00117427,0.00117026,0.00117659,0.00124445,0.00115726,0.00117667,0.00116218,0.00122243,0.00120664,0.00122384,0.00124288,0.00123481,0.001229,0.00124068,0.00124985,0.00131968,0.00125276,0.00116936,0.00124062,0.00124593,0.00119035,0.00124654,0.00122985,0.00123161,0.0012585,0.00115515,0.00111399,0.00124802,0.00124594,0.00129478,0.00117028,0.00122406,0.00123981,0.00118543,0.00121461,0.00123308,0.00116882,0.00123523,0,)
    time_silo_validate5:          31.3246 0.652595 75.5502% 4782.86 (0.55661,0.661115,0.677697,0.692011,0.66949,0.582281,0.62925,0.657646,0.610715,0.675387,0.684093,0.682723,0.669919,0.638625,0.674251,0.673111,0.658261,0.683225,0.625138,0.657378,0.622992,0.58045,0.641316,0.643865,0.649153,0.562369,0.639557,0.682281,0.650868,0.659489,0.661649,0.680171,0.666166,0.629354,0.678002,0.700015,0.700466,0.653661,0.658768,0.637347,0.692684,0.653433,0.655966,0.679573,0.671417,0.633531,0.673425,0.607658,0,)
    time_silo_validate6:          0.00375207 7.81682e-05 0.00904944% 0.572894 (8.81818e-07,0.000104257,0.000100492,3.38818e-05,0.000114368,3.82591e-05,8.46918e-05,3.48727e-05,0.000118518,4.55736e-05,3.91318e-05,4.06127e-05,0.000109708,7.94282e-05,4.09809e-05,0.000115906,0.000103017,4.28255e-05,8.13145e-05,1.91173e-05,0.000107776,3.84282e-05,8.00418e-05,0.000112152,0.0001078,9.04545e-07,0.000106574,9.68409e-05,0.000104092,0.000103353,0.000109542,0.000104608,4.68291e-05,9.87427e-05,3.60882e-05,2.22609e-05,3.10664e-05,0.000111059,0.000101548,0.000108725,3.07264e-05,0.000108399,0.000111294,9.33427e-05,0.000107842,0.000106729,9.90436e-05,0.000118425,0,)
    time_silo_validate7:          0 -nan -nan% 0 (0,0,0,0,0,0,0,0,0,0,0,0,0,0,0,0,0,0,0,0,0,0,0,0,0,0,0,0,0,0,0,0,0,0,0,0,0,0,0,0,0,0,0,0,0,0,0,0,0,)
    time_silo_validate8:          0.115187 0.00239972 0.277813% 17.5875 (0.00253629,0.00230958,0.00231997,0.00231055,0.00230823,0.00247919,0.00243336,0.0024406,0.00244353,0.00232974,0.00230077,0.00232335,0.00232389,0.00242517,0.00231213,0.00231313,0.00231417,0.0022974,0.0024355,0.00243414,0.00245044,0.00245857,0.00243721,0.00246036,0.00246166,0.00265078,0.00245139,0.0023274,0.00246252,0.00246789,0.00232922,0.00234619,0.0024565,0.00246909,0.00246052,0.00231818,0.00219502,0.00245559,0.00247629,0.00244876,0.00234066,0.00248335,0.00247626,0.00232951,0.00235443,0.00246149,0.00232951,0.0024372,0,)
    time_silo_validate9:          3.7611 0.0783563 9.07122% 574.273 (0.0652261,0.0811853,0.0818287,0.0741976,0.0834878,0.0720726,0.079111,0.0703411,0.0864622,0.0730706,0.0731574,0.0743269,0.0805655,0.0781187,0.0734262,0.0833797,0.0793959,0.0737702,0.0781285,0.0702643,0.0848978,0.0751006,0.0777967,0.0812701,0.0792581,0.0678,0.0791442,0.0866786,0.0842434,0.079663,0.0840122,0.0842613,0.0698212,0.0814818,0.0714113,0.072193,0.0742193,0.0793481,0.0809442,0.0821772,0.0745262,0.0799935,0.0851602,0.0856793,0.0863197,0.0794347,0.0810459,0.0817062,0,)
    time_locktable_get:           3.5411 0.0737729 8.5406% 540.681 (0.0693037,0.0721586,0.0715782,0.0714496,0.0726242,0.0708266,0.0735235,0.0716957,0.0728012,0.0711449,0.0723397,0.0711521,0.0717472,0.0770578,0.0691967,0.0753894,0.0721024,0.0724954,0.0729613,0.0703503,0.070761,0.0705574,0.0716149,0.0773381,0.0766246,0.0731173,0.0772717,0.0665455,0.105535,0.0804246,0.0704489,0.0686943,0.0811671,0.0769884,0.0785213,0.0679554,0.0646274,0.0781801,0.0782258,0.0784908,0.0678998,0.0783932,0.0780937,0.0677621,0.0684301,0.0771181,0.0710126,0.0774001,0,)
    time_locktable_get_validation:0 -nan -nan% 0 (0,0,0,0,0,0,0,0,0,0,0,0,0,0,0,0,0,0,0,0,0,0,0,0,0,0,0,0,0,0,0,0,0,0,0,0,0,0,0,0,0,0,0,0,0,0,0,0,0,)
    time_locktable_release:       0 -nan -nan% 0 (0,0,0,0,0,0,0,0,0,0,0,0,0,0,0,0,0,0,0,0,0,0,0,0,0,0,0,0,0,0,0,0,0,0,0,0,0,0,0,0,0,0,0,0,0,0,0,0,0,)
    time_get_row_before:          3.27894 0.0683112 7.9083% 500.652 (0.0805717,0.0626769,0.0556383,0.064985,0.068031,0.081813,0.0691991,0.0684684,0.0710431,0.0645687,0.064468,0.0616654,0.0653604,0.0698573,0.0714116,0.0611605,0.0640248,0.0600803,0.0696311,0.0626356,0.075127,0.0777645,0.0678917,0.0666376,0.0682337,0.0818832,0.073588,0.0679987,0.0693186,0.0669898,0.0689141,0.0655403,0.0649636,0.075343,0.0622554,0.0630827,0.0677115,0.0688385,0.0700968,0.0729402,0.0660496,0.0676071,0.0668835,0.0655657,0.07083,0.0742263,0.0689378,0.0664263,0,)
    time_get_row_after:           18.7568 0.390767 45.2387% 2863.93 (0.419913,0.385174,0.38287,0.378309,0.378484,0.403078,0.386923,0.389098,0.390884,0.388194,0.380599,0.381009,0.383278,0.380049,0.389189,0.377704,0.38922,0.381234,0.388684,0.388468,0.385767,0.403844,0.385611,0.384342,0.391978,0.431772,0.396317,0.393079,0.360212,0.383672,0.401637,0.395488,0.391622,0.402226,0.385604,0.398917,0.410857,0.39012,0.387974,0.393138,0.395953,0.38864,0.384324,0.394488,0.392862,0.400348,0.399697,0.383974,0,)
    time_log_create:              0.0575766 0.00119951 0.138866% 8.79122 (0.00127021,0.00115411,0.00115352,0.00115696,0.00114763,0.00124003,0.00122382,0.00122305,0.00122394,0.00115046,0.0011512,0.00115967,0.00115764,0.0012132,0.00115126,0.00115244,0.00115749,0.00114704,0.00121344,0.00121679,0.00123214,0.00122987,0.00122285,0.00122668,0.00123161,0.00133315,0.00122352,0.0011677,0.00123116,0.00123227,0.00116332,0.00117357,0.00122996,0.00123791,0.00123128,0.0011585,0.00109908,0.00122784,0.00122818,0.00122476,0.00117133,0.00124984,0.00123186,0.00116023,0.00117265,0.00123062,0.00116269,0.00122818,0,)
    time_log_serialLogTxn:        0 -nan -nan% 0 (0,0,0,0,0,0,0,0,0,0,0,0,0,0,0,0,0,0,0,0,0,0,0,0,0,0,0,0,0,0,0,0,0,0,0,0,0,0,0,0,0,0,0,0,0,0,0,0,0,)
    time_cleanup_1:               0.0610131 0.00127111 0.147154% 9.31592 (0.00133927,0.00125227,0.00124262,0.00121486,0.00124253,0.00129121,0.00128794,0.00126591,0.00129892,0.00120994,0.0012114,0.00123239,0.00125458,0.00127866,0.00121328,0.00124818,0.00124921,0.00121548,0.00128265,0.00127288,0.00130227,0.00127279,0.00128027,0.00130852,0.00132614,0.00136227,0.00131534,0.00124461,0.00128675,0.00131995,0.00125475,0.00124406,0.00128834,0.00132396,0.00128404,0.00119946,0.00115589,0.00130665,0.0012999,0.00130458,0.0012247,0.00132166,0.00130871,0.00124536,0.00125922,0.00131383,0.00125579,0.00129911,0,)
    time_cleanup_2:               0.123878 0.0025808 0.298777% 18.9147 (0.00268685,0.00245632,0.00246214,0.00239702,0.00246941,0.00255495,0.00254461,0.00253375,0.00260538,0.00240715,0.00239781,0.00241886,0.0053273,0.00254154,0.00242341,0.00246507,0.00247972,0.00239025,0.00259496,0.00249176,0.00265113,0.00254086,0.00254789,0.00259407,0.00259605,0.00267879,0.00261307,0.00244808,0.00260304,0.00260195,0.00247043,0.00249112,0.00256369,0.00259711,0.00254584,0.00239483,0.00229125,0.00259824,0.00260553,0.00257759,0.00241063,0.00261142,0.00262059,0.00245525,0.00248635,0.00259174,0.00247157,0.00257209,0,)
    time_insideSLT1:              0 -nan -nan% 0 (0,0,0,0,0,0,0,0,0,0,0,0,0,0,0,0,0,0,0,0,0,0,0,0,0,0,0,0,0,0,0,0,0,0,0,0,0,0,0,0,0,0,0,0,0,0,0,0,0,)
    time_insideSLT2:              0 -nan -nan% 0 (0,0,0,0,0,0,0,0,0,0,0,0,0,0,0,0,0,0,0,0,0,0,0,0,0,0,0,0,0,0,0,0,0,0,0,0,0,0,0,0,0,0,0,0,0,0,0,0,0,)
    time_STLother:                0 -nan -nan% 0 (0,0,0,0,0,0,0,0,0,0,0,0,0,0,0,0,0,0,0,0,0,0,0,0,0,0,0,0,0,0,0,0,0,0,0,0,0,0,0,0,0,0,0,0,0,0,0,0,0,)
    time_logging_thread:          0 -nan -nan% 0 (0,0,0,0,0,0,0,0,0,0,0,0,0,0,0,0,0,0,0,0,0,0,0,0,0,0,0,0,0,0,0,0,0,0,0,0,0,0,0,0,0,0,0,0,0,0,0,0,0,)
    int_serialLogFail:            0 (0,0,0,0,0,0,0,0,0,0,0,0,0,0,0,0,0,0,0,0,0,0,0,0,0,0,0,0,0,0,0,0,0,0,0,0,0,0,0,0,0,0,0,0,0,0,0,0,0,)
Projected Disk Bandwidth Utilized - avg -nan real -nan
Total time measured 657.101
Total wall time observed 658.707
Estimated CPU_FREQ is 2.19464
