NUM_CORES_PER_SLOT=24
NUMA_NODE_NUM=2
HYPER_THREADING_FACTOR=2
Using SIMD
MM_MAX=_mm512_max_epu32
SIMD_PREFIX=__m512i
MAX_LOGGER_NUM_SIMD=16
Running in big-hash-table mode.

Using 1 disks.
g_flush_blocksize=1048576, g_log_buffer_size=52428800
Init parallelism 96
Stats initialized
Global manager initialized
reading schema file: ./benchmarks/TPCC_full_schema.txt
0 0x7f5670278040 50000000 1
0 0x564b6f454f80 500 1
0 0x564b6f457f40 5000 1
0 0x7f565ab25040 15000000 1
0 0x7f56453d2040 15000000 1
0 0x7f55fdb69040 50000000 1
TPCC schema initialized
TPCC Data Initialization Complete!
workload initialized!
Init time 560.28
Queue Buffer Length728177
Log Read Size: 419430400
Log buffer size 52428800
log file:		/mnt/dbx1000/logs/TC_log0_1_TPCC_0.500000.data
/mnt/dbx1000/logs/TC_log0_1_TPCC_0.500000.data
Start Initializing Locktable, size 16777216
ltiSize=64
Locktable Initialized, size 16777216, schema table size 15728640
mem_allocator initialized!
Query Queue Init Time 12.427330
query_queue initialized!
Setting logger 0 to CPU node 0
PSN Flush Frequency: 1000
sim_done = 1
sim_done = 7
sim_done = 18
sim_done = 21
sim_done = 27
sim_done = 3
sim_done = 30
sim_done = 7
sim_done = 36
sim_done = 37
sim_done = 20
sim_done = 39
sim_done = 40
sim_done = 3
sim_done = 43
sim_done = 5
sim_done = 29
sim_done = 17
sim_done = 20
sim_done = 4
sim_done = 36
sim_done = 9
sim_done = 14
sim_done = 41
sim_done = 44
sim_done = 26
sim_done = 46
sim_done = 11
sim_done = 28
sim_done = 13
sim_done = 38
sim_done = 47
sim_done = 31
sim_done = 33
sim_done = 42
sim_done = 10
sim_done = 33
sim_done = 12
sim_done = 34
sim_done = 25
sim_done = 24
sim_done = 46
sim_done = 24
sim_done = 22
sim_done = 48
sim_done = 17
sim_done = 17
sim_done = 11
Destructor 0. flush size=50379776 (2261778432 to 2312158208)
PASS! SimTime = 2.63558e+09
=Worker Thread=
    Throughput:                   2.47406e+06
    MaxThr:                       2.47406e+06
    PerThdThr:                    2.50471e+06
    run_time:                     124.888 (2.60185,2.60377,2.60054,2.60152,2.60352,2.60068,2.60123,2.60106,2.60012,2.60288,2.60152,2.60288,2.60204,2.60085,2.60121,2.60256,2.60101,2.60151,2.60194,2.60323,2.60273,2.60414,2.60104,2.6013,2.60261,2.60051,2.60239,2.60199,2.60019,2.60128,2.60427,2.6001,2.60221,2.60448,2.60189,2.6018,2.59976,2.60408,2.60261,2.60054,2.60083,2.60117,2.60217,2.60218,2.59984,2.60323,2.60069,2.60228,0,)
    log_bytes:                    2.31216 (0,0,0,0,0,0,0,0,0,0,0,0,0,0,0,0,0,0,0,0,0,0,0,0,0,0,0,0,0,0,0,0,0,0,0,0,0,0,0,0,0,0,0,0,0,0,0,0,2.31216,)
    log_dep_size:                 0 (0,0,0,0,0,0,0,0,0,0,0,0,0,0,0,0,0,0,0,0,0,0,0,0,0,0,0,0,0,0,0,0,0,0,0,0,0,0,0,0,0,0,0,0,0,0,0,0,0,)
    log_total_size:               1.23095 (0.0283617,0.0263321,0.0254026,0.0254198,0.0259708,0.0256843,0.025393,0.0271202,0.0267924,0.0253333,0.025394,0.0261146,0.0254093,0.0267976,0.0253891,0.025416,0.0261308,0.0248765,0.0253947,0.0263658,0.025399,0.0270991,0.0257355,0.0258996,0.0259309,0.0259321,0.0259401,0.0258865,0.0259257,0.0259318,0.0262633,0.0244735,0.0242319,0.0245841,0.0259721,0.0244854,0.0246005,0.0260869,0.0259573,0.0259541,0.0259691,0.0259535,0.0259533,0.0268267,0.0246206,0.0242945,0.0244653,0.0214767,0,)
    latency:                      364995 (8518.19,7734.81,7590.92,7567.53,7670.5,7536.56,7567.28,8086.81,7956.19,7518.16,7555.35,7689.33,7556.2,7937.23,7525.13,7459.14,7745.03,7273.41,7516.87,7770.29,7511.34,8063.23,7640.97,7714.09,7713.22,7742.99,7720.53,7672.16,7678.97,7718.26,7789.93,7242.16,7124.74,7233.1,7770.6,7248.52,7265.01,7694.68,7746.13,7640.85,7779.37,7737.98,7768.02,7966.65,7278.2,7194.3,7199.92,6364.68,0,)

    num_commits:                  6.51686e+06 (150000,138874,134565,134864,137579,135906,134380,143806,142228,134299,134350,138009,134624,142101,134327,134850,138371,131520,134351,139657,134470,143283,136272,137164,137024,137177,137281,136622,137348,137117,139088,129472,127970,129784,137940,129708,130110,138125,137660,137158,137848,137503,137584,142015,130565,128877,129214,113817,0,)
    num_async_commits:            6.37196e+06 (146539,135734,131455,131835,134629,132914,131394,140650,139113,131290,131340,134949,131556,139020,131252,131838,135204,128702,131274,136616,131353,140205,133300,134215,133974,134069,134181,133728,134453,134015,136000,126682,125145,126912,134804,126868,127280,134994,134550,134173,134673,134371,134435,138915,127695,126012,126372,111287,0,)
    num_aborts:                   27977 (1,246,729,670,128,164,764,244,364,115,735,231,602,378,317,276,108,138,255,342,396,402,34,1267,2074,1020,1633,733,641,1905,106,499,148,283,2051,287,280,276,2006,293,829,1921,1030,24,329,157,538,8,0,)
    num_aborts_logging:           0 (0,0,0,0,0,0,0,0,0,0,0,0,0,0,0,0,0,0,0,0,0,0,0,0,0,0,0,0,0,0,0,0,0,0,0,0,0,0,0,0,0,0,0,0,0,0,0,0,0,)
    num_log_records:              0 (0,0,0,0,0,0,0,0,0,0,0,0,0,0,0,0,0,0,0,0,0,0,0,0,0,0,0,0,0,0,0,0,0,0,0,0,0,0,0,0,0,0,0,0,0,0,0,0,0,)
    log_data:                     0 (0,0,0,0,0,0,0,0,0,0,0,0,0,0,0,0,0,0,0,0,0,0,0,0,0,0,0,0,0,0,0,0,0,0,0,0,0,0,0,0,0,0,0,0,0,0,0,0,0,)
    num_latency_count:            6.37196e+06 (146539,135734,131455,131835,134629,132914,131394,140650,139113,131290,131340,134949,131556,139020,131252,131838,135204,128702,131274,136616,131353,140205,133300,134215,133974,134069,134181,133728,134453,134015,136000,126682,125145,126912,134804,126868,127280,134994,134550,134173,134673,134371,134435,138915,127695,126012,126372,111287,0,)
    num_raw_edges:                0 (0,0,0,0,0,0,0,0,0,0,0,0,0,0,0,0,0,0,0,0,0,0,0,0,0,0,0,0,0,0,0,0,0,0,0,0,0,0,0,0,0,0,0,0,0,0,0,0,0,)
    num_waw_edges:                0 (0,0,0,0,0,0,0,0,0,0,0,0,0,0,0,0,0,0,0,0,0,0,0,0,0,0,0,0,0,0,0,0,0,0,0,0,0,0,0,0,0,0,0,0,0,0,0,0,0,)
    num_war_edges:                0 (0,0,0,0,0,0,0,0,0,0,0,0,0,0,0,0,0,0,0,0,0,0,0,0,0,0,0,0,0,0,0,0,0,0,0,0,0,0,0,0,0,0,0,0,0,0,0,0,0,)
    int_num_log:                  6.51686e+06 (150000,138874,134565,134864,137579,135906,134380,143806,142228,134299,134350,138009,134624,142101,134327,134850,138371,131520,134351,139657,134470,143283,136272,137164,137024,137177,137281,136622,137348,137117,139088,129472,127970,129784,137940,129708,130110,138125,137660,137158,137848,137503,137584,142015,130565,128877,129214,113817,0,)
    int_debug_get_next:           0 (0,0,0,0,0,0,0,0,0,0,0,0,0,0,0,0,0,0,0,0,0,0,0,0,0,0,0,0,0,0,0,0,0,0,0,0,0,0,0,0,0,0,0,0,0,0,0,0,0,)
    int_debug1:                   0 (0,0,0,0,0,0,0,0,0,0,0,0,0,0,0,0,0,0,0,0,0,0,0,0,0,0,0,0,0,0,0,0,0,0,0,0,0,0,0,0,0,0,0,0,0,0,0,0,0,)
    int_debug2:                   2.22198e+09 (0,0,0,0,0,0,0,0,0,0,0,0,0,0,0,0,0,0,0,0,0,0,0,0,0,0,0,0,0,0,0,0,0,0,0,0,0,0,0,0,0,0,0,0,0,0,0,0,2221980672,)
    int_debug3:                   2158 (0,0,0,0,0,0,0,0,0,0,0,0,0,0,0,0,0,0,0,0,0,0,0,0,0,0,0,0,0,0,0,0,0,0,0,0,0,0,0,0,0,0,0,0,0,0,0,0,2158,)
    int_debug4:                   1.27987e+08 (2000518,2939652,2603701,2987903,2955101,2846698,2222761,2245947,2107018,3012422,2481085,2949435,2630916,2497089,2463197,2897515,2533967,3309297,2667434,2728645,3179206,2564467,2590302,2733013,2744179,2565341,2614074,3003332,2459247,2655544,2470235,2592751,3028279,3260336,2856614,2234454,2361720,2532003,3059853,2546629,2525933,2578625,2888770,2203585,2328726,2773828,2913299,2641985,0,)
    int_debug5:                   8.50427e+07 (1951355,1816414,1757218,1756123,1787635,1768676,1757024,1867534,1845760,1742862,1757319,1800364,1754724,1847519,1751718,1751120,1798585,1713538,1750388,1817517,1752712,1870353,1770362,1798573,1812932,1798467,1806364,1792729,1791129,1810466,1807262,1691239,1670258,1696161,1811371,1687565,1696108,1797553,1810706,1790227,1795381,1811278,1798866,1845131,1696696,1671794,1690942,1476669,0,)
    int_debug6:                   8.71583e+06 (118269,214396,207895,200073,191198,234403,187871,146855,151809,149705,189269,209172,158893,159768,197614,165513,199750,216702,231451,181511,233976,148156,194363,167814,168727,155088,156203,183523,151929,162606,145957,204523,222324,200384,173031,197303,183091,147300,171219,187507,162989,164115,160990,141950,190030,209239,204653,214726,0,)
    int_debug7:                   1.01885e+06 (2143,10765,33300,22138,31870,15238,32976,20089,18246,15944,30640,11020,24361,17002,22300,16991,33783,15571,27935,16033,11036,24842,31495,20811,23266,30110,18202,28463,13704,30445,27344,22655,13995,14661,21227,11442,14359,12858,17324,15538,32975,32199,36512,12523,12972,27221,29855,12470,0,)
    int_debug8:                   0 (0,0,0,0,0,0,0,0,0,0,0,0,0,0,0,0,0,0,0,0,0,0,0,0,0,0,0,0,0,0,0,0,0,0,0,0,0,0,0,0,0,0,0,0,0,0,0,0,0,)
    int_debug9:                   4.57419e+07 (1050402,976927,944937,944921,962542,952141,944640,1005500,994122,938843,944642,968605,944277,994512,941916,942677,968317,922148,941946,978285,942889,1005828,953284,966144,972103,966027,969600,962876,963503,971089,973290,909295,898376,912264,972577,908324,912549,967750,971600,963039,966099,972020,966786,993674,913536,900617,909115,795338,0,)
    int_debug10:                  8.17403e+07 (1080401,1888023,1666319,1920852,1928156,1839851,1328442,1360654,1234640,2016354,1585697,1896891,1761262,1477719,1500827,1887852,1569866,2173748,1738371,1760910,2072093,1604155,1639257,1778135,1780735,1681342,1650186,1977104,1545152,1692548,1548837,1684007,2003599,2156713,1820600,1366297,1510365,1616559,2026581,1651360,1566228,1684494,1859624,1329418,1474343,1806276,1938424,1659043,0,)
    int_psnflush:                 0 (0,0,0,0,0,0,0,0,0,0,0,0,0,0,0,0,0,0,0,0,0,0,0,0,0,0,0,0,0,0,0,0,0,0,0,0,0,0,0,0,0,0,0,0,0,0,0,0,0,)
    int_flush_time_interval:      0 (0,0,0,0,0,0,0,0,0,0,0,0,0,0,0,0,0,0,0,0,0,0,0,0,0,0,0,0,0,0,0,0,0,0,0,0,0,0,0,0,0,0,0,0,0,0,0,0,0,)
    int_flush_half_full:          2157 (0,0,0,0,0,0,0,0,0,0,0,0,0,0,0,0,0,0,0,0,0,0,0,0,0,0,0,0,0,0,0,0,0,0,0,0,0,0,0,0,0,0,0,0,0,0,0,0,2157,)
    int_rec_fail_to_insert:       0 (0,0,0,0,0,0,0,0,0,0,0,0,0,0,0,0,0,0,0,0,0,0,0,0,0,0,0,0,0,0,0,0,0,0,0,0,0,0,0,0,0,0,0,0,0,0,0,0,0,)
    int_num_get_row:              8.50149e+07 (1951354,1816168,1756491,1755454,1787509,1768513,1756261,1867298,1845402,1742747,1756584,1800135,1754124,1847147,1751402,1750844,1798477,1713400,1750133,1817177,1752316,1869962,1770328,1797308,1810866,1797452,1804740,1791999,1790494,1808575,1807158,1690741,1670110,1695878,1809333,1687279,1695829,1797282,1808714,1789937,1794554,1809366,1797843,1845108,1696368,1671637,1690405,1476661,0,)
    int_locktable_volume:         1.66229e+08 (2047866,3438295,4110144,4110652,3455230,4015216,3429218,2897786,2838038,3472382,3455165,3486535,3492919,3002026,3429349,3472754,3415257,4002757,3984507,3507818,4085195,2901780,3429135,3519699,3518637,3584000,3596998,3492695,2907508,3600544,2793728,3976546,3802380,3957895,3548466,3279196,3290373,2762553,3515007,3488559,3587810,3598341,3582861,2856032,3229503,3914549,3972537,3372542,0,)
    int_aux_bytes:                5.21349e+07 (1200000,1110992,1076520,1078912,1100632,1087248,1075040,1150448,1137824,1074392,1074800,1104072,1076992,1136808,1074616,1078800,1106968,1052160,1074808,1117256,1075760,1146264,1090176,1097312,1096192,1097416,1098248,1092976,1098784,1096936,1112704,1035776,1023760,1038272,1103520,1037664,1040880,1105000,1101280,1097264,1102784,1100024,1100672,1136120,1044520,1031016,1033712,910536,0,)
    int_nonzero:                  0 (0,0,0,0,0,0,0,0,0,0,0,0,0,0,0,0,0,0,0,0,0,0,0,0,0,0,0,0,0,0,0,0,0,0,0,0,0,0,0,0,0,0,0,0,0,0,0,0,0,)
    num_log_entries:              6.51686e+06 (150000,138874,134565,134864,137579,135906,134380,143806,142228,134299,134350,138009,134624,142101,134327,134850,138371,131520,134351,139657,134470,143283,136272,137164,137024,137177,137281,136622,137348,137117,139088,129472,127970,129784,137940,129708,130110,138125,137660,137158,137848,137503,137584,142015,130565,128877,129214,113817,0,)
    time_ts_alloc:                0 -nan -nan% 0 (0,0,0,0,0,0,0,0,0,0,0,0,0,0,0,0,0,0,0,0,0,0,0,0,0,0,0,0,0,0,0,0,0,0,0,0,0,0,0,0,0,0,0,0,0,0,0,0,0,)
    time_man:                     85.6046 1.78343 150.799% 13135.9 (1.69113,1.77214,1.81389,1.79912,1.77769,1.78925,1.8055,1.74295,1.77328,1.82762,1.77903,1.79409,1.81589,1.74856,1.8075,1.83429,1.81111,1.81373,1.79028,1.78217,1.83451,1.78229,1.79705,1.76783,1.78164,1.76644,1.76675,1.77104,1.75597,1.7638,1.70889,1.81026,1.83313,1.79576,1.77734,1.79153,1.78072,1.76235,1.79622,1.76747,1.77897,1.7861,1.77635,1.72102,1.79283,1.79399,1.78797,1.78716,0,)
    time_cleanup:                 17.309 0.360605 30.4912% 2656.04 (0.316351,0.358312,0.351126,0.345509,0.354546,0.339418,0.353895,0.341441,0.347486,0.350328,0.343787,0.358544,0.365931,0.350422,0.348412,0.361759,0.336078,0.36033,0.343734,0.343124,0.376313,0.345925,0.34427,0.37942,0.384155,0.356384,0.363981,0.381204,0.367987,0.366624,0.365831,0.371561,0.383382,0.373184,0.385021,0.364663,0.351154,0.376527,0.381157,0.373474,0.357592,0.36873,0.372381,0.367298,0.38357,0.367041,0.373647,0.356039,0,)
    time_txn:                     0 -nan -nan% 0 (0,0,0,0,0,0,0,0,0,0,0,0,0,0,0,0,0,0,0,0,0,0,0,0,0,0,0,0,0,0,0,0,0,0,0,0,0,0,0,0,0,0,0,0,0,0,0,0,0,)
    time_index:                   3.04318 0.0633997 5.3608% 466.971 (0.0840184,0.0631356,0.0624327,0.0618916,0.0632856,0.0673085,0.0610912,0.0639268,0.067766,0.0597441,0.0606595,0.0682628,0.0644449,0.0635253,0.065723,0.0610007,0.0633211,0.0611198,0.0628492,0.0640071,0.061479,0.0658617,0.0618141,0.0708635,0.0625079,0.0616427,0.0622571,0.0681745,0.0640544,0.0630182,0.0642638,0.0602677,0.059267,0.0603697,0.062566,0.0592177,0.0592402,0.0664526,0.0623869,0.062511,0.0667264,0.0634301,0.0636088,0.0676202,0.059771,0.0597127,0.0602158,0.0543689,0,)
    time_log:                     0.304608 0.00634601 0.536591% 46.7416 (0.00477211,0.00544243,0.00827847,0.00449463,0.00486032,0.00445833,0.00493869,0.00834498,0.00463453,0.00390188,0.00403973,0.00419739,0.00445872,0.004616,0.00409061,0.00399894,0.00428357,0.00834541,0.0047841,0.00886089,0.00824974,0.0047324,0.00442252,0.0047401,0.00931531,0.00846844,0.00463528,0.00446356,0.00457512,0.00462909,0.00445981,0.0137005,0.010015,0.00527752,0.00452427,0.00805842,0.00379776,0.00930757,0.0048192,0.0120791,0.00847981,0.00527573,0.00894165,0.0122442,0.0163589,0.0044311,0.00387995,0.00492476,0,)
    time_io:                      1.31928 1.31928 111.552% 202.441 (0,0,0,0,0,0,0,0,0,0,0,0,0,0,0,0,0,0,0,0,0,0,0,0,0,0,0,0,0,0,0,0,0,0,0,0,0,0,0,0,0,0,0,0,0,0,0,0,1.31928,)
    time_wait_io:                 0 -nan -nan% 0 (0,0,0,0,0,0,0,0,0,0,0,0,0,0,0,0,0,0,0,0,0,0,0,0,0,0,0,0,0,0,0,0,0,0,0,0,0,0,0,0,0,0,0,0,0,0,0,0,0,)
    time_phase1_add_graph:        0 -nan -nan% 0 (0,0,0,0,0,0,0,0,0,0,0,0,0,0,0,0,0,0,0,0,0,0,0,0,0,0,0,0,0,0,0,0,0,0,0,0,0,0,0,0,0,0,0,0,0,0,0,0,0,)
    time_recover_txn:             0 -nan -nan% 0 (0,0,0,0,0,0,0,0,0,0,0,0,0,0,0,0,0,0,0,0,0,0,0,0,0,0,0,0,0,0,0,0,0,0,0,0,0,0,0,0,0,0,0,0,0,0,0,0,0,)
    time_lv_overhead:             3.66743 0.0764048 6.46046% 562.761 (0.0429866,0.0847043,0.0773006,0.0818075,0.071001,0.0916711,0.0792274,0.0552904,0.0688733,0.0799766,0.0760698,0.0888987,0.0715447,0.0736557,0.0867075,0.0733856,0.0718488,0.0900582,0.0820278,0.0762409,0.0978231,0.0556257,0.0752023,0.0727603,0.0708838,0.0632358,0.0687313,0.0715593,0.07171,0.0720991,0.0533941,0.0891401,0.105977,0.0877583,0.0754874,0.0971158,0.0854618,0.0671023,0.0761902,0.0784621,0.0658211,0.0646747,0.0623034,0.0568144,0.09272,0.0807962,0.0830207,0.102286,0,)
    time_state_malloc:            0 -nan -nan% 0 (0,0,0,0,0,0,0,0,0,0,0,0,0,0,0,0,0,0,0,0,0,0,0,0,0,0,0,0,0,0,0,0,0,0,0,0,0,0,0,0,0,0,0,0,0,0,0,0,0,)
    time_phase1_1:                14.3115 0.298156 25.2108% 2196.07 (0.278134,0.277633,0.302037,0.297308,0.284051,0.291399,0.303486,0.269019,0.292835,0.298956,0.302489,0.294069,0.297109,0.298688,0.294122,0.296654,0.284191,0.294236,0.285412,0.285752,0.318821,0.273121,0.293232,0.312624,0.303511,0.307721,0.301053,0.304738,0.310593,0.307778,0.269617,0.315588,0.31903,0.309837,0.307985,0.305832,0.290598,0.290209,0.308216,0.299692,0.324866,0.313494,0.299672,0.271963,0.310095,0.301031,0.311838,0.30115,0,)
    time_phase1_2:                7.63896 0.159145 13.4566% 1172.19 (0.157673,0.177004,0.156615,0.167159,0.16704,0.164298,0.144554,0.182171,0.152547,0.1404,0.176526,0.156923,0.147313,0.182628,0.15225,0.135712,0.144173,0.15273,0.177431,0.169939,0.136506,0.14705,0.150729,0.158032,0.135746,0.167969,0.152122,0.147185,0.156879,0.156228,0.201992,0.160756,0.147758,0.172384,0.143862,0.156865,0.177354,0.160788,0.133593,0.159729,0.152218,0.130022,0.148022,0.182222,0.170518,0.163639,0.173451,0.190258,0,)
    time_phase2:                  19.6128 0.4086 34.5494% 3009.55 (0.50684,0.432454,0.383933,0.3801,0.415244,0.418331,0.38878,0.450371,0.421181,0.383011,0.377504,0.429288,0.381902,0.423155,0.395407,0.408981,0.431494,0.386305,0.417711,0.412579,0.401638,0.454082,0.431432,0.393565,0.389704,0.396674,0.395283,0.415951,0.425289,0.384347,0.466507,0.386266,0.374225,0.397369,0.389605,0.399932,0.406426,0.430316,0.387281,0.42398,0.40515,0.381953,0.39601,0.466948,0.391461,0.383078,0.38,0.41376,0,)
    time_phase3:                  10.2173 0.212861 17.9986% 1567.83 (0.217895,0.200555,0.198378,0.199367,0.201089,0.199068,0.199449,0.209466,0.202541,0.195349,0.19751,0.203978,0.196449,0.205231,0.196955,0.197123,0.202502,0.202016,0.199918,0.20384,0.199239,0.21251,0.201061,0.22298,0.22579,0.226117,0.228562,0.227463,0.225897,0.228486,0.232523,0.217468,0.214682,0.217758,0.227534,0.219346,0.214475,0.229252,0.226339,0.227107,0.224147,0.228972,0.225746,0.23582,0.217361,0.216752,0.217211,0.198036,0,)
    time_phase1_1_raw:            46.1505 0.961469 81.2976% 7081.71 (0.85615,0.949407,1.01993,1.02571,0.96989,0.979118,1.00418,0.931843,0.946233,1.03302,0.989361,0.942537,1.01181,0.912367,1.00494,0.997878,0.991212,1.01908,0.97206,0.975924,0.975774,0.958674,0.969979,0.945702,0.974105,0.953005,0.959697,0.924821,0.897156,0.967189,0.859988,0.980247,0.991995,0.956504,0.952916,0.96703,0.971465,0.911726,0.973114,0.927634,0.938831,0.979791,0.970379,0.865381,0.948219,0.979809,0.966659,0.950054,0,)
    time_phase1_2_raw:            0.839045 0.0174801 1.47804% 128.75 (0.0188863,0.0173861,0.0173423,0.0171865,0.0174775,0.0173589,0.0172193,0.0185916,0.0181489,0.0172369,0.0171058,0.0175254,0.0171894,0.0180115,0.0172185,0.017143,0.017631,0.0168648,0.0171084,0.0177047,0.0171498,0.0182047,0.017475,0.0175249,0.0177806,0.0175829,0.0176529,0.0179417,0.0177182,0.0176319,0.0181207,0.016516,0.0163511,0.0166585,0.017583,0.0165985,0.0166426,0.0175269,0.0175834,0.0176148,0.0175193,0.0177525,0.01765,0.0179513,0.0166246,0.0164608,0.0166072,0.0202847,0,)
    time_phase2_raw:              0.450644 0.00938841 0.793843% 69.1505 (0.00982591,0.00934418,0.00943358,0.00935382,0.00938275,0.00934759,0.00928749,0.0095649,0.0096847,0.00926258,0.00924315,0.00928458,0.0093634,0.00962729,0.00934355,0.00922178,0.00945692,0.00900496,0.00916642,0.00956648,0.00912551,0.00968152,0.00929218,0.00947317,0.00968061,0.00948269,0.00948042,0.00965863,0.00949703,0.00971801,0.0093368,0.00889348,0.00887791,0.00900397,0.00963602,0.00892463,0.00902104,0.0093893,0.00952536,0.00936032,0.00941679,0.00962131,0.00948544,0.00953809,0.00900271,0.00884086,0.00894934,0.0109646,0,)
    time_phase3_raw:              0 -nan -nan% 0 (0,0,0,0,0,0,0,0,0,0,0,0,0,0,0,0,0,0,0,0,0,0,0,0,0,0,0,0,0,0,0,0,0,0,0,0,0,0,0,0,0,0,0,0,0,0,0,0,0,)
    time_recover_full:            0 -nan -nan% 0 (0,0,0,0,0,0,0,0,0,0,0,0,0,0,0,0,0,0,0,0,0,0,0,0,0,0,0,0,0,0,0,0,0,0,0,0,0,0,0,0,0,0,0,0,0,0,0,0,0,)
    time_recover1:                0 -nan -nan% 0 (0,0,0,0,0,0,0,0,0,0,0,0,0,0,0,0,0,0,0,0,0,0,0,0,0,0,0,0,0,0,0,0,0,0,0,0,0,0,0,0,0,0,0,0,0,0,0,0,0,)
    time_recover2:                0 -nan -nan% 0 (0,0,0,0,0,0,0,0,0,0,0,0,0,0,0,0,0,0,0,0,0,0,0,0,0,0,0,0,0,0,0,0,0,0,0,0,0,0,0,0,0,0,0,0,0,0,0,0,0,)
    time_recover3:                0 -nan -nan% 0 (0,0,0,0,0,0,0,0,0,0,0,0,0,0,0,0,0,0,0,0,0,0,0,0,0,0,0,0,0,0,0,0,0,0,0,0,0,0,0,0,0,0,0,0,0,0,0,0,0,)
    time_recover4:                0 -nan -nan% 0 (0,0,0,0,0,0,0,0,0,0,0,0,0,0,0,0,0,0,0,0,0,0,0,0,0,0,0,0,0,0,0,0,0,0,0,0,0,0,0,0,0,0,0,0,0,0,0,0,0,)
    time_recover5:                0 -nan -nan% 0 (0,0,0,0,0,0,0,0,0,0,0,0,0,0,0,0,0,0,0,0,0,0,0,0,0,0,0,0,0,0,0,0,0,0,0,0,0,0,0,0,0,0,0,0,0,0,0,0,0,)
    time_recover6:                0 -nan -nan% 0 (0,0,0,0,0,0,0,0,0,0,0,0,0,0,0,0,0,0,0,0,0,0,0,0,0,0,0,0,0,0,0,0,0,0,0,0,0,0,0,0,0,0,0,0,0,0,0,0,0,)
    time_recover7:                0 -nan -nan% 0 (0,0,0,0,0,0,0,0,0,0,0,0,0,0,0,0,0,0,0,0,0,0,0,0,0,0,0,0,0,0,0,0,0,0,0,0,0,0,0,0,0,0,0,0,0,0,0,0,0,)
    time_recover8:                0 -nan -nan% 0 (0,0,0,0,0,0,0,0,0,0,0,0,0,0,0,0,0,0,0,0,0,0,0,0,0,0,0,0,0,0,0,0,0,0,0,0,0,0,0,0,0,0,0,0,0,0,0,0,0,)
    time_debug_get_next:          0 -nan -nan% 0 (0,0,0,0,0,0,0,0,0,0,0,0,0,0,0,0,0,0,0,0,0,0,0,0,0,0,0,0,0,0,0,0,0,0,0,0,0,0,0,0,0,0,0,0,0,0,0,0,0,)
    time_debug0:                  17.7723 0.370257 31.3073% 2727.13 (0.392916,0.37742,0.367023,0.36723,0.37136,0.369327,0.378089,0.368319,0.382792,0.373044,0.370444,0.378262,0.365133,0.378492,0.376893,0.378154,0.381575,0.370652,0.367853,0.370445,0.369223,0.373235,0.380187,0.36166,0.360323,0.361636,0.363443,0.364013,0.385518,0.353551,0.364257,0.365081,0.371583,0.364778,0.35971,0.381779,0.377792,0.38572,0.360039,0.369289,0.369236,0.355245,0.366935,0.372407,0.376971,0.362536,0.357377,0.353379,0,)
    time_debug1:                  37.4222 0.77963 65.9221% 5742.38 (0.784384,0.787827,0.776204,0.807001,0.780809,0.775167,0.762857,0.778083,0.785004,0.879255,0.771761,0.791854,0.827597,0.767398,0.775098,0.851369,0.774411,0.804967,0.759973,0.790318,0.803586,0.802543,0.761748,0.767864,0.777687,0.783731,0.774099,0.755328,0.762319,0.761592,0.750825,0.782319,0.802912,0.793101,0.776425,0.769026,0.783984,0.775206,0.80979,0.760055,0.773815,0.749128,0.744646,0.741443,0.78127,0.750859,0.763418,0.732188,0,)
    time_debug2:                  4.25072 0.0885567 7.48797% 652.266 (0.0472322,0.10075,0.107795,0.101455,0.0877781,0.115116,0.0988606,0.0646708,0.0737975,0.0758991,0.0994949,0.0999971,0.0805757,0.0779153,0.11017,0.0814108,0.0943489,0.112085,0.110801,0.0855652,0.117332,0.0653167,0.0913794,0.0750075,0.0771395,0.0684206,0.0736712,0.082226,0.0729924,0.0747904,0.0591982,0.104466,0.120455,0.103219,0.079126,0.110797,0.0949035,0.0694037,0.0806106,0.0872991,0.0745659,0.0740239,0.0730468,0.0626764,0.100416,0.110443,0.104941,0.117137,0,)
    time_debug3:                  2.70013 0.0562526 4.75647% 414.329 (0.00413544,0.0183588,0.0900468,0.0565095,0.0565579,0.0585922,0.0861579,0.0473421,0.0518212,0.0320706,0.0670843,0.0230862,0.0569259,0.0336562,0.0701877,0.0380201,0.0941244,0.0412095,0.070255,0.0617772,0.0395957,0.0533728,0.0886749,0.0568403,0.0581919,0.0706122,0.0653486,0.0626049,0.0360241,0.0817749,0.0370757,0.0586728,0.0327431,0.0430447,0.0510856,0.0422696,0.0513264,0.0298498,0.0356808,0.0474352,0.0788525,0.110424,0.0978771,0.0425934,0.0275828,0.0817818,0.0680951,0.0927755,0,)
    time_debug4:                  23.3293 0.486027 41.0963% 3579.84 (0.482362,0.473673,0.470749,0.486643,0.484319,0.461491,0.474801,0.493029,0.507803,0.55359,0.471973,0.476424,0.541759,0.495171,0.480819,0.532442,0.473516,0.475747,0.452933,0.497094,0.478505,0.502498,0.478492,0.48835,0.4842,0.493137,0.492759,0.488251,0.500907,0.48783,0.490876,0.467841,0.480049,0.494381,0.488584,0.473778,0.496238,0.513726,0.490993,0.483549,0.480773,0.478422,0.470696,0.490351,0.489696,0.458374,0.470342,0.429354,0,)
    time_debug5:                  0.227491 0.0047394 0.400743% 34.9081 (0.00528628,0.00463901,0.00480984,0.00474111,0.00490243,0.00468872,0.00467834,0.00491802,0.00501695,0.00476083,0.00478249,0.00470791,0.00477216,0.00490706,0.00461559,0.00536082,0.00486356,0.00474824,0.00469812,0.00472219,0.0045932,0.00497701,0.00470181,0.0046919,0.00486125,0.00468966,0.00474896,0.00477903,0.00469656,0.00480113,0.00479074,0.00448064,0.00447158,0.00439492,0.00470367,0.0043833,0.0044175,0.00465948,0.00479395,0.00473929,0.00473181,0.00478739,0.00483961,0.00495206,0.00444671,0.00451207,0.0045307,0.00469555,0,)
    time_debug6:                  0 -nan -nan% 0 (0,0,0,0,0,0,0,0,0,0,0,0,0,0,0,0,0,0,0,0,0,0,0,0,0,0,0,0,0,0,0,0,0,0,0,0,0,0,0,0,0,0,0,0,0,0,0,0,0,)
    time_debug7:                  14.767 0.307645 26.0131% 2265.96 (0.438271,0.302131,0.259959,0.270994,0.301188,0.26377,0.288345,0.361874,0.379489,0.352091,0.279304,0.293216,0.341824,0.346498,0.286259,0.325609,0.298676,0.265492,0.260964,0.315324,0.267976,0.359017,0.298516,0.31021,0.310849,0.310354,0.310333,0.309613,0.361205,0.30296,0.357834,0.258326,0.26569,0.278185,0.300472,0.291713,0.313426,0.387774,0.315432,0.303444,0.296414,0.289929,0.284968,0.36211,0.31173,0.259184,0.268436,0.249582,0,)
    time_debug8:                  2.19606 0.0457512 3.86852% 336.981 (0.0336416,0.0390643,0.0452908,0.0433868,0.0389558,0.0419993,0.0449169,0.0363622,0.0410907,0.0429566,0.0427776,0.0416026,0.0415884,0.0419322,0.0424385,0.0424653,0.0417448,0.0423402,0.0401576,0.0397105,0.0440883,0.0363562,0.0409133,0.0598417,0.0551245,0.0525634,0.0481251,0.0481294,0.0499949,0.0523047,0.0396213,0.0568815,0.0545218,0.05008,0.0507862,0.0503177,0.0504456,0.0460509,0.049812,0.0509555,0.0530517,0.051239,0.0480731,0.0393717,0.0532889,0.0492667,0.0518299,0.0386003,0,)
    time_debug9:                  2.29353 0.0477818 4.04022% 351.938 (0.034095,0.0462717,0.051061,0.0503219,0.0482063,0.0478275,0.048242,0.0388325,0.042842,0.0515549,0.0486567,0.0485155,0.0524063,0.0438311,0.0477213,0.05037,0.0436488,0.0526154,0.0468217,0.0457119,0.0558366,0.041871,0.0455374,0.0482696,0.046643,0.0465467,0.0446983,0.0504424,0.0441169,0.0497406,0.0404468,0.0528332,0.0566549,0.0532624,0.0505858,0.0463882,0.0459124,0.0430387,0.0496826,0.0457002,0.0488138,0.050804,0.0489399,0.0375737,0.0500722,0.0494044,0.0555281,0.0546293,0,)
    time_debug10:                 0 -nan -nan% 0 (0,0,0,0,0,0,0,0,0,0,0,0,0,0,0,0,0,0,0,0,0,0,0,0,0,0,0,0,0,0,0,0,0,0,0,0,0,0,0,0,0,0,0,0,0,0,0,0,0,)
    time_debug11:                 20.4669 0.426394 36.054% 3140.61 (0.445465,0.420864,0.419373,0.402414,0.425068,0.419487,0.433453,0.419582,0.446152,0.426462,0.422582,0.437186,0.427888,0.443893,0.423945,0.428169,0.417193,0.420283,0.417585,0.42536,0.432652,0.414129,0.424109,0.429691,0.431462,0.419136,0.428424,0.439216,0.444171,0.421394,0.420462,0.424577,0.428239,0.418595,0.434291,0.422487,0.409213,0.43941,0.427068,0.422141,0.436541,0.432289,0.423143,0.43591,0.438341,0.420958,0.419048,0.407416,0,)
    time_debug12:                 104.074 2.16822 183.335% 15970 (2.14907,2.17607,2.1742,2.19227,2.17163,2.17442,2.16089,2.17436,2.14242,2.16948,2.16769,2.15855,2.1668,2.14994,2.17037,2.16732,2.1767,2.17456,2.17763,2.17041,2.16263,2.18262,2.16997,2.16431,2.16394,2.17407,2.16671,2.15565,2.14899,2.17273,2.1768,2.16902,2.1675,2.1795,2.16036,2.17262,2.184,2.15768,2.16821,2.17147,2.15744,2.16209,2.17224,2.15943,2.15403,2.17482,2.17408,2.18675,0,)
    time_debug13:                 0 -nan -nan% 0 (0,0,0,0,0,0,0,0,0,0,0,0,0,0,0,0,0,0,0,0,0,0,0,0,0,0,0,0,0,0,0,0,0,0,0,0,0,0,0,0,0,0,0,0,0,0,0,0,0,)
    time_debug14:                 0 -nan -nan% 0 (0,0,0,0,0,0,0,0,0,0,0,0,0,0,0,0,0,0,0,0,0,0,0,0,0,0,0,0,0,0,0,0,0,0,0,0,0,0,0,0,0,0,0,0,0,0,0,0,0,)
    time_debug15:                 0 -nan -nan% 0 (0,0,0,0,0,0,0,0,0,0,0,0,0,0,0,0,0,0,0,0,0,0,0,0,0,0,0,0,0,0,0,0,0,0,0,0,0,0,0,0,0,0,0,0,0,0,0,0,0,)
    time_rec_loop_tryRead:        0 -nan -nan% 0 (0,0,0,0,0,0,0,0,0,0,0,0,0,0,0,0,0,0,0,0,0,0,0,0,0,0,0,0,0,0,0,0,0,0,0,0,0,0,0,0,0,0,0,0,0,0,0,0,0,)
    time_rec_finding_empty_slot:  0 -nan -nan% 0 (0,0,0,0,0,0,0,0,0,0,0,0,0,0,0,0,0,0,0,0,0,0,0,0,0,0,0,0,0,0,0,0,0,0,0,0,0,0,0,0,0,0,0,0,0,0,0,0,0,)
    time_silo_validate1:          0 -nan -nan% 0 (0,0,0,0,0,0,0,0,0,0,0,0,0,0,0,0,0,0,0,0,0,0,0,0,0,0,0,0,0,0,0,0,0,0,0,0,0,0,0,0,0,0,0,0,0,0,0,0,0,)
    time_silo_validate2:          0 -nan -nan% 0 (0,0,0,0,0,0,0,0,0,0,0,0,0,0,0,0,0,0,0,0,0,0,0,0,0,0,0,0,0,0,0,0,0,0,0,0,0,0,0,0,0,0,0,0,0,0,0,0,0,)
    time_silo_validate3:          0 -nan -nan% 0 (0,0,0,0,0,0,0,0,0,0,0,0,0,0,0,0,0,0,0,0,0,0,0,0,0,0,0,0,0,0,0,0,0,0,0,0,0,0,0,0,0,0,0,0,0,0,0,0,0,)
    time_silo_validate4:          0 -nan -nan% 0 (0,0,0,0,0,0,0,0,0,0,0,0,0,0,0,0,0,0,0,0,0,0,0,0,0,0,0,0,0,0,0,0,0,0,0,0,0,0,0,0,0,0,0,0,0,0,0,0,0,)
    time_silo_validate5:          0 -nan -nan% 0 (0,0,0,0,0,0,0,0,0,0,0,0,0,0,0,0,0,0,0,0,0,0,0,0,0,0,0,0,0,0,0,0,0,0,0,0,0,0,0,0,0,0,0,0,0,0,0,0,0,)
    time_silo_validate6:          0 -nan -nan% 0 (0,0,0,0,0,0,0,0,0,0,0,0,0,0,0,0,0,0,0,0,0,0,0,0,0,0,0,0,0,0,0,0,0,0,0,0,0,0,0,0,0,0,0,0,0,0,0,0,0,)
    time_silo_validate7:          0 -nan -nan% 0 (0,0,0,0,0,0,0,0,0,0,0,0,0,0,0,0,0,0,0,0,0,0,0,0,0,0,0,0,0,0,0,0,0,0,0,0,0,0,0,0,0,0,0,0,0,0,0,0,0,)
    time_silo_validate8:          0 -nan -nan% 0 (0,0,0,0,0,0,0,0,0,0,0,0,0,0,0,0,0,0,0,0,0,0,0,0,0,0,0,0,0,0,0,0,0,0,0,0,0,0,0,0,0,0,0,0,0,0,0,0,0,)
    time_silo_validate9:          0 -nan -nan% 0 (0,0,0,0,0,0,0,0,0,0,0,0,0,0,0,0,0,0,0,0,0,0,0,0,0,0,0,0,0,0,0,0,0,0,0,0,0,0,0,0,0,0,0,0,0,0,0,0,0,)
    time_locktable_get:           63.7807 1.32876 112.354% 9787.03 (1.26557,1.31818,1.37471,1.36591,1.33066,1.3519,1.35952,1.29422,1.32867,1.39352,1.34248,1.32759,1.36386,1.29281,1.36583,1.38239,1.37877,1.36181,1.34243,1.34285,1.36335,1.33042,1.35568,1.29579,1.30847,1.31885,1.31136,1.29887,1.29124,1.30658,1.24594,1.34296,1.36033,1.33668,1.30135,1.33611,1.34047,1.29459,1.32107,1.30328,1.33084,1.32373,1.31701,1.25435,1.31876,1.33764,1.32628,1.32502,0,)
    time_locktable_get_validation:0 -nan -nan% 0 (0,0,0,0,0,0,0,0,0,0,0,0,0,0,0,0,0,0,0,0,0,0,0,0,0,0,0,0,0,0,0,0,0,0,0,0,0,0,0,0,0,0,0,0,0,0,0,0,0,)
    time_locktable_release:       5.61177 0.116912 9.88556% 861.116 (0.0925884,0.10819,0.119548,0.116707,0.110561,0.11365,0.11603,0.0993754,0.107939,0.117247,0.1146,0.113656,0.11701,0.109539,0.113091,0.115649,0.108907,0.117333,0.110644,0.109073,0.122987,0.102823,0.109865,0.13163,0.126926,0.122592,0.116183,0.122253,0.118849,0.125597,0.103952,0.132068,0.133167,0.125714,0.12482,0.118806,0.118463,0.112593,0.12384,0.120296,0.12522,0.125688,0.12036,0.100708,0.125411,0.120749,0.129636,0.119235,0,)
    time_get_row_before:          3.19242 0.0665087 5.62368% 489.871 (0.0790705,0.0700483,0.0631663,0.0627152,0.0653415,0.0694528,0.0669583,0.0770406,0.0704257,0.0580679,0.065238,0.0678391,0.0609998,0.0734345,0.0680936,0.064414,0.0704013,0.0613328,0.0689558,0.0702636,0.0617729,0.072811,0.0708835,0.0646223,0.0624353,0.0650678,0.0658788,0.0643924,0.0703366,0.0651257,0.0710134,0.0640509,0.0584475,0.0604654,0.0663889,0.0668945,0.0653774,0.0655238,0.0607433,0.0697042,0.065445,0.0662836,0.0611445,0.0729295,0.0659438,0.064708,0.0634649,0.0673034,0,)
    time_get_row_after:           7.55845 0.157468 13.3148% 1159.83 (0.175591,0.160372,0.155585,0.158099,0.161216,0.158154,0.165896,0.165467,0.162078,0.155886,0.156302,0.161777,0.15651,0.16544,0.154824,0.153449,0.156657,0.159084,0.15739,0.157644,0.157925,0.164466,0.160198,0.15745,0.158896,0.15531,0.160684,0.157009,0.157013,0.156679,0.158179,0.151192,0.147883,0.147928,0.156366,0.155101,0.149028,0.157731,0.158242,0.156237,0.156194,0.157222,0.159121,0.15999,0.15004,0.150434,0.146835,0.157673,0,)
    time_log_create:              0.171686 0.0035768 0.302438% 26.345 (0.00384887,0.00359472,0.00349922,0.00336749,0.0036255,0.00346235,0.00335812,0.003659,0.00381548,0.00349398,0.0034877,0.00358087,0.00335053,0.00380898,0.00347462,0.00345225,0.0035789,0.00344007,0.00353436,0.00364977,0.00359477,0.0037383,0.00350278,0.00354963,0.00354732,0.00351056,0.00355731,0.00365552,0.00459392,0.00351369,0.00359906,0.00339289,0.00356402,0.0033044,0.00351717,0.0032032,0.00339702,0.00348167,0.00344466,0.00354522,0.0035399,0.00343507,0.00377113,0.0035023,0.00351694,0.00338021,0.00351321,0.00473173,0,)
    time_log_serialLogTxn:        9.77817 0.203712 17.225% 1500.44 (0.182402,0.211444,0.189874,0.19115,0.205135,0.187901,0.199626,0.198364,0.199248,0.195945,0.19188,0.206791,0.211338,0.201502,0.198396,0.208367,0.189056,0.202007,0.195254,0.190904,0.211907,0.20299,0.196807,0.209292,0.213588,0.191905,0.209116,0.220332,0.208874,0.202549,0.223457,0.193586,0.207899,0.210095,0.221953,0.205648,0.197117,0.220719,0.218489,0.207479,0.190307,0.203852,0.20874,0.219708,0.209529,0.209901,0.207845,0.197902,0,)
    time_cleanup_1:               0.064364 0.00134092 0.113382% 9.87655 (0.00144407,0.00140296,0.00131043,0.00131478,0.00141779,0.00131931,0.00132857,0.00139764,0.00139147,0.00133332,0.00146731,0.00142388,0.00132196,0.00136009,0.00129232,0.00131,0.00133892,0.00133279,0.00131466,0.00138913,0.00139432,0.00142532,0.00130352,0.00133828,0.00140662,0.00131528,0.00135951,0.00140003,0.00134365,0.00135806,0.00134395,0.00124119,0.00135519,0.00130415,0.00133769,0.00125836,0.00124183,0.00135313,0.00139799,0.00132113,0.00132233,0.00135424,0.00138414,0.00136691,0.00124952,0.00126542,0.00128761,0.00112325,0,)
    time_cleanup_2:               0.399151 0.00831564 0.703134% 61.249 (0.00908703,0.00817468,0.0083538,0.00825699,0.00849468,0.00822106,0.00821517,0.00876311,0.00879739,0.00829391,0.00833503,0.00830179,0.00826813,0.00859308,0.00809488,0.00887226,0.00846133,0.00822716,0.00818082,0.00835454,0.00813132,0.00874879,0.00828901,0.00829747,0.00849715,0.0082345,0.00834764,0.00838151,0.00829131,0.00838642,0.00841517,0.00799054,0.00778173,0.00771543,0.00839181,0.0077001,0.00782588,0.00823792,0.00838665,0.00828455,0.00830516,0.00841474,0.00842408,0.00867042,0.00785602,0.00782385,0.00792683,0.00904814,0,)
    time_insideSLT1:              8.5309 0.177727 15.0278% 1309.05 (0.155495,0.185792,0.167151,0.165413,0.179495,0.165494,0.174353,0.171859,0.176417,0.171442,0.167335,0.181119,0.182005,0.179255,0.173734,0.183147,0.166806,0.17697,0.170887,0.165315,0.181539,0.177127,0.171367,0.181807,0.186938,0.169685,0.18154,0.193043,0.186549,0.175284,0.196582,0.172007,0.181758,0.183877,0.194095,0.179625,0.174923,0.194215,0.191066,0.184173,0.167013,0.17644,0.180617,0.191063,0.179786,0.177487,0.17375,0.168058,0,)
    time_insideSLT2:              8.93036 0.186049 15.7315% 1370.35 (0.164815,0.19439,0.172283,0.174,0.188255,0.170725,0.182906,0.180969,0.181721,0.179923,0.175912,0.189987,0.190765,0.184691,0.18228,0.191849,0.172102,0.185469,0.179578,0.174153,0.19013,0.186234,0.18008,0.192124,0.197001,0.175041,0.191672,0.203101,0.191947,0.185662,0.206893,0.177141,0.191314,0.193526,0.204619,0.189303,0.180128,0.204493,0.20141,0.189556,0.172486,0.18683,0.191151,0.201699,0.184879,0.187076,0.183493,0.174597,0,)
    time_STLother:                0.0664946 0.0013853 0.117135% 10.2035 (0.0015081,0.00138198,0.00137828,0.00133695,0.00142727,0.00134767,0.00134643,0.0018068,0.00144485,0.00135354,0.00136852,0.00136064,0.00132081,0.00140857,0.00134508,0.00135314,0.00165682,0.00128709,0.00135989,0.00139163,0.00132883,0.00144158,0.00133893,0.00135043,0.00140439,0.00135036,0.00136504,0.00137159,0.00143897,0.00139681,0.00166936,0.00129752,0.00127848,0.00133536,0.00135312,0.00129531,0.00131395,0.001436,0.00135171,0.00133755,0.00139825,0.00137518,0.0014411,0.00149833,0.00125456,0.00127106,0.00130769,0.00130911,0,)
    time_logging_thread:          2.63408 2.63408 222.726% 404.194 (0,0,0,0,0,0,0,0,0,0,0,0,0,0,0,0,0,0,0,0,0,0,0,0,0,0,0,0,0,0,0,0,0,0,0,0,0,0,0,0,0,0,0,0,0,0,0,0,2.63408,)
    int_serialLogFail:            6743 (147,149,156,150,140,145,142,144,147,135,136,144,134,136,140,144,144,141,130,142,146,142,141,137,139,143,150,145,139,145,135,141,141,137,146,134,141,129,138,146,146,136,141,146,134,119,134,126,0,)
Projected Disk Bandwidth Utilized - avg 1.7526e+09 real 1.7526e+09
Total time measured 568.806
Total wall time observed 570.197
Estimated CPU_FREQ is 2.19463
