NUM_CORES_PER_SLOT=24
NUMA_NODE_NUM=2
HYPER_THREADING_FACTOR=2
Using SIMD
MM_MAX=_mm512_max_epu32
SIMD_PREFIX=__m512i
MAX_LOGGER_NUM_SIMD=16
Running in big-hash-table mode.

Using 1 disks.
g_flush_blocksize=1048576, g_log_buffer_size=52428800
Init parallelism 96
Stats initialized
Global manager initialized
reading schema file: ./benchmarks/TPCC_full_schema.txt
0 0x7f0d17cfd040 50000000 1
0 0x562107037f80 500 1
0 0x56210703af40 5000 1
0 0x7f0d025aa040 15000000 1
0 0x7f0cece57040 15000000 1
0 0x7f0ca55ee040 50000000 1
TPCC schema initialized
TPCC Data Initialization Complete!
workload initialized!
Init time 559.395
Queue Buffer Length728177
Log Read Size: 419430400
Log buffer size 52428800
log file:		/home/guest/dbx1000/logs/TC_log0_1_TPCC_0.500000.data
/home/guest/dbx1000/logs/TC_log0_1_TPCC_0.500000.data
Start Initializing Locktable, size 16777216
ltiSize=64
Locktable Initialized, size 16777216, schema table size 15728640
mem_allocator initialized!
Query Queue Init Time 12.512868
query_queue initialized!
Setting logger 0 to CPU node 0
PSN Flush Frequency: 1000
sim_done = 1
sim_done = 7
sim_done = 14
sim_done = 18
sim_done = 3
sim_done = 2
sim_done = 23
sim_done = 29
sim_done = 12
sim_done = 34
sim_done = 40
sim_done = 41
sim_done = 23
sim_done = 9
sim_done = 44
sim_done = 45
sim_done = 14
sim_done = 33
sim_done = 38
sim_done = 15
sim_done = 40
sim_done = 42
sim_done = 6
sim_done = 26
sim_done = 33
sim_done = 47
sim_done = 28
sim_done = 33
sim_done = 25
sim_done = 20
sim_done = 37
sim_done = 5
sim_done = 35
sim_done = 37
sim_done = 30
sim_done = 16
sim_done = 10
sim_done = 25
sim_done = 48
sim_done = 21
sim_done = 9
sim_done = 19
sim_done = 43
sim_done = 46
sim_done = 17
sim_done = 27
sim_done = 12
sim_done = 5
Destructor 0. flush size=50222080 (1821376512 to 1871598592)
PASS! SimTime = 8.49977e+09
=Worker Thread=
    Throughput:                   620750
    MaxThr:                       620750
    PerThdThr:                    637491
    run_time:                     397.211 (8.27938,8.27357,8.27766,8.27345,8.27266,8.27787,8.27324,8.27384,8.2734,8.27608,8.27224,8.27171,8.27643,8.27626,8.27784,8.27572,8.27923,8.27386,8.27136,8.27249,8.27237,8.27862,8.27813,8.27156,8.27471,8.27862,8.27686,8.27821,8.27546,8.27427,8.27483,8.2756,8.2745,8.2752,8.27347,8.27504,8.27552,8.2737,8.27597,8.27792,8.27546,8.27734,8.2764,8.27344,8.27668,8.27603,8.27661,8.27005,0,)
    log_bytes:                    1.8716 (0,0,0,0,0,0,0,0,0,0,0,0,0,0,0,0,0,0,0,0,0,0,0,0,0,0,0,0,0,0,0,0,0,0,0,0,0,0,0,0,0,0,0,0,0,0,0,0,1.8716,)
    log_dep_size:                 0 (0,0,0,0,0,0,0,0,0,0,0,0,0,0,0,0,0,0,0,0,0,0,0,0,0,0,0,0,0,0,0,0,0,0,0,0,0,0,0,0,0,0,0,0,0,0,0,0,0,)
    log_total_size:               0.996421 (0.0282798,0.0233998,0.0246632,0.0227657,0.021833,0.0216423,0.0218075,0.0216952,0.020389,0.020762,0.0218048,0.0216321,0.0242911,0.020702,0.0186434,0.0218113,0.0210421,0.0211604,0.0193217,0.0195645,0.0197805,0.0187668,0.0195391,0.0199762,0.0200272,0.01943,0.0213263,0.0200331,0.0198657,0.0194944,0.0195534,0.0195119,0.0198704,0.0196299,0.0194859,0.0187786,0.0197749,0.0200048,0.0201138,0.0197115,0.0200835,0.0194917,0.0208289,0.018988,0.0198307,0.0196977,0.0195514,0.0260638,0,)
    latency:                      2.10738e+06 (64603.5,48951.5,54499.9,48064.9,46149.6,45068.9,47445.7,46613.6,42407,43719.8,46281.6,45521.4,52127.3,42097,40462.8,44831.2,43453.7,44604.6,39844.7,42528.9,41580.7,39844.9,41181.3,41929,42167.7,42239.3,43726.1,42582.3,40347.7,41159.9,40583.3,41330.9,41396.5,41985.7,40884.9,39875.4,41609.3,42491.7,42267.5,41800.3,42203.4,42314.6,42508.7,41290.9,40563.7,40956.8,40525.7,56753.3,0,)

    num_commits:                  5.27538e+06 (150000,124073,130380,120603,115535,114701,115742,115020,107946,109636,115545,114474,128630,109316,98817,115669,111052,112593,102119,103605,104601,99342,103497,105871,105647,102695,112597,106391,105137,102915,103720,103530,105132,104177,103105,99306,104886,106118,106554,104169,106210,103106,109967,100637,104837,104321,103842,137610,0,)
    num_async_commits:            5.13088e+06 (145457,120181,126174,116699,111482,110794,112734,112494,103968,107155,111590,110508,124711,106776,96161,111649,107159,108518,99643,100934,102058,96842,100980,103264,103002,99915,109999,103692,102622,100309,101228,100977,102609,101552,100474,96826,102216,103554,103917,101567,103618,100301,107404,98008,102317,101823,101351,133664,0,)
    num_aborts:                   2664 (1,44,56,71,92,54,42,75,55,39,94,37,48,64,26,85,86,72,65,49,44,31,53,54,69,73,31,25,53,50,89,90,47,23,59,47,34,47,43,61,36,71,62,25,54,96,105,37,0,)
    num_aborts_logging:           0 (0,0,0,0,0,0,0,0,0,0,0,0,0,0,0,0,0,0,0,0,0,0,0,0,0,0,0,0,0,0,0,0,0,0,0,0,0,0,0,0,0,0,0,0,0,0,0,0,0,)
    num_log_records:              0 (0,0,0,0,0,0,0,0,0,0,0,0,0,0,0,0,0,0,0,0,0,0,0,0,0,0,0,0,0,0,0,0,0,0,0,0,0,0,0,0,0,0,0,0,0,0,0,0,0,)
    log_data:                     0 (0,0,0,0,0,0,0,0,0,0,0,0,0,0,0,0,0,0,0,0,0,0,0,0,0,0,0,0,0,0,0,0,0,0,0,0,0,0,0,0,0,0,0,0,0,0,0,0,0,)
    num_latency_count:            5.13088e+06 (145457,120181,126174,116699,111482,110794,112734,112494,103968,107155,111590,110508,124711,106776,96161,111649,107159,108518,99643,100934,102058,96842,100980,103264,103002,99915,109999,103692,102622,100309,101228,100977,102609,101552,100474,96826,102216,103554,103917,101567,103618,100301,107404,98008,102317,101823,101351,133664,0,)
    num_raw_edges:                0 (0,0,0,0,0,0,0,0,0,0,0,0,0,0,0,0,0,0,0,0,0,0,0,0,0,0,0,0,0,0,0,0,0,0,0,0,0,0,0,0,0,0,0,0,0,0,0,0,0,)
    num_waw_edges:                0 (0,0,0,0,0,0,0,0,0,0,0,0,0,0,0,0,0,0,0,0,0,0,0,0,0,0,0,0,0,0,0,0,0,0,0,0,0,0,0,0,0,0,0,0,0,0,0,0,0,)
    num_war_edges:                0 (0,0,0,0,0,0,0,0,0,0,0,0,0,0,0,0,0,0,0,0,0,0,0,0,0,0,0,0,0,0,0,0,0,0,0,0,0,0,0,0,0,0,0,0,0,0,0,0,0,)
    int_num_log:                  5.27538e+06 (150000,124073,130380,120603,115535,114701,115742,115020,107946,109636,115545,114474,128630,109316,98817,115669,111052,112593,102119,103605,104601,99342,103497,105871,105647,102695,112597,106391,105137,102915,103720,103530,105132,104177,103105,99306,104886,106118,106554,104169,106210,103106,109967,100637,104837,104321,103842,137610,0,)
    int_debug_get_next:           0 (0,0,0,0,0,0,0,0,0,0,0,0,0,0,0,0,0,0,0,0,0,0,0,0,0,0,0,0,0,0,0,0,0,0,0,0,0,0,0,0,0,0,0,0,0,0,0,0,0,)
    int_debug1:                   0 (0,0,0,0,0,0,0,0,0,0,0,0,0,0,0,0,0,0,0,0,0,0,0,0,0,0,0,0,0,0,0,0,0,0,0,0,0,0,0,0,0,0,0,0,0,0,0,0,0,)
    int_debug2:                   1.82232e+09 (0,0,0,0,0,0,0,0,0,0,0,0,0,0,0,0,0,0,0,0,0,0,0,0,0,0,0,0,0,0,0,0,0,0,0,0,0,0,0,0,0,0,0,0,0,0,0,0,1822315520,)
    int_debug3:                   1738 (0,0,0,0,0,0,0,0,0,0,0,0,0,0,0,0,0,0,0,0,0,0,0,0,0,0,0,0,0,0,0,0,0,0,0,0,0,0,0,0,0,0,0,0,0,0,0,0,1738,)
    int_debug4:                   1.05747e+08 (2017746,2656373,2311389,2616049,2538478,2964763,2072352,2449777,2115994,2352588,2221953,2230402,2780686,2451270,1677320,2688938,2709684,2206459,2119970,1580919,1986873,2143771,2217301,2011933,1928066,1816998,2403372,2088529,2368046,2052880,2415486,1864134,2263451,1768362,1999208,2004218,1974122,2093897,2094313,2143382,2131545,1665032,2136486,1671007,2565382,2384198,2505037,2286837,0,)
    int_debug5:                   6.85638e+07 (1943951,1609021,1697616,1565922,1503435,1488173,1499080,1492575,1403073,1429749,1500589,1488641,1671364,1425896,1281889,1500468,1449992,1453453,1330456,1346182,1361477,1290961,1344500,1373875,1379390,1338220,1468590,1376478,1366910,1342797,1344845,1342004,1367667,1349550,1341154,1292787,1359744,1375383,1383423,1357430,1382280,1342051,1434449,1306090,1365361,1355691,1344519,1794665,0,)
    int_debug6:                   6.08375e+06 (113714,157283,120240,145259,121355,141099,130963,128702,115961,123629,124867,121114,147368,134229,102168,151854,142051,123364,135564,105180,120140,123548,122561,119882,132116,101074,136517,122631,153106,114704,131202,122833,140798,120815,124988,121433,117945,115244,124348,117108,124620,100901,136684,99249,150204,131127,129739,142266,0,)
    int_debug7:                   1.13011e+06 (3300,23235,14412,22106,15302,23144,26164,20288,15609,23142,31675,22576,16341,18338,27828,31170,33620,26560,30013,18288,17436,30232,37401,21600,33433,16802,27076,36306,13755,20193,25845,31074,36159,18010,32107,12523,24414,17929,31093,24162,18996,22039,33357,10511,38085,25442,17759,13258,0,)
    int_debug8:                   0 (0,0,0,0,0,0,0,0,0,0,0,0,0,0,0,0,0,0,0,0,0,0,0,0,0,0,0,0,0,0,0,0,0,0,0,0,0,0,0,0,0,0,0,0,0,0,0,0,0,)
    int_debug9:                   3.69172e+07 (1047136,866696,913898,843451,809172,801787,807706,803765,755493,769276,808027,801336,899729,767136,690627,808346,779977,783728,715941,724707,732932,695233,723842,740005,742336,719969,790134,741928,736257,722386,724603,723130,736087,727052,722002,695744,732494,741024,745108,730247,744057,722216,772060,703215,734849,730079,724649,965662,0,)
    int_debug10:                  6.88651e+07 (1096184,1820104,1439882,1801103,1684019,2018088,1331250,1598354,1427810,1535111,1481683,1497249,1820545,1638505,1024321,1851839,1782789,1436558,1420220,947667,1315891,1407099,1448260,1335839,1243873,1132683,1504043,1304719,1541965,1342062,1666892,1200271,1488260,1078770,1280147,1314292,1252196,1366286,1358974,1371277,1396815,1032708,1370654,1053263,1687709,1575551,1707436,1433849,0,)
    int_psnflush:                 0 (0,0,0,0,0,0,0,0,0,0,0,0,0,0,0,0,0,0,0,0,0,0,0,0,0,0,0,0,0,0,0,0,0,0,0,0,0,0,0,0,0,0,0,0,0,0,0,0,0,)
    int_flush_time_interval:      0 (0,0,0,0,0,0,0,0,0,0,0,0,0,0,0,0,0,0,0,0,0,0,0,0,0,0,0,0,0,0,0,0,0,0,0,0,0,0,0,0,0,0,0,0,0,0,0,0,0,)
    int_flush_half_full:          1737 (0,0,0,0,0,0,0,0,0,0,0,0,0,0,0,0,0,0,0,0,0,0,0,0,0,0,0,0,0,0,0,0,0,0,0,0,0,0,0,0,0,0,0,0,0,0,0,0,1737,)
    int_rec_fail_to_insert:       0 (0,0,0,0,0,0,0,0,0,0,0,0,0,0,0,0,0,0,0,0,0,0,0,0,0,0,0,0,0,0,0,0,0,0,0,0,0,0,0,0,0,0,0,0,0,0,0,0,0,)
    int_num_get_row:              6.85612e+07 (1943950,1608977,1697560,1565852,1503343,1488121,1499038,1492501,1403018,1429712,1500496,1488605,1671317,1425834,1281863,1500384,1449908,1453381,1330392,1346134,1361433,1290930,1344448,1373821,1379321,1338148,1468559,1376453,1366857,1342747,1344759,1341916,1367620,1349527,1341095,1292740,1359710,1375337,1383380,1357370,1382244,1341980,1434388,1306065,1365309,1355595,1344416,1794628,0,)
    int_locktable_volume:         1.39185e+08 (2087359,3947504,2623734,3869449,3040823,3669859,3031111,3013124,2845920,2909793,3049200,2992219,3375755,2989759,2010149,3682344,3586790,2945071,3274400,2069818,2749916,2595739,2721819,2786646,2783999,2109803,3086899,2748539,3315110,2700929,3307312,2711713,3370491,2100770,2708170,2599764,2752238,2746514,2809658,2733494,2784979,2113199,3010628,2053014,3335770,3330546,3306585,2796160,0,)
    int_aux_bytes:                4.2203e+07 (1200000,992584,1043040,964824,924280,917608,925936,920160,863568,877088,924360,915792,1029040,874528,790536,925352,888416,900744,816952,828840,836808,794736,827976,846968,845176,821560,900776,851128,841096,823320,829760,828240,841056,833416,824840,794448,839088,848944,852432,833352,849680,824848,879736,805096,838696,834568,830736,1100880,0,)
    int_nonzero:                  0 (0,0,0,0,0,0,0,0,0,0,0,0,0,0,0,0,0,0,0,0,0,0,0,0,0,0,0,0,0,0,0,0,0,0,0,0,0,0,0,0,0,0,0,0,0,0,0,0,0,)
    num_log_entries:              5.27538e+06 (150000,124073,130380,120603,115535,114701,115742,115020,107946,109636,115545,114474,128630,109316,98817,115669,111052,112593,102119,103605,104601,99342,103497,105871,105647,102695,112597,106391,105137,102915,103720,103530,105132,104177,103105,99306,104886,106118,106554,104169,106210,103106,109967,100637,104837,104321,103842,137610,0,)
    time_ts_alloc:                0 -nan -nan% 0 (0,0,0,0,0,0,0,0,0,0,0,0,0,0,0,0,0,0,0,0,0,0,0,0,0,0,0,0,0,0,0,0,0,0,0,0,0,0,0,0,0,0,0,0,0,0,0,0,0,)
    time_man:                     349.876 7.28908 193.783% 66322.4 (7.0455,7.27975,7.29133,7.29283,7.29759,7.3123,7.32364,7.27689,7.27833,7.28183,7.30139,7.30213,7.3114,7.23497,7.31071,7.27169,7.28888,7.28254,7.28145,7.27195,7.27593,7.30782,7.28263,7.2467,7.30594,7.32055,7.23932,7.30176,7.32486,7.29818,7.31447,7.29465,7.27739,7.31756,7.31438,7.33353,7.31476,7.30139,7.2799,7.28877,7.30323,7.30412,7.24588,7.33784,7.30602,7.3174,7.29614,7.2874,0,)
    time_cleanup:                 211.173 4.39943 116.961% 40029.9 (4.2717,4.39209,4.32951,4.39548,4.39098,4.40727,4.3778,4.40416,4.4093,4.41413,4.36822,4.37969,4.35537,4.43843,4.36494,4.42682,4.40589,4.40321,4.42997,4.36893,4.4027,4.38879,4.41302,4.42108,4.42443,4.37634,4.4489,4.41529,4.3729,4.40794,4.45218,4.41898,4.42906,4.38452,4.43139,4.36853,4.41496,4.41035,4.43241,4.41994,4.42538,4.37005,4.43336,4.3519,4.44804,4.44423,4.43512,4.29724,0,)
    time_txn:                     0 -nan -nan% 0 (0,0,0,0,0,0,0,0,0,0,0,0,0,0,0,0,0,0,0,0,0,0,0,0,0,0,0,0,0,0,0,0,0,0,0,0,0,0,0,0,0,0,0,0,0,0,0,0,0,)
    time_index:                   4.15091 0.0864773 2.29903% 786.846 (0.214015,0.0822452,0.0812028,0.0823689,0.0827531,0.0821323,0.0797557,0.0829282,0.0843566,0.0829856,0.0789311,0.0808394,0.0813897,0.0870668,0.079662,0.0895071,0.0832995,0.0833186,0.083972,0.0840992,0.0833075,0.0822001,0.0838667,0.0916961,0.0847884,0.0818122,0.090266,0.0859147,0.0801174,0.0884575,0.0835776,0.0819238,0.0850032,0.0826978,0.0818887,0.0802151,0.0838377,0.0842947,0.0853862,0.0832399,0.0846801,0.0835838,0.0881916,0.0809135,0.0857187,0.0839016,0.0831994,0.0894013,0,)
    time_log:                     0.581765 0.0121201 0.322217% 110.279 (0.0106221,0.0109617,0.0115405,0.0123478,0.0146901,0.0125774,0.0115073,0.0162574,0.016122,0.0120244,0.0115286,0.0110644,0.0114949,0.0120371,0.0093026,0.0123325,0.0156603,0.0111727,0.0105258,0.0123574,0.00932473,0.00904384,0.010781,0.0123526,0.0147004,0.00994221,0.0121399,0.0127059,0.00988805,0.0109756,0.0115314,0.0116976,0.0110594,0.0104258,0.020298,0.0110196,0.0104288,0.011048,0.0158929,0.0204193,0.010711,0.0107622,0.0133129,0.0109684,0.0113331,0.0131684,0.012398,0.00730882,0,)
    time_io:                      6.7147 6.7147 178.513% 1272.84 (0,0,0,0,0,0,0,0,0,0,0,0,0,0,0,0,0,0,0,0,0,0,0,0,0,0,0,0,0,0,0,0,0,0,0,0,0,0,0,0,0,0,0,0,0,0,0,0,6.7147,)
    time_wait_io:                 0 -nan -nan% 0 (0,0,0,0,0,0,0,0,0,0,0,0,0,0,0,0,0,0,0,0,0,0,0,0,0,0,0,0,0,0,0,0,0,0,0,0,0,0,0,0,0,0,0,0,0,0,0,0,0,)
    time_phase1_add_graph:        0 -nan -nan% 0 (0,0,0,0,0,0,0,0,0,0,0,0,0,0,0,0,0,0,0,0,0,0,0,0,0,0,0,0,0,0,0,0,0,0,0,0,0,0,0,0,0,0,0,0,0,0,0,0,0,)
    time_recover_txn:             0 -nan -nan% 0 (0,0,0,0,0,0,0,0,0,0,0,0,0,0,0,0,0,0,0,0,0,0,0,0,0,0,0,0,0,0,0,0,0,0,0,0,0,0,0,0,0,0,0,0,0,0,0,0,0,)
    time_lv_overhead:             5.46804 0.113917 3.02854% 1036.52 (0.0761989,0.115445,0.104509,0.106353,0.128772,0.116529,0.107586,0.118812,0.117775,0.116358,0.105135,0.118647,0.116832,0.123277,0.105366,0.114646,0.110218,0.116727,0.112536,0.115039,0.116256,0.122959,0.110845,0.120285,0.113117,0.106736,0.115266,0.110739,0.123499,0.11272,0.12346,0.11396,0.110602,0.126099,0.107068,0.127843,0.108373,0.125968,0.110319,0.119064,0.12919,0.106453,0.104201,0.117356,0.107173,0.116133,0.116755,0.0988405,0,)
    time_state_malloc:            0 -nan -nan% 0 (0,0,0,0,0,0,0,0,0,0,0,0,0,0,0,0,0,0,0,0,0,0,0,0,0,0,0,0,0,0,0,0,0,0,0,0,0,0,0,0,0,0,0,0,0,0,0,0,0,)
    time_phase1_1:                26.0348 0.542392 14.4197% 4935.15 (0.551191,0.532032,0.465305,0.5531,0.52273,0.547022,0.53851,0.5361,0.525878,0.552162,0.516291,0.50782,0.521434,0.566399,0.515716,0.567574,0.553778,0.528312,0.549888,0.521741,0.528123,0.508479,0.559631,0.540197,0.573353,0.514452,0.579659,0.600119,0.555731,0.566579,0.539695,0.564088,0.624302,0.517114,0.554734,0.511343,0.552934,0.562388,0.574763,0.576639,0.539324,0.499294,0.561751,0.515371,0.571732,0.565942,0.557679,0.446397,0,)
    time_phase1_2:                9.80924 0.204359 5.43297% 1859.44 (0.231884,0.198597,0.213869,0.197005,0.198894,0.197326,0.190408,0.202105,0.202131,0.197952,0.191915,0.191547,0.191356,0.21073,0.203916,0.199893,0.200391,0.195243,0.195142,0.201052,0.196887,0.191334,0.196206,0.232908,0.205366,0.198309,0.228096,0.202584,0.206115,0.197746,0.19805,0.223473,0.220727,0.19806,0.205787,0.196313,0.19805,0.2068,0.217124,0.230067,0.20052,0.199991,0.216369,0.196232,0.201747,0.197748,0.232465,0.202813,0,)
    time_phase2:                  28.2324 0.588174 15.6368% 5351.73 (0.716401,0.676303,0.561584,0.643847,0.569553,0.592969,0.546477,0.567653,0.567663,0.558105,0.547338,0.544901,0.554567,0.698,0.543263,0.64318,0.621272,0.581725,0.575335,0.569278,0.574554,0.549325,0.567453,0.578976,0.575267,0.557972,0.677163,0.569734,0.693092,0.557422,0.581386,0.547648,0.584731,0.56147,0.561302,0.55944,0.565232,0.561301,0.577637,0.555682,0.574993,0.564058,0.696285,0.551159,0.64726,0.569313,0.610991,0.582112,0,)
    time_phase3:                  12.3104 0.256468 6.81829% 2333.57 (0.26577,0.259618,0.261387,0.258036,0.258404,0.256071,0.249262,0.271226,0.266818,0.270217,0.266545,0.269254,0.262969,0.276649,0.257129,0.270993,0.269213,0.271683,0.266628,0.27229,0.26852,0.264927,0.269623,0.251568,0.248504,0.244694,0.261287,0.24875,0.238017,0.241939,0.245615,0.24309,0.249801,0.244225,0.245475,0.241889,0.24582,0.249317,0.251875,0.247068,0.248339,0.248961,0.258613,0.240924,0.247201,0.247834,0.24419,0.272214,0,)
    time_phase1_1_raw:            94.1908 1.96231 52.1687% 17854.8 (1.71965,1.86202,2.14037,1.88788,2.02518,1.94615,2.02967,1.9758,2.02,1.96674,2.07617,2.07842,2.03938,1.7269,2.08372,1.80219,1.91233,1.9834,1.94921,2.02789,2.00513,2.10094,1.95363,1.94397,1.92382,2.10654,1.7259,1.87763,1.85365,1.98093,1.96121,1.9707,1.79301,2.06552,1.97359,2.11545,1.9899,1.98167,1.92053,1.94439,1.98972,2.10402,1.76942,2.10978,1.83838,1.93303,1.89955,2.1057,0,)
    time_phase1_2_raw:            1.58524 0.0330259 0.878007% 300.499 (0.0248017,0.0294966,0.0284581,0.0296887,0.0317965,0.0303008,0.0307538,0.0322173,0.0341058,0.032865,0.0301584,0.0307375,0.0269505,0.036057,0.0334171,0.031734,0.0321941,0.0325643,0.0334904,0.0349533,0.0347205,0.0333005,0.0345489,0.0352324,0.0351463,0.034822,0.0364051,0.0354373,0.0314737,0.0342949,0.0345229,0.0342156,0.0348703,0.034913,0.0345858,0.0334743,0.0346731,0.0351998,0.0354471,0.0349939,0.0350334,0.0356306,0.0361894,0.033946,0.0342073,0.0339993,0.0337419,0.0234788,0,)
    time_phase2_raw:              0.828364 0.0172576 0.458799% 157.025 (0.0126508,0.0154866,0.0147251,0.0155579,0.0166452,0.0157893,0.0160124,0.0168591,0.0176718,0.0173378,0.0158152,0.0161841,0.0141764,0.0186133,0.0174861,0.016756,0.0166134,0.0170379,0.0177213,0.0182482,0.018165,0.0175085,0.0180681,0.0184914,0.0185319,0.0181721,0.0192449,0.0185615,0.0166382,0.0179182,0.0179523,0.0179916,0.0182724,0.0182116,0.0179924,0.0175535,0.0182909,0.0182551,0.0185148,0.0182833,0.0182729,0.0182966,0.0187182,0.0175657,0.0179423,0.0176721,0.0175651,0.012326,0,)
    time_phase3_raw:              0 -nan -nan% 0 (0,0,0,0,0,0,0,0,0,0,0,0,0,0,0,0,0,0,0,0,0,0,0,0,0,0,0,0,0,0,0,0,0,0,0,0,0,0,0,0,0,0,0,0,0,0,0,0,0,)
    time_recover_full:            0 -nan -nan% 0 (0,0,0,0,0,0,0,0,0,0,0,0,0,0,0,0,0,0,0,0,0,0,0,0,0,0,0,0,0,0,0,0,0,0,0,0,0,0,0,0,0,0,0,0,0,0,0,0,0,)
    time_recover1:                0 -nan -nan% 0 (0,0,0,0,0,0,0,0,0,0,0,0,0,0,0,0,0,0,0,0,0,0,0,0,0,0,0,0,0,0,0,0,0,0,0,0,0,0,0,0,0,0,0,0,0,0,0,0,0,)
    time_recover2:                0 -nan -nan% 0 (0,0,0,0,0,0,0,0,0,0,0,0,0,0,0,0,0,0,0,0,0,0,0,0,0,0,0,0,0,0,0,0,0,0,0,0,0,0,0,0,0,0,0,0,0,0,0,0,0,)
    time_recover3:                0 -nan -nan% 0 (0,0,0,0,0,0,0,0,0,0,0,0,0,0,0,0,0,0,0,0,0,0,0,0,0,0,0,0,0,0,0,0,0,0,0,0,0,0,0,0,0,0,0,0,0,0,0,0,0,)
    time_recover4:                0 -nan -nan% 0 (0,0,0,0,0,0,0,0,0,0,0,0,0,0,0,0,0,0,0,0,0,0,0,0,0,0,0,0,0,0,0,0,0,0,0,0,0,0,0,0,0,0,0,0,0,0,0,0,0,)
    time_recover5:                0 -nan -nan% 0 (0,0,0,0,0,0,0,0,0,0,0,0,0,0,0,0,0,0,0,0,0,0,0,0,0,0,0,0,0,0,0,0,0,0,0,0,0,0,0,0,0,0,0,0,0,0,0,0,0,)
    time_recover6:                0 -nan -nan% 0 (0,0,0,0,0,0,0,0,0,0,0,0,0,0,0,0,0,0,0,0,0,0,0,0,0,0,0,0,0,0,0,0,0,0,0,0,0,0,0,0,0,0,0,0,0,0,0,0,0,)
    time_recover7:                0 -nan -nan% 0 (0,0,0,0,0,0,0,0,0,0,0,0,0,0,0,0,0,0,0,0,0,0,0,0,0,0,0,0,0,0,0,0,0,0,0,0,0,0,0,0,0,0,0,0,0,0,0,0,0,)
    time_recover8:                0 -nan -nan% 0 (0,0,0,0,0,0,0,0,0,0,0,0,0,0,0,0,0,0,0,0,0,0,0,0,0,0,0,0,0,0,0,0,0,0,0,0,0,0,0,0,0,0,0,0,0,0,0,0,0,)
    time_debug_get_next:          0 -nan -nan% 0 (0,0,0,0,0,0,0,0,0,0,0,0,0,0,0,0,0,0,0,0,0,0,0,0,0,0,0,0,0,0,0,0,0,0,0,0,0,0,0,0,0,0,0,0,0,0,0,0,0,)
    time_debug0:                  28.7325 0.598594 15.9138% 5446.53 (0.629002,0.585411,0.658272,0.617099,0.604481,0.579209,0.566458,0.60283,0.605194,0.597892,0.627328,0.623162,0.640195,0.548119,0.621429,0.579452,0.602153,0.602867,0.567467,0.620979,0.597303,0.566245,0.589261,0.576004,0.583625,0.627013,0.556607,0.605518,0.588772,0.620571,0.576855,0.580753,0.577644,0.62515,0.594761,0.595615,0.600779,0.606874,0.595613,0.603501,0.584572,0.634864,0.55386,0.642067,0.568119,0.57867,0.574047,0.648854,0,)
    time_debug1:                  85.5025 1.7813 47.3566% 16207.9 (1.86179,1.77606,1.90941,1.79456,1.85425,1.77384,1.82442,1.76603,1.83568,1.75542,1.78597,1.85264,1.89703,1.77228,1.85255,1.65573,1.71904,1.78134,1.71535,1.80694,1.82956,1.83507,1.69352,1.75472,1.70396,1.90225,1.6448,1.6539,1.94196,1.78264,1.71442,1.71997,1.59587,1.85979,1.70558,1.9753,1.75558,1.78656,1.68625,1.72035,1.78313,1.83261,1.64285,1.93648,1.68621,1.69092,1.8265,1.8515,0,)
    time_debug2:                  5.41094 0.112728 2.99691% 1025.7 (0.0822084,0.123231,0.105278,0.110095,0.119103,0.12132,0.118507,0.112791,0.105073,0.110684,0.106166,0.111708,0.12513,0.118742,0.10096,0.125194,0.115217,0.107887,0.126644,0.105546,0.105108,0.114121,0.105676,0.116739,0.119705,0.0962052,0.110885,0.103981,0.129255,0.1081,0.125461,0.112426,0.122763,0.129954,0.110191,0.116111,0.109652,0.107749,0.105727,0.108316,0.12014,0.0967593,0.111355,0.101686,0.121866,0.121992,0.116667,0.110868,0,)
    time_debug3:                  9.25326 0.192776 5.12503% 1754.05 (0.0101443,0.199625,0.0917896,0.185885,0.126215,0.227011,0.240969,0.194612,0.118427,0.204665,0.221264,0.136762,0.117188,0.141923,0.170238,0.286327,0.253117,0.188478,0.238427,0.148161,0.13084,0.202228,0.274178,0.170459,0.263828,0.109836,0.259454,0.312525,0.0964572,0.169239,0.240032,0.2608,0.344032,0.111533,0.269955,0.0764287,0.228356,0.176126,0.250188,0.230429,0.171148,0.160142,0.281998,0.0932473,0.271445,0.262987,0.124263,0.209886,0,)
    time_debug4:                  30.2495 0.630198 16.7541% 5734.1 (0.578697,0.663818,0.609265,0.668445,0.655758,0.676601,0.594092,0.643372,0.656554,0.654092,0.651336,0.661534,0.664624,0.691203,0.590404,0.652918,0.638751,0.630731,0.634838,0.552426,0.645692,0.597845,0.615589,0.630623,0.602826,0.586149,0.650575,0.591172,0.62638,0.628113,0.645802,0.626991,0.61209,0.592618,0.631655,0.649163,0.653725,0.636122,0.633208,0.610495,0.635476,0.569025,0.632165,0.622397,0.624211,0.637405,0.676873,0.615675,0,)
    time_debug5:                  0.366392 0.00763317 0.202931% 69.4533 (0.00714768,0.00756534,0.00735095,0.00761031,0.00762221,0.00735553,0.00745372,0.00756943,0.00783363,0.00757921,0.00740548,0.00730935,0.00692998,0.00777962,0.00746014,0.00749041,0.0076076,0.00768528,0.00750016,0.0076931,0.00762234,0.00752937,0.00782495,0.00790152,0.00791628,0.00779683,0.00806995,0.00821023,0.00711875,0.00764702,0.00779334,0.00791785,0.00789859,0.00772403,0.00762888,0.00751292,0.00769291,0.00787789,0.00790283,0.00794441,0.00794571,0.00781584,0.00795356,0.00760689,0.00762575,0.00771057,0.00774021,0.00651363,0,)
    time_debug6:                  0 -nan -nan% 0 (0,0,0,0,0,0,0,0,0,0,0,0,0,0,0,0,0,0,0,0,0,0,0,0,0,0,0,0,0,0,0,0,0,0,0,0,0,0,0,0,0,0,0,0,0,0,0,0,0,)
    time_debug7:                  18.2553 0.380318 10.1109% 3460.47 (0.48219,0.361762,0.434574,0.354435,0.399324,0.373113,0.353197,0.389021,0.400119,0.383234,0.389195,0.41299,0.406621,0.424158,0.388093,0.365151,0.350596,0.376537,0.344882,0.383715,0.38663,0.368357,0.372782,0.383227,0.347726,0.397749,0.378426,0.358225,0.344497,0.386011,0.3518,0.36355,0.32792,0.390988,0.369511,0.389828,0.38155,0.393636,0.373715,0.36299,0.387033,0.381768,0.387346,0.420581,0.339306,0.345362,0.366631,0.425208,0,)
    time_debug8:                  2.94253 0.0613027 1.62975% 557.786 (0.0388506,0.0601766,0.0500791,0.067721,0.0620226,0.0639214,0.0555598,0.0615021,0.0627481,0.0647385,0.0616896,0.0591144,0.0541128,0.0607181,0.0571549,0.0596816,0.0659218,0.0629125,0.0668733,0.057529,0.0630229,0.0560777,0.0605229,0.0657027,0.0609295,0.0589109,0.0653968,0.0622747,0.0606141,0.0658357,0.0718988,0.0649917,0.0669336,0.0563593,0.0639946,0.0580004,0.0658282,0.0634795,0.0646024,0.0655475,0.059366,0.0618005,0.0653033,0.0596787,0.0673242,0.0662539,0.0667083,0.0421416,0,)
    time_debug9:                  4.2024 0.08755 2.32755% 796.607 (0.0463059,0.0872387,0.0647914,0.0882735,0.0859245,0.0948934,0.0766082,0.0877721,0.0892146,0.0918929,0.0847768,0.0837611,0.0760397,0.0974388,0.079393,0.0974094,0.0953692,0.0848069,0.0963717,0.0731856,0.0895378,0.0894198,0.0945238,0.0913323,0.089602,0.0803512,0.0950907,0.0904905,0.0908777,0.0892384,0.0998447,0.0932627,0.0977827,0.0804319,0.0927281,0.0900332,0.0895105,0.0923307,0.0936348,0.0919557,0.0917299,0.0780325,0.0916504,0.0810185,0.0999224,0.0995284,0.100568,0.0565035,0,)
    time_debug10:                 0 -nan -nan% 0 (0,0,0,0,0,0,0,0,0,0,0,0,0,0,0,0,0,0,0,0,0,0,0,0,0,0,0,0,0,0,0,0,0,0,0,0,0,0,0,0,0,0,0,0,0,0,0,0,0,)
    time_debug11:                 61.7044 1.28551 34.1757% 11696.7 (1.46503,1.28926,1.22577,1.32205,1.27876,1.28368,1.34641,1.36142,1.25451,1.34002,1.27732,1.1883,1.34926,1.36633,1.26344,1.36592,1.26896,1.24576,1.24123,1.17595,1.17907,1.16842,1.29352,1.38869,1.35136,1.19412,1.35914,1.34965,1.30735,1.37662,1.29414,1.29612,1.35549,1.19954,1.30291,1.2007,1.24847,1.24419,1.28616,1.21275,1.31008,1.20398,1.27178,1.19951,1.26027,1.32078,1.3728,1.24741,0,)
    time_debug12:                 334.852 6.97608 185.462% 63474.5 (6.80409,6.97194,7.03975,6.93937,6.98116,6.98185,6.91402,6.899,7.00164,6.92316,6.97601,7.07076,6.91634,6.89564,7.00019,6.89644,6.99714,7.01471,7.01632,7.08228,7.07906,7.09628,6.97043,6.86805,6.9093,7.07003,6.90313,6.9141,6.95571,6.88349,6.9666,6.96546,6.90531,7.06145,6.95689,7.06064,7.01309,7.01538,6.97552,7.05083,6.95192,7.05964,6.9909,7.0605,7.00239,6.9411,6.88964,7.01296,0,)
    time_debug13:                 0 -nan -nan% 0 (0,0,0,0,0,0,0,0,0,0,0,0,0,0,0,0,0,0,0,0,0,0,0,0,0,0,0,0,0,0,0,0,0,0,0,0,0,0,0,0,0,0,0,0,0,0,0,0,0,)
    time_debug14:                 0 -nan -nan% 0 (0,0,0,0,0,0,0,0,0,0,0,0,0,0,0,0,0,0,0,0,0,0,0,0,0,0,0,0,0,0,0,0,0,0,0,0,0,0,0,0,0,0,0,0,0,0,0,0,0,)
    time_debug15:                 0 -nan -nan% 0 (0,0,0,0,0,0,0,0,0,0,0,0,0,0,0,0,0,0,0,0,0,0,0,0,0,0,0,0,0,0,0,0,0,0,0,0,0,0,0,0,0,0,0,0,0,0,0,0,0,)
    time_rec_loop_tryRead:        0 -nan -nan% 0 (0,0,0,0,0,0,0,0,0,0,0,0,0,0,0,0,0,0,0,0,0,0,0,0,0,0,0,0,0,0,0,0,0,0,0,0,0,0,0,0,0,0,0,0,0,0,0,0,0,)
    time_rec_finding_empty_slot:  0 -nan -nan% 0 (0,0,0,0,0,0,0,0,0,0,0,0,0,0,0,0,0,0,0,0,0,0,0,0,0,0,0,0,0,0,0,0,0,0,0,0,0,0,0,0,0,0,0,0,0,0,0,0,0,)
    time_silo_validate1:          0 -nan -nan% 0 (0,0,0,0,0,0,0,0,0,0,0,0,0,0,0,0,0,0,0,0,0,0,0,0,0,0,0,0,0,0,0,0,0,0,0,0,0,0,0,0,0,0,0,0,0,0,0,0,0,)
    time_silo_validate2:          0 -nan -nan% 0 (0,0,0,0,0,0,0,0,0,0,0,0,0,0,0,0,0,0,0,0,0,0,0,0,0,0,0,0,0,0,0,0,0,0,0,0,0,0,0,0,0,0,0,0,0,0,0,0,0,)
    time_silo_validate3:          0 -nan -nan% 0 (0,0,0,0,0,0,0,0,0,0,0,0,0,0,0,0,0,0,0,0,0,0,0,0,0,0,0,0,0,0,0,0,0,0,0,0,0,0,0,0,0,0,0,0,0,0,0,0,0,)
    time_silo_validate4:          0 -nan -nan% 0 (0,0,0,0,0,0,0,0,0,0,0,0,0,0,0,0,0,0,0,0,0,0,0,0,0,0,0,0,0,0,0,0,0,0,0,0,0,0,0,0,0,0,0,0,0,0,0,0,0,)
    time_silo_validate5:          0 -nan -nan% 0 (0,0,0,0,0,0,0,0,0,0,0,0,0,0,0,0,0,0,0,0,0,0,0,0,0,0,0,0,0,0,0,0,0,0,0,0,0,0,0,0,0,0,0,0,0,0,0,0,0,)
    time_silo_validate6:          0 -nan -nan% 0 (0,0,0,0,0,0,0,0,0,0,0,0,0,0,0,0,0,0,0,0,0,0,0,0,0,0,0,0,0,0,0,0,0,0,0,0,0,0,0,0,0,0,0,0,0,0,0,0,0,)
    time_silo_validate7:          0 -nan -nan% 0 (0,0,0,0,0,0,0,0,0,0,0,0,0,0,0,0,0,0,0,0,0,0,0,0,0,0,0,0,0,0,0,0,0,0,0,0,0,0,0,0,0,0,0,0,0,0,0,0,0,)
    time_silo_validate8:          0 -nan -nan% 0 (0,0,0,0,0,0,0,0,0,0,0,0,0,0,0,0,0,0,0,0,0,0,0,0,0,0,0,0,0,0,0,0,0,0,0,0,0,0,0,0,0,0,0,0,0,0,0,0,0,)
    time_silo_validate9:          0 -nan -nan% 0 (0,0,0,0,0,0,0,0,0,0,0,0,0,0,0,0,0,0,0,0,0,0,0,0,0,0,0,0,0,0,0,0,0,0,0,0,0,0,0,0,0,0,0,0,0,0,0,0,0,)
    time_locktable_get:           131.976 2.7495 73.0965% 25017.4 (2.63178,2.74257,2.81933,2.7659,2.76602,2.76066,2.80967,2.73841,2.72998,2.73199,2.79921,2.78418,2.8317,2.64986,2.80984,2.70877,2.75187,2.7431,2.71334,2.75089,2.7299,2.78282,2.72966,2.68625,2.73936,2.80282,2.64172,2.74459,2.81749,2.74729,2.72388,2.74095,2.70869,2.7939,2.74703,2.82846,2.76196,2.74578,2.7072,2.73051,2.72728,2.79267,2.65997,2.83917,2.71391,2.72094,2.70779,2.86485,0,)
    time_locktable_get_validation:0 -nan -nan% 0 (0,0,0,0,0,0,0,0,0,0,0,0,0,0,0,0,0,0,0,0,0,0,0,0,0,0,0,0,0,0,0,0,0,0,0,0,0,0,0,0,0,0,0,0,0,0,0,0,0,)
    time_locktable_release:       9.30441 0.193842 5.15336% 1763.74 (0.118447,0.187685,0.153108,0.197613,0.190924,0.201933,0.173553,0.193167,0.197968,0.20113,0.187919,0.184793,0.166381,0.205847,0.181948,0.200983,0.204371,0.191261,0.211933,0.178084,0.199915,0.190325,0.201236,0.204992,0.198365,0.186194,0.20899,0.200339,0.195625,0.201514,0.217952,0.205711,0.212141,0.184164,0.205484,0.193567,0.202106,0.203022,0.207962,0.205798,0.1984,0.18682,0.207675,0.186825,0.214456,0.211895,0.214106,0.129789,0,)
    time_get_row_before:          4.17914 0.0870653 2.31466% 792.197 (0.0883142,0.090399,0.0837352,0.08576,0.0842334,0.08778,0.0847205,0.0868106,0.0877032,0.0862167,0.0813846,0.0826371,0.0828568,0.0915137,0.0867925,0.0881551,0.0839107,0.0872666,0.0848434,0.0875818,0.0874369,0.0867279,0.0870327,0.0880571,0.0882091,0.0882746,0.0949619,0.0901854,0.0876199,0.0850207,0.0847478,0.0847818,0.0866806,0.0879118,0.0848282,0.087511,0.0853918,0.0844682,0.0876152,0.0866444,0.0892937,0.0897478,0.0983715,0.085135,0.089605,0.0879826,0.091115,0.0811641,0,)
    time_get_row_after:           8.91988 0.185831 4.94038% 1690.85 (0.192967,0.191502,0.187674,0.183504,0.188497,0.184148,0.181354,0.183643,0.185842,0.188103,0.182791,0.183645,0.180375,0.189629,0.17457,0.183537,0.183693,0.183937,0.186198,0.195612,0.185883,0.17826,0.184649,0.188318,0.186648,0.186433,0.193384,0.185963,0.177587,0.185662,0.186188,0.182786,0.188323,0.18325,0.186851,0.179769,0.182477,0.189214,0.189287,0.187117,0.191033,0.184579,0.197032,0.18399,0.187333,0.190296,0.184519,0.181827,0,)
    time_log_create:              0.33512 0.00698167 0.18561% 63.5253 (0.00539221,0.00615435,0.00619489,0.00648134,0.0073572,0.0062488,0.00672156,0.00708832,0.00707706,0.00705326,0.00626241,0.00672076,0.00705519,0.00739209,0.00704611,0.00679302,0.00635176,0.00644888,0.00729371,0.00789427,0.00704657,0.00713922,0.0082455,0.00791464,0.00710918,0.00761536,0.00749632,0.00700502,0.0063737,0.00683832,0.00721451,0.00747458,0.00708996,0.00717022,0.00731814,0.00731259,0.00734,0.00717156,0.00706668,0.00766643,0.0072117,0.00709681,0.00722031,0.00676402,0.00678763,0.00739078,0.00711067,0.00490252,0,)
    time_log_serialLogTxn:        198.344 4.13217 109.855% 37598.1 (4.09417,4.13746,4.11145,4.12905,4.12515,4.1352,4.13515,4.13437,4.13178,4.13986,4.11226,4.1264,4.12508,4.15515,4.1122,4.15373,4.12708,4.1412,4.14516,4.11384,4.13,4.12786,4.13595,4.13814,4.14709,4.11621,4.16141,4.13695,4.10897,4.13245,4.15927,4.13734,4.14135,4.12614,4.14186,4.10211,4.13839,4.13149,4.14389,4.12929,4.15157,4.10863,4.14648,4.09229,4.15931,4.15618,4.14576,4.11187,0,)
    time_cleanup_1:               0.118291 0.0024644 0.0655171% 22.4233 (0.0019019,0.00220661,0.00209721,0.00220513,0.00238375,0.00232333,0.00229352,0.00241555,0.00252181,0.00243572,0.00227897,0.00227037,0.00200754,0.00271177,0.00250186,0.00251713,0.00231746,0.00239935,0.00249101,0.00261169,0.0025743,0.00249847,0.00271188,0.00261526,0.00259143,0.00258025,0.00264698,0.00266488,0.00237067,0.00258367,0.0025831,0.00255671,0.00263102,0.00259698,0.00260005,0.00248549,0.0025872,0.00262609,0.0026235,0.00259807,0.00262126,0.00258241,0.00264799,0.00252571,0.00254903,0.00254867,0.00253678,0.00166176,0,)
    time_cleanup_2:               0.678104 0.0141272 0.375576% 128.541 (0.0121086,0.0134625,0.0128885,0.0134595,0.0138897,0.0134355,0.0134619,0.0139043,0.014485,0.0140163,0.0133226,0.0133175,0.0123017,0.0147118,0.0139737,0.0138024,0.0138871,0.0140458,0.0141154,0.0144707,0.0144043,0.0140521,0.0145402,0.0149295,0.0148082,0.0146761,0.015194,0.0151911,0.013442,0.0145319,0.014569,0.0147569,0.0147985,0.0145029,0.0144575,0.0141299,0.0145497,0.0147946,0.0147846,0.014763,0.0148308,0.0146553,0.015035,0.0142291,0.0145201,0.0143171,0.0144248,0.0111551,0,)
    time_insideSLT1:              7.50725 0.156401 4.15798% 1423.07 (0.113605,0.169219,0.138321,0.15543,0.149463,0.162179,0.163184,0.158972,0.15289,0.160108,0.146339,0.153886,0.148215,0.176685,0.138734,0.178722,0.156156,0.148405,0.174655,0.139719,0.152278,0.159534,0.162397,0.16142,0.16695,0.126841,0.182662,0.15908,0.135365,0.161252,0.181867,0.166587,0.166687,0.152085,0.17091,0.130885,0.163958,0.155473,0.167608,0.156133,0.170435,0.134174,0.168631,0.121282,0.169762,0.173092,0.163406,0.141609,0,)
    time_insideSLT2:              8.11186 0.168997 4.49285% 1537.68 (0.124904,0.178088,0.149298,0.167144,0.158778,0.174145,0.172085,0.171745,0.165633,0.172547,0.156435,0.163293,0.159718,0.190576,0.152364,0.191002,0.168351,0.160638,0.185254,0.150334,0.162575,0.171694,0.176002,0.172118,0.18127,0.14263,0.19734,0.173716,0.148661,0.175139,0.196569,0.181626,0.180767,0.166009,0.182115,0.144487,0.178267,0.169489,0.182023,0.170754,0.184833,0.148288,0.182948,0.132418,0.183934,0.187338,0.177559,0.14896,0,)
    time_STLother:                0.127708 0.00266058 0.0707326% 24.2083 (0.00198649,0.00236665,0.00220532,0.00238785,0.00252156,0.00242101,0.00242973,0.00257162,0.00265392,0.00372068,0.00240944,0.00239811,0.0022024,0.0028384,0.00322348,0.00280111,0.00286864,0.00257903,0.00267112,0.00267264,0.00269967,0.00284902,0.00271287,0.00275647,0.00277512,0.00275389,0.00287063,0.00285433,0.00247557,0.00274685,0.00273999,0.00267535,0.002765,0.00282346,0.0028218,0.00257559,0.00275112,0.00307767,0.00275065,0.00267021,0.00282327,0.00276736,0.00270178,0.00271003,0.00257726,0.00262329,0.0026637,0.00176686,0,)
    time_logging_thread:          8.49839 8.49839 225.933% 1610.95 (0,0,0,0,0,0,0,0,0,0,0,0,0,0,0,0,0,0,0,0,0,0,0,0,0,0,0,0,0,0,0,0,0,0,0,0,0,0,0,0,0,0,0,0,0,0,0,0,8.49839,)
    int_serialLogFail:            2.84878e+06 (61230,60088,60516,60049,59734,59794,59899,59655,59365,59354,59825,59818,60758,59222,59146,59719,59622,59173,59106,59071,58911,59075,59114,58665,59072,58800,59102,59042,59004,58985,59036,58920,58956,59027,58978,58980,59012,59035,59055,58985,59051,58780,59012,59021,58915,58975,59064,61069,0,)
Projected Disk Bandwidth Utilized - avg 2.78731e+08 real 2.78731e+08
Total time measured 573.804
Total wall time observed 575.203
Estimated CPU_FREQ is 2.19465
