NUM_CORES_PER_SLOT=24
NUMA_NODE_NUM=2
HYPER_THREADING_FACTOR=2
Using SIMD
MM_MAX=_mm512_max_epu32
SIMD_PREFIX=__m512i
MAX_LOGGER_NUM_SIMD=16
Running in big-hash-table mode.

Using 1 disks.
g_flush_blocksize=1048576, g_log_buffer_size=52428800
Init parallelism 96
Stats initialized
Global manager initialized
reading schema file: ./benchmarks/TPCC_full_schema.txt
0 0x7f1def684040 50000000 1
0 0x5566005d0f80 500 1
0 0x5566005d3f40 5000 1
0 0x7f1dd9f31040 15000000 1
0 0x7f1dc47de040 15000000 1
0 0x7f1d7cf75040 50000000 1
TPCC schema initialized
TPCC Data Initialization Complete!
workload initialized!
Init time 560.599
Queue Buffer Length728177
Log Read Size: 419430400
Log buffer size 52428800
log file:		/mnt/pmem0/logs/TC_log0_1_TPCC_0.500000.data
/mnt/pmem0/logs/TC_log0_1_TPCC_0.500000.data
Start Initializing Locktable, size 16777216
ltiSize=64
Locktable Initialized, size 16777216, schema table size 15728640
mem_allocator initialized!
Query Queue Init Time 12.281099
query_queue initialized!
Setting logger 0 to CPU node 0
PSN Flush Frequency: 1000
sim_done = 1
sim_done = 7
sim_done = 20
sim_done = 22
sim_done = 11
sim_done = 12
sim_done = 31
sim_done = 41
sim_done = 19
sim_done = 21
sim_done = 23
sim_done = 8
sim_done = 27
sim_done = 46
sim_done = 32
sim_done = 14
sim_done = 39
sim_done = 15
sim_done = 44
sim_done = 25
sim_done = 13
sim_done = 18
sim_done = 2
sim_done = 35
sim_done = 29
sim_done = 28
sim_done = 5
sim_done = 33
sim_done = 38
sim_done = 34
sim_done = 4
sim_done = 30
sim_done = 3
sim_done = 42
sim_done = 47
sim_done = 40
sim_done = 24
sim_done = 17
sim_done = 26
sim_done = 16
sim_done = 36
sim_done = 43
sim_done = 7
sim_done = 48
sim_done = 45
sim_done = 9
sim_done = 38
sim_done = 11
Destructor 0. flush size=49897984 (2398093312 to 2447991296)
PASS! SimTime = 4.31341e+09
=Worker Thread=
    Throughput:                   1.59994e+06
    MaxThr:                       1.59994e+06
    PerThdThr:                    1.61559e+06
    run_time:                     204.971 (4.27124,4.26942,4.26942,4.27195,4.27048,4.27144,4.2692,4.27174,4.26921,4.27064,4.27183,4.26983,4.27084,4.27022,4.26993,4.26995,4.27065,4.2703,4.2698,4.26972,4.26995,4.26968,4.27158,4.27032,4.27019,4.27044,4.27015,4.26984,4.27002,4.26953,4.26972,4.26932,4.27044,4.27065,4.27076,4.27053,4.26942,4.2693,4.27062,4.26981,4.27022,4.27002,4.26934,4.27133,4.26992,4.27099,4.2692,4.26969,0,)
    log_bytes:                    2.44799 (0,0,0,0,0,0,0,0,0,0,0,0,0,0,0,0,0,0,0,0,0,0,0,0,0,0,0,0,0,0,0,0,0,0,0,0,0,0,0,0,0,0,0,0,0,0,0,0,2.44799,)
    log_dep_size:                 0 (0,0,0,0,0,0,0,0,0,0,0,0,0,0,0,0,0,0,0,0,0,0,0,0,0,0,0,0,0,0,0,0,0,0,0,0,0,0,0,0,0,0,0,0,0,0,0,0,0,)
    log_total_size:               1.30342 (0.0282034,0.0282262,0.0272317,0.0282155,0.0282079,0.027185,0.0272255,0.027212,0.0283435,0.0271978,0.0272047,0.026308,0.0268869,0.0282175,0.0272122,0.027381,0.0265697,0.0261319,0.0272612,0.0282257,0.0273839,0.0282029,0.0282189,0.027444,0.0274258,0.0274264,0.0274086,0.0267536,0.0274474,0.0258503,0.0274329,0.0257144,0.0263265,0.0263456,0.0263693,0.0274403,0.0274258,0.0274288,0.0274185,0.0274158,0.0267764,0.0274309,0.0274417,0.0263454,0.0259304,0.0257558,0.0274298,0.0247779,0,)
    latency:                      660173 (15365.8,14442.2,13877.4,14394.8,14378.7,13737,13694.2,13767.4,14398.6,14836.6,13783.8,13235,13628.5,14239.1,13763.4,13918.4,13377.8,13177,13803,14407.4,14252.3,14360.2,14378.9,13825.8,13817.7,13816.3,13824.3,13429.5,13612.4,12933.1,13845.8,12818.4,13109.2,13190.3,13233.9,13859.3,13778.6,13835.2,13835.7,13792.5,13481,13836.8,13617.1,13130.8,13275.6,12900.2,13834.2,12321.4,0,)

    num_commits:                  6.89895e+06 (149191,149668,144286,149439,149333,143497,144371,143739,150000,143721,143851,138841,142531,149467,143803,144976,140596,138260,144972,149633,144900,149102,149424,145494,145107,145202,144819,141234,145617,136778,145271,135741,139045,139389,139678,145463,145140,145282,145027,144954,141748,145220,145495,139400,136999,136648,145237,131359,0,)
    num_async_commits:            6.75543e+06 (145789,146558,141321,146287,146226,140496,141243,140816,146836,140249,140895,135960,139428,146356,140793,141991,137681,135327,141910,146521,141844,145920,146342,142489,142171,142211,141782,138463,142619,133983,142289,133032,136134,136578,136885,142454,142098,142293,142100,142031,138910,142197,142518,136498,134133,133923,142231,128617,0,)
    num_aborts:                   50927 (3,1039,647,1292,1091,602,275,542,28,10,516,113,37,1045,437,113,125,112,424,1312,31,1228,182,2914,2708,2906,2312,329,1430,270,3045,411,644,258,292,2458,2892,2996,2761,2987,393,2647,1189,663,16,521,2667,14,0,)
    num_aborts_logging:           0 (0,0,0,0,0,0,0,0,0,0,0,0,0,0,0,0,0,0,0,0,0,0,0,0,0,0,0,0,0,0,0,0,0,0,0,0,0,0,0,0,0,0,0,0,0,0,0,0,0,)
    num_log_records:              0 (0,0,0,0,0,0,0,0,0,0,0,0,0,0,0,0,0,0,0,0,0,0,0,0,0,0,0,0,0,0,0,0,0,0,0,0,0,0,0,0,0,0,0,0,0,0,0,0,0,)
    log_data:                     0 (0,0,0,0,0,0,0,0,0,0,0,0,0,0,0,0,0,0,0,0,0,0,0,0,0,0,0,0,0,0,0,0,0,0,0,0,0,0,0,0,0,0,0,0,0,0,0,0,0,)
    num_latency_count:            6.75543e+06 (145789,146558,141321,146287,146226,140496,141243,140816,146836,140249,140895,135960,139428,146356,140793,141991,137681,135327,141910,146521,141844,145920,146342,142489,142171,142211,141782,138463,142619,133983,142289,133032,136134,136578,136885,142454,142098,142293,142100,142031,138910,142197,142518,136498,134133,133923,142231,128617,0,)
    num_raw_edges:                0 (0,0,0,0,0,0,0,0,0,0,0,0,0,0,0,0,0,0,0,0,0,0,0,0,0,0,0,0,0,0,0,0,0,0,0,0,0,0,0,0,0,0,0,0,0,0,0,0,0,)
    num_waw_edges:                0 (0,0,0,0,0,0,0,0,0,0,0,0,0,0,0,0,0,0,0,0,0,0,0,0,0,0,0,0,0,0,0,0,0,0,0,0,0,0,0,0,0,0,0,0,0,0,0,0,0,)
    num_war_edges:                0 (0,0,0,0,0,0,0,0,0,0,0,0,0,0,0,0,0,0,0,0,0,0,0,0,0,0,0,0,0,0,0,0,0,0,0,0,0,0,0,0,0,0,0,0,0,0,0,0,0,)
    int_num_log:                  6.89895e+06 (149191,149668,144286,149439,149333,143497,144371,143739,150000,143721,143851,138841,142531,149467,143803,144976,140596,138260,144972,149633,144900,149102,149424,145494,145107,145202,144819,141234,145617,136778,145271,135741,139045,139389,139678,145463,145140,145282,145027,144954,141748,145220,145495,139400,136999,136648,145237,131359,0,)
    int_debug_get_next:           0 (0,0,0,0,0,0,0,0,0,0,0,0,0,0,0,0,0,0,0,0,0,0,0,0,0,0,0,0,0,0,0,0,0,0,0,0,0,0,0,0,0,0,0,0,0,0,0,0,0,)
    int_debug1:                   0 (0,0,0,0,0,0,0,0,0,0,0,0,0,0,0,0,0,0,0,0,0,0,0,0,0,0,0,0,0,0,0,0,0,0,0,0,0,0,0,0,0,0,0,0,0,0,0,0,0,)
    int_debug2:                   2.38717e+09 (0,0,0,0,0,0,0,0,0,0,0,0,0,0,0,0,0,0,0,0,0,0,0,0,0,0,0,0,0,0,0,0,0,0,0,0,0,0,0,0,0,0,0,0,0,0,0,0,2387173888,)
    int_debug3:                   2288 (0,0,0,0,0,0,0,0,0,0,0,0,0,0,0,0,0,0,0,0,0,0,0,0,0,0,0,0,0,0,0,0,0,0,0,0,0,0,0,0,0,0,0,0,0,0,0,0,2288,)
    int_debug4:                   1.38484e+08 (2010381,2847084,3107635,3056564,3249833,2864176,3155536,2947955,3025205,1986242,2985140,2528752,2784293,2936381,2486215,3012331,2852795,3061422,3342833,2907631,2326809,2729304,3105902,2901434,2933387,3165466,2773371,2872395,3255917,2670407,2855151,3112843,3189582,2768723,2626220,2957967,2852832,2825082,3054305,3081471,2978488,2915215,2938175,3423195,2404198,3427920,2876455,2313461,0,)
    int_debug5:                   9.03504e+07 (1939752,1954855,1880879,1957695,1955196,1880261,1875152,1880355,1949910,1871731,1878947,1813220,1848418,1954798,1878932,1884951,1828719,1799276,1876926,1958779,1883963,1958144,1943032,1925892,1923679,1926380,1918509,1846835,1905983,1781778,1928196,1775252,1821549,1815839,1817746,1920785,1925972,1927768,1924370,1927847,1847299,1922219,1902356,1821383,1784997,1777311,1923310,1703233,0,)
    int_debug6:                   8.15289e+06 (114215,174748,187262,166549,167842,177096,180671,172143,191102,94746,177822,173692,188812,190485,180669,168711,180850,192619,174626,166388,134891,165694,205359,167602,161414,159411,175335,156034,184885,175830,166440,169432,188234,173767,177246,158303,159185,161867,168308,163984,160686,163097,179530,188372,134485,173683,158680,200089,0,)
    int_debug7:                   1.2181e+06 (2716,15308,15678,23296,21200,43939,13465,43257,13876,2125,33854,38113,39534,33884,43293,27706,31097,38530,24923,22200,19648,22239,36916,27944,22225,20528,25008,17140,25845,26010,24526,25713,40366,29452,31368,21211,19401,22856,16990,19454,26702,18577,22188,41072,18683,31702,19739,16604,0,)
    int_debug8:                   0 (0,0,0,0,0,0,0,0,0,0,0,0,0,0,0,0,0,0,0,0,0,0,0,0,0,0,0,0,0,0,0,0,0,0,0,0,0,0,0,0,0,0,0,0,0,0,0,0,0,)
    int_debug9:                   4.85552e+07 (1044668,1051319,1012170,1051916,1050615,1010391,1009702,1010945,1049917,1007432,1010532,975102,995946,1050964,1010271,1014654,984944,968494,1011757,1052713,1014395,1051877,1046035,1032120,1030756,1031720,1028055,992867,1024194,958757,1032805,954701,978948,977192,978142,1029782,1031532,1032449,1030640,1031930,993904,1030361,1022397,979521,960447,956664,1030878,917714,0,)
    int_debug10:                  8.93309e+07 (1090119,1871677,2091199,2013487,2129432,1770213,2154517,1858947,1980712,1103097,1894798,1611149,1701018,1798215,1535681,1930511,1784191,1941437,2287599,1938165,1433118,1761728,1982726,1872126,1905216,2066166,1821511,1887343,2082998,1701635,1901342,2115269,2076824,1709853,1635473,1933425,1899383,1873927,2027356,2047765,1922328,1890745,1921280,2241014,1486735,2287394,1926399,1433612,0,)
    int_psnflush:                 0 (0,0,0,0,0,0,0,0,0,0,0,0,0,0,0,0,0,0,0,0,0,0,0,0,0,0,0,0,0,0,0,0,0,0,0,0,0,0,0,0,0,0,0,0,0,0,0,0,0,)
    int_flush_time_interval:      0 (0,0,0,0,0,0,0,0,0,0,0,0,0,0,0,0,0,0,0,0,0,0,0,0,0,0,0,0,0,0,0,0,0,0,0,0,0,0,0,0,0,0,0,0,0,0,0,0,0,)
    int_flush_half_full:          2287 (0,0,0,0,0,0,0,0,0,0,0,0,0,0,0,0,0,0,0,0,0,0,0,0,0,0,0,0,0,0,0,0,0,0,0,0,0,0,0,0,0,0,0,0,0,0,0,0,2287,)
    int_rec_fail_to_insert:       0 (0,0,0,0,0,0,0,0,0,0,0,0,0,0,0,0,0,0,0,0,0,0,0,0,0,0,0,0,0,0,0,0,0,0,0,0,0,0,0,0,0,0,0,0,0,0,0,0,0,)
    int_num_get_row:              9.02999e+07 (1939749,1953829,1880236,1956418,1954116,1879661,1874881,1879815,1949882,1871721,1878432,1813109,1848381,1953766,1878499,1884838,1828595,1799164,1876504,1957485,1883932,1956925,1942851,1922994,1920988,1923497,1916216,1846509,1904570,1781509,1925172,1774845,1820911,1815581,1817456,1918350,1923106,1924791,1921626,1924883,1846909,1919597,1901178,1820724,1784981,1776793,1920657,1703219,0,)
    int_locktable_volume:         1.8187e+08 (2073642,3888500,4564978,3912472,3858916,3777335,4589890,3779743,3810021,2084243,3767680,3634591,3684838,4026363,3769486,3755927,3653047,4377571,4603129,3920971,2959946,3861057,3804450,3850786,3855115,3841509,3810802,3683969,3918935,3540322,3832095,4300490,4462298,3634464,3588946,3838719,3861276,3851266,3814126,3856155,3687245,3822187,3903518,4463638,2805490,4310176,3845567,3332327,0,)
    int_aux_bytes:                5.51916e+07 (1193528,1197344,1154288,1195512,1194664,1147976,1154968,1149912,1200000,1149768,1150808,1110728,1140248,1195736,1150424,1159808,1124768,1106080,1159776,1197064,1159200,1192816,1195392,1163952,1160856,1161616,1158552,1129872,1164936,1094224,1162168,1085928,1112360,1115112,1117424,1163704,1161120,1162256,1160216,1159632,1133984,1161760,1163960,1115200,1095992,1093184,1161896,1050872,0,)
    int_nonzero:                  0 (0,0,0,0,0,0,0,0,0,0,0,0,0,0,0,0,0,0,0,0,0,0,0,0,0,0,0,0,0,0,0,0,0,0,0,0,0,0,0,0,0,0,0,0,0,0,0,0,0,)
    num_log_entries:              6.89895e+06 (149191,149668,144286,149439,149333,143497,144371,143739,150000,143721,143851,138841,142531,149467,143803,144976,140596,138260,144972,149633,144900,149102,149424,145494,145107,145202,144819,141234,145617,136778,145271,135741,139045,139389,139678,145463,145140,145282,145027,144954,141748,145220,145495,139400,136999,136648,145237,131359,0,)
    time_ts_alloc:                0 -nan -nan% 0 (0,0,0,0,0,0,0,0,0,0,0,0,0,0,0,0,0,0,0,0,0,0,0,0,0,0,0,0,0,0,0,0,0,0,0,0,0,0,0,0,0,0,0,0,0,0,0,0,0,)
    time_man:                     160.439 3.34249 172.203% 23255.6 (3.16858,3.37789,3.39227,3.36019,3.3668,3.39229,3.37529,3.39171,3.33595,3.40352,3.36977,3.38479,3.39416,3.31989,3.36968,3.3582,3.37568,3.38198,3.35877,3.34946,3.35954,3.337,3.32092,3.3037,3.32903,3.33242,3.31134,3.34067,3.28885,3.34443,3.31624,3.3576,3.33579,3.34992,3.3503,3.32024,3.32168,3.32948,3.32268,3.31968,3.33762,3.3151,3.30248,3.34855,3.34325,3.35357,3.32083,3.29962,0,)
    time_cleanup:                 29.3451 0.611355 31.4967% 4253.55 (0.523713,0.616515,0.621281,0.622087,0.624478,0.615861,0.635669,0.630646,0.584318,0.508325,0.603037,0.604686,0.619915,0.629083,0.609867,0.617698,0.621187,0.628685,0.657323,0.610452,0.574139,0.620057,0.589715,0.632795,0.612931,0.608021,0.58664,0.61168,0.61652,0.589884,0.618441,0.638763,0.640008,0.594954,0.593235,0.615935,0.628892,0.632616,0.607681,0.627633,0.601752,0.606772,0.619312,0.636896,0.574191,0.650898,0.62451,0.605355,0,)
    time_txn:                     0 -nan -nan% 0 (0,0,0,0,0,0,0,0,0,0,0,0,0,0,0,0,0,0,0,0,0,0,0,0,0,0,0,0,0,0,0,0,0,0,0,0,0,0,0,0,0,0,0,0,0,0,0,0,0,)
    time_index:                   3.50932 0.0731109 3.76664% 508.675 (0.142207,0.0715146,0.0712458,0.0784059,0.0734326,0.0717166,0.0715145,0.07059,0.0740719,0.0645971,0.0705735,0.0688109,0.0707664,0.0739149,0.0703892,0.0710036,0.0691375,0.0693736,0.0718456,0.0719223,0.0686327,0.0730451,0.0734387,0.091587,0.0700488,0.0710081,0.0730079,0.068704,0.0723159,0.0672945,0.0713531,0.0661269,0.0688665,0.067601,0.0689788,0.0708156,0.0708026,0.070311,0.0717857,0.0705262,0.0695524,0.0719365,0.0710348,0.0691202,0.0664377,0.0672143,0.0710546,0.0996914,0,)
    time_log:                     0.307933 0.00641526 0.330511% 44.6347 (0.00581152,0.00574685,0.0063182,0.00579779,0.00652384,0.00636806,0.00608222,0.00550112,0.00541103,0.00503094,0.00584173,0.00600884,0.00589779,0.00689901,0.00599153,0.00675134,0.00520791,0.00612936,0.00631524,0.0062062,0.00650464,0.00644797,0.00607793,0.00657395,0.00605477,0.00692112,0.00585033,0.00710935,0.00669939,0.00515006,0.00686384,0.00920608,0.00534838,0.00669052,0.00590039,0.00673821,0.00907428,0.00695891,0.00604858,0.00651182,0.00630162,0.00962488,0.00711929,0.00663811,0.00633307,0.0064066,0.00656061,0.00637743,0,)
    time_io:                      1.85729 1.85729 95.6869% 269.214 (0,0,0,0,0,0,0,0,0,0,0,0,0,0,0,0,0,0,0,0,0,0,0,0,0,0,0,0,0,0,0,0,0,0,0,0,0,0,0,0,0,0,0,0,0,0,0,0,1.85729,)
    time_wait_io:                 0 -nan -nan% 0 (0,0,0,0,0,0,0,0,0,0,0,0,0,0,0,0,0,0,0,0,0,0,0,0,0,0,0,0,0,0,0,0,0,0,0,0,0,0,0,0,0,0,0,0,0,0,0,0,0,)
    time_phase1_add_graph:        0 -nan -nan% 0 (0,0,0,0,0,0,0,0,0,0,0,0,0,0,0,0,0,0,0,0,0,0,0,0,0,0,0,0,0,0,0,0,0,0,0,0,0,0,0,0,0,0,0,0,0,0,0,0,0,)
    time_recover_txn:             0 -nan -nan% 0 (0,0,0,0,0,0,0,0,0,0,0,0,0,0,0,0,0,0,0,0,0,0,0,0,0,0,0,0,0,0,0,0,0,0,0,0,0,0,0,0,0,0,0,0,0,0,0,0,0,)
    time_lv_overhead:             4.96986 0.103539 5.33426% 720.379 (0.0671237,0.113236,0.110556,0.101551,0.112072,0.0975812,0.110259,0.104797,0.113429,0.0901329,0.0988176,0.0997388,0.10032,0.0996436,0.0968752,0.104384,0.105166,0.0974173,0.103819,0.103129,0.0978748,0.101234,0.103411,0.110164,0.109017,0.10586,0.104074,0.112179,0.103562,0.10914,0.104621,0.102687,0.0968535,0.112505,0.108209,0.104155,0.103132,0.106347,0.105291,0.109135,0.103273,0.107897,0.0979429,0.0964986,0.099094,0.0983139,0.106013,0.121323,0,)
    time_state_malloc:            0 -nan -nan% 0 (0,0,0,0,0,0,0,0,0,0,0,0,0,0,0,0,0,0,0,0,0,0,0,0,0,0,0,0,0,0,0,0,0,0,0,0,0,0,0,0,0,0,0,0,0,0,0,0,0,)
    time_phase1_1:                22.8358 0.475746 24.5102% 3310.04 (0.501344,0.467787,0.499302,0.512288,0.481732,0.471375,0.492333,0.473666,0.42662,0.353776,0.457496,0.465518,0.47316,0.49661,0.488586,0.453609,0.468803,0.527254,0.483649,0.475092,0.445334,0.461552,0.450761,0.48095,0.473268,0.488362,0.470764,0.470508,0.499425,0.485318,0.507343,0.480502,0.525675,0.481741,0.480348,0.480516,0.47834,0.475879,0.475526,0.47043,0.481477,0.46456,0.481798,0.513184,0.445768,0.490218,0.465713,0.440564,0,)
    time_phase1_2:                7.87041 0.163967 8.4475% 1140.81 (0.194968,0.160716,0.161581,0.158552,0.160475,0.15868,0.169052,0.160383,0.17463,0.160606,0.157336,0.166205,0.161095,0.168544,0.159279,0.16725,0.163097,0.166703,0.160799,0.159885,0.16927,0.160782,0.173458,0.166683,0.158661,0.154648,0.156319,0.166394,0.172442,0.162528,0.15733,0.16317,0.161619,0.162673,0.162813,0.155119,0.162958,0.158337,0.159707,0.152856,0.165828,0.158469,0.176713,0.163764,0.170575,0.159468,0.155022,0.19297,0,)
    time_phase2:                  25.758 0.536624 27.6466% 3733.61 (0.683688,0.514372,0.503463,0.502557,0.499862,0.499103,0.569332,0.509967,0.562176,0.520471,0.54394,0.535845,0.512593,0.615132,0.513439,0.525399,0.519137,0.531856,0.531185,0.507376,0.530505,0.496657,0.549832,0.490145,0.525083,0.51229,0.578864,0.538537,0.690144,0.528247,0.510686,0.519992,0.549539,0.518014,0.517595,0.493084,0.516297,0.503087,0.577338,0.495419,0.543075,0.513226,0.711135,0.567248,0.528675,0.508128,0.489406,0.554828,0,)
    time_phase3:                  12.2457 0.255119 13.1436% 1775.01 (0.236886,0.228213,0.227865,0.233849,0.233484,0.22717,0.227249,0.224958,0.238904,0.222357,0.22924,0.2387,0.224696,0.249013,0.240449,0.242346,0.240288,0.238577,0.24513,0.247865,0.24341,0.25081,0.257122,0.27318,0.273214,0.273645,0.278832,0.26991,0.28289,0.265526,0.278815,0.262549,0.267723,0.266422,0.271019,0.276731,0.275188,0.275587,0.275749,0.275759,0.271473,0.275936,0.274787,0.267171,0.262771,0.264092,0.27832,0.259856,0,)
    time_phase1_1_raw:            90.6743 1.88905 97.3228% 13143.2 (1.60386,1.94224,1.91794,1.85836,1.94409,1.96775,1.82665,1.94299,1.92873,2.20212,1.91851,1.92941,1.91739,1.70784,1.89017,1.93856,1.91387,1.80785,1.86848,1.94563,1.9675,1.9545,1.89804,1.87761,1.90972,1.90912,1.87814,1.90126,1.64277,1.92247,1.85558,1.90124,1.80105,1.91656,1.90475,1.91558,1.89908,1.89261,1.86101,1.9394,1.87883,1.9414,1.65866,1.80344,1.97787,1.88945,1.9437,1.86048,0,)
    time_phase1_2_raw:            1.00328 0.0209016 1.07684% 145.424 (0.0197987,0.0208027,0.0200794,0.0209491,0.0211187,0.0202097,0.0201766,0.0202406,0.0208565,0.0191927,0.0203431,0.0195889,0.0200779,0.0208069,0.0201624,0.0205539,0.0195868,0.0195123,0.0201424,0.0208846,0.0204158,0.0208931,0.0208007,0.0216007,0.0215356,0.0217622,0.0222423,0.0210377,0.0218024,0.0204003,0.0218075,0.0203091,0.0208477,0.0208174,0.0208246,0.0217951,0.021976,0.0217142,0.0218796,0.0217331,0.0211395,0.0218446,0.0215581,0.0207969,0.0206623,0.0204256,0.0219197,0.0236499,0,)
    time_phase2_raw:              0.537819 0.0112046 0.577254% 77.9567 (0.0103361,0.0110989,0.0107512,0.0112464,0.011349,0.0108646,0.0108182,0.0108386,0.010982,0.0100869,0.0109263,0.0103991,0.0108317,0.0113074,0.010755,0.010699,0.0105109,0.0103001,0.0108577,0.0112133,0.0104951,0.0112855,0.0110653,0.0117284,0.0116717,0.0117361,0.0120298,0.0111809,0.0118029,0.0110177,0.0119406,0.0109208,0.0113286,0.0112468,0.0110421,0.0118479,0.0119739,0.0118756,0.0119149,0.0117948,0.0111782,0.0118395,0.0115671,0.0111804,0.0108926,0.0110497,0.011844,0.0121963,0,)
    time_phase3_raw:              0 -nan -nan% 0 (0,0,0,0,0,0,0,0,0,0,0,0,0,0,0,0,0,0,0,0,0,0,0,0,0,0,0,0,0,0,0,0,0,0,0,0,0,0,0,0,0,0,0,0,0,0,0,0,0,)
    time_recover_full:            0 -nan -nan% 0 (0,0,0,0,0,0,0,0,0,0,0,0,0,0,0,0,0,0,0,0,0,0,0,0,0,0,0,0,0,0,0,0,0,0,0,0,0,0,0,0,0,0,0,0,0,0,0,0,0,)
    time_recover1:                0 -nan -nan% 0 (0,0,0,0,0,0,0,0,0,0,0,0,0,0,0,0,0,0,0,0,0,0,0,0,0,0,0,0,0,0,0,0,0,0,0,0,0,0,0,0,0,0,0,0,0,0,0,0,0,)
    time_recover2:                0 -nan -nan% 0 (0,0,0,0,0,0,0,0,0,0,0,0,0,0,0,0,0,0,0,0,0,0,0,0,0,0,0,0,0,0,0,0,0,0,0,0,0,0,0,0,0,0,0,0,0,0,0,0,0,)
    time_recover3:                0 -nan -nan% 0 (0,0,0,0,0,0,0,0,0,0,0,0,0,0,0,0,0,0,0,0,0,0,0,0,0,0,0,0,0,0,0,0,0,0,0,0,0,0,0,0,0,0,0,0,0,0,0,0,0,)
    time_recover4:                0 -nan -nan% 0 (0,0,0,0,0,0,0,0,0,0,0,0,0,0,0,0,0,0,0,0,0,0,0,0,0,0,0,0,0,0,0,0,0,0,0,0,0,0,0,0,0,0,0,0,0,0,0,0,0,)
    time_recover5:                0 -nan -nan% 0 (0,0,0,0,0,0,0,0,0,0,0,0,0,0,0,0,0,0,0,0,0,0,0,0,0,0,0,0,0,0,0,0,0,0,0,0,0,0,0,0,0,0,0,0,0,0,0,0,0,)
    time_recover6:                0 -nan -nan% 0 (0,0,0,0,0,0,0,0,0,0,0,0,0,0,0,0,0,0,0,0,0,0,0,0,0,0,0,0,0,0,0,0,0,0,0,0,0,0,0,0,0,0,0,0,0,0,0,0,0,)
    time_recover7:                0 -nan -nan% 0 (0,0,0,0,0,0,0,0,0,0,0,0,0,0,0,0,0,0,0,0,0,0,0,0,0,0,0,0,0,0,0,0,0,0,0,0,0,0,0,0,0,0,0,0,0,0,0,0,0,)
    time_recover8:                0 -nan -nan% 0 (0,0,0,0,0,0,0,0,0,0,0,0,0,0,0,0,0,0,0,0,0,0,0,0,0,0,0,0,0,0,0,0,0,0,0,0,0,0,0,0,0,0,0,0,0,0,0,0,0,)
    time_debug_get_next:          0 -nan -nan% 0 (0,0,0,0,0,0,0,0,0,0,0,0,0,0,0,0,0,0,0,0,0,0,0,0,0,0,0,0,0,0,0,0,0,0,0,0,0,0,0,0,0,0,0,0,0,0,0,0,0,)
    time_debug0:                  30.5279 0.635997 32.7663% 4425 (0.624695,0.655126,0.634695,0.613357,0.631246,0.645991,0.615577,0.654713,0.640805,0.74488,0.649377,0.656036,0.618796,0.599079,0.654195,0.675694,0.662263,0.635191,0.637095,0.639531,0.676747,0.652924,0.637008,0.602264,0.619804,0.643177,0.606009,0.657223,0.590298,0.666874,0.6196,0.649251,0.63354,0.653893,0.64707,0.619363,0.635609,0.60317,0.601894,0.643731,0.638882,0.627323,0.59884,0.608376,0.681398,0.638633,0.619689,0.566939,0,)
    time_debug1:                  80.3734 1.67445 86.2667% 11650.1 (1.77046,1.68633,1.70498,1.70766,1.71934,1.64264,1.71317,1.61476,1.75281,1.89887,1.77541,1.68404,1.69043,1.57789,1.58583,1.64715,1.62583,1.58166,1.6202,1.71046,1.76219,1.65179,1.65223,1.61843,1.67515,1.69882,1.7414,1.67745,1.67327,1.65053,1.65177,1.66321,1.59218,1.67881,1.64809,1.66566,1.68874,1.671,1.74555,1.68415,1.6628,1.72664,1.70624,1.60084,1.71619,1.62952,1.69139,1.43941,0,)
    time_debug2:                  5.99279 0.12485 6.43221% 868.653 (0.0909842,0.128119,0.131502,0.117152,0.125739,0.131267,0.130332,0.133908,0.135227,0.106653,0.124808,0.126102,0.14597,0.13312,0.133125,0.122177,0.13214,0.139276,0.126181,0.117744,0.108226,0.116887,0.135743,0.133837,0.122221,0.115082,0.117133,0.12577,0.121956,0.132618,0.117943,0.127666,0.133379,0.135404,0.133874,0.115137,0.113225,0.127735,0.112201,0.120285,0.119226,0.119068,0.115833,0.132238,0.113021,0.124567,0.117065,0.153928,0,)
    time_debug3:                  7.07192 0.147332 7.59046% 1025.07 (0.00517598,0.136869,0.150464,0.156607,0.117886,0.207557,0.136018,0.214037,0.0628322,0.00372161,0.077966,0.165611,0.178156,0.230298,0.244925,0.150517,0.194216,0.24626,0.175005,0.128121,0.0860393,0.151402,0.150258,0.170804,0.147535,0.111603,0.112407,0.121081,0.131847,0.158509,0.163061,0.13677,0.191872,0.142842,0.169491,0.150592,0.107345,0.15128,0.109619,0.0945587,0.159771,0.0895679,0.108291,0.218765,0.10975,0.168241,0.11437,0.362012,0,)
    time_debug4:                  29.7005 0.618761 31.8783% 4305.08 (0.569899,0.631589,0.634304,0.635506,0.647385,0.626332,0.652499,0.636352,0.615229,0.582653,0.648842,0.638385,0.599476,0.617928,0.609386,0.623482,0.61234,0.612634,0.653601,0.634505,0.645728,0.615526,0.573146,0.593209,0.616374,0.619061,0.608766,0.63273,0.626986,0.617177,0.609994,0.633821,0.604259,0.618114,0.609685,0.626773,0.623057,0.615487,0.631635,0.603756,0.613459,0.61695,0.637535,0.625349,0.625225,0.623336,0.619942,0.531116,0,)
    time_debug5:                  0.260417 0.00542534 0.279511% 37.7473 (0.00530041,0.00546251,0.00525628,0.00545836,0.00552173,0.00527488,0.00526195,0.00527197,0.00559676,0.00518518,0.00535653,0.00510375,0.00534048,0.00537385,0.00517932,0.00529121,0.00523969,0.00535494,0.00539632,0.00555598,0.0053655,0.00540452,0.00543761,0.00571842,0.00546842,0.00553867,0.00560722,0.00539723,0.00560112,0.00524095,0.00564895,0.00527133,0.00538829,0.0053934,0.00532672,0.00564347,0.00553582,0.00554631,0.00556583,0.0056402,0.00543661,0.00567254,0.00546778,0.0054161,0.00534912,0.00535794,0.00560081,0.0055935,0,)
    time_debug6:                  0 -nan -nan% 0 (0,0,0,0,0,0,0,0,0,0,0,0,0,0,0,0,0,0,0,0,0,0,0,0,0,0,0,0,0,0,0,0,0,0,0,0,0,0,0,0,0,0,0,0,0,0,0,0,0,)
    time_debug7:                  18.5557 0.386577 19.9163% 2689.64 (0.501282,0.390975,0.344579,0.406292,0.412826,0.369969,0.364144,0.383302,0.402875,0.497114,0.384589,0.391083,0.360061,0.375979,0.361808,0.397718,0.371898,0.342719,0.362185,0.398775,0.448922,0.390294,0.369883,0.366417,0.388864,0.386474,0.377968,0.40461,0.395233,0.374624,0.370676,0.364227,0.342206,0.370838,0.370798,0.392227,0.394132,0.38378,0.398903,0.380482,0.389535,0.394974,0.406778,0.344119,0.445203,0.357216,0.386252,0.3399,0,)
    time_debug8:                  3.04791 0.063498 3.27139% 441.793 (0.0372431,0.061126,0.0672838,0.0562128,0.0639871,0.0629401,0.0736427,0.060551,0.0450615,0.0360456,0.0570261,0.0621149,0.055192,0.0588211,0.0575979,0.0583177,0.061759,0.0595599,0.0733512,0.062489,0.0497018,0.0647666,0.0460319,0.0619936,0.0681509,0.0719434,0.0666782,0.069149,0.067983,0.0731923,0.070621,0.0828943,0.0812144,0.0654331,0.0632172,0.0671298,0.0731516,0.0609462,0.0665762,0.0715705,0.0656798,0.0664113,0.0711713,0.0784313,0.0583974,0.0769772,0.0748143,0.0433556,0,)
    time_debug9:                  2.82108 0.0587726 3.02794% 408.915 (0.0361462,0.0568218,0.0639684,0.0593212,0.0607612,0.0605603,0.0618902,0.0633727,0.0516742,0.0362809,0.0604978,0.058902,0.0558103,0.0580634,0.0556731,0.0571156,0.058004,0.0632823,0.0674822,0.0588904,0.0499879,0.054552,0.0518392,0.0601832,0.0599855,0.0615595,0.0601066,0.0579097,0.0637178,0.0593288,0.0615491,0.0631803,0.0685829,0.0591934,0.0598499,0.0626095,0.0614339,0.0585274,0.0619475,0.0605857,0.0588263,0.0614169,0.0613152,0.0670639,0.0498677,0.0674652,0.0605699,0.0534102,0,)
    time_debug10:                 0 -nan -nan% 0 (0,0,0,0,0,0,0,0,0,0,0,0,0,0,0,0,0,0,0,0,0,0,0,0,0,0,0,0,0,0,0,0,0,0,0,0,0,0,0,0,0,0,0,0,0,0,0,0,0,)
    time_debug11:                 30.1819 0.62879 32.395% 4374.86 (0.744518,0.634691,0.645499,0.678938,0.622924,0.632036,0.661009,0.643679,0.599317,0.50456,0.651821,0.611084,0.6527,0.701361,0.652246,0.614709,0.636427,0.67104,0.649817,0.608521,0.598623,0.626221,0.606286,0.640773,0.610552,0.626013,0.606485,0.592297,0.664301,0.606544,0.637375,0.621839,0.638939,0.618441,0.624634,0.638055,0.613913,0.632282,0.612017,0.604252,0.609661,0.599613,0.646051,0.639758,0.572461,0.640151,0.621068,0.616417,0,)
    time_debug12:                 174.349 3.63226 187.133% 25271.8 (3.51872,3.62585,3.61527,3.58422,3.63865,3.6312,3.59963,3.61986,3.65332,3.7581,3.60374,3.65061,3.60972,3.56002,3.60913,3.64682,3.62521,3.59105,3.61152,3.65197,3.66294,3.63464,3.65664,3.61986,3.65023,3.63499,3.65432,3.66859,3.59658,3.65444,3.62308,3.63913,3.62277,3.64352,3.63745,3.62308,3.64606,3.62767,3.64919,3.65578,3.65205,3.66176,3.61465,3.62323,3.6888,3.62172,3.63851,3.64243,0,)
    time_debug13:                 0 -nan -nan% 0 (0,0,0,0,0,0,0,0,0,0,0,0,0,0,0,0,0,0,0,0,0,0,0,0,0,0,0,0,0,0,0,0,0,0,0,0,0,0,0,0,0,0,0,0,0,0,0,0,0,)
    time_debug14:                 0 -nan -nan% 0 (0,0,0,0,0,0,0,0,0,0,0,0,0,0,0,0,0,0,0,0,0,0,0,0,0,0,0,0,0,0,0,0,0,0,0,0,0,0,0,0,0,0,0,0,0,0,0,0,0,)
    time_debug15:                 0 -nan -nan% 0 (0,0,0,0,0,0,0,0,0,0,0,0,0,0,0,0,0,0,0,0,0,0,0,0,0,0,0,0,0,0,0,0,0,0,0,0,0,0,0,0,0,0,0,0,0,0,0,0,0,)
    time_rec_loop_tryRead:        0 -nan -nan% 0 (0,0,0,0,0,0,0,0,0,0,0,0,0,0,0,0,0,0,0,0,0,0,0,0,0,0,0,0,0,0,0,0,0,0,0,0,0,0,0,0,0,0,0,0,0,0,0,0,0,)
    time_rec_finding_empty_slot:  0 -nan -nan% 0 (0,0,0,0,0,0,0,0,0,0,0,0,0,0,0,0,0,0,0,0,0,0,0,0,0,0,0,0,0,0,0,0,0,0,0,0,0,0,0,0,0,0,0,0,0,0,0,0,0,)
    time_silo_validate1:          0 -nan -nan% 0 (0,0,0,0,0,0,0,0,0,0,0,0,0,0,0,0,0,0,0,0,0,0,0,0,0,0,0,0,0,0,0,0,0,0,0,0,0,0,0,0,0,0,0,0,0,0,0,0,0,)
    time_silo_validate2:          0 -nan -nan% 0 (0,0,0,0,0,0,0,0,0,0,0,0,0,0,0,0,0,0,0,0,0,0,0,0,0,0,0,0,0,0,0,0,0,0,0,0,0,0,0,0,0,0,0,0,0,0,0,0,0,)
    time_silo_validate3:          0 -nan -nan% 0 (0,0,0,0,0,0,0,0,0,0,0,0,0,0,0,0,0,0,0,0,0,0,0,0,0,0,0,0,0,0,0,0,0,0,0,0,0,0,0,0,0,0,0,0,0,0,0,0,0,)
    time_silo_validate4:          0 -nan -nan% 0 (0,0,0,0,0,0,0,0,0,0,0,0,0,0,0,0,0,0,0,0,0,0,0,0,0,0,0,0,0,0,0,0,0,0,0,0,0,0,0,0,0,0,0,0,0,0,0,0,0,)
    time_silo_validate5:          0 -nan -nan% 0 (0,0,0,0,0,0,0,0,0,0,0,0,0,0,0,0,0,0,0,0,0,0,0,0,0,0,0,0,0,0,0,0,0,0,0,0,0,0,0,0,0,0,0,0,0,0,0,0,0,)
    time_silo_validate6:          0 -nan -nan% 0 (0,0,0,0,0,0,0,0,0,0,0,0,0,0,0,0,0,0,0,0,0,0,0,0,0,0,0,0,0,0,0,0,0,0,0,0,0,0,0,0,0,0,0,0,0,0,0,0,0,)
    time_silo_validate7:          0 -nan -nan% 0 (0,0,0,0,0,0,0,0,0,0,0,0,0,0,0,0,0,0,0,0,0,0,0,0,0,0,0,0,0,0,0,0,0,0,0,0,0,0,0,0,0,0,0,0,0,0,0,0,0,)
    time_silo_validate8:          0 -nan -nan% 0 (0,0,0,0,0,0,0,0,0,0,0,0,0,0,0,0,0,0,0,0,0,0,0,0,0,0,0,0,0,0,0,0,0,0,0,0,0,0,0,0,0,0,0,0,0,0,0,0,0,)
    time_silo_validate9:          0 -nan -nan% 0 (0,0,0,0,0,0,0,0,0,0,0,0,0,0,0,0,0,0,0,0,0,0,0,0,0,0,0,0,0,0,0,0,0,0,0,0,0,0,0,0,0,0,0,0,0,0,0,0,0,)
    time_locktable_get:           125.924 2.62342 135.157% 18252.7 (2.52978,2.6474,2.66095,2.63606,2.636,2.66667,2.63446,2.65679,2.63224,2.7911,2.66762,2.66978,2.67189,2.58187,2.65716,2.63485,2.65285,2.64022,2.59831,2.637,2.67206,2.61382,2.61569,2.56836,2.60737,2.6119,2.62013,2.62253,2.56015,2.64855,2.59562,2.61659,2.59229,2.65128,2.63902,2.59381,2.58818,2.59611,2.61291,2.58662,2.62187,2.60577,2.57177,2.60177,2.65975,2.60085,2.58581,2.56067,0,)
    time_locktable_get_validation:0 -nan -nan% 0 (0,0,0,0,0,0,0,0,0,0,0,0,0,0,0,0,0,0,0,0,0,0,0,0,0,0,0,0,0,0,0,0,0,0,0,0,0,0,0,0,0,0,0,0,0,0,0,0,0,)
    time_locktable_release:       7.22697 0.150562 7.75687% 1047.55 (0.0997382,0.145983,0.158463,0.14343,0.152823,0.151542,0.163115,0.151042,0.125028,0.0975737,0.1446,0.147242,0.138725,0.144794,0.140766,0.142676,0.146327,0.149122,0.169419,0.149417,0.12725,0.147413,0.125631,0.151457,0.157612,0.162681,0.156138,0.15555,0.162002,0.160321,0.161645,0.173756,0.178601,0.152541,0.151316,0.159187,0.163936,0.148576,0.158762,0.161511,0.153046,0.157041,0.161862,0.174154,0.13574,0.172247,0.164763,0.130403,0,)
    time_get_row_before:          3.52421 0.0734211 3.78262% 510.833 (0.0821326,0.0727211,0.0695407,0.071964,0.0703392,0.0708781,0.075055,0.0713127,0.0802253,0.0760809,0.0694694,0.0742376,0.0710528,0.0779848,0.0715792,0.0728812,0.072869,0.0736624,0.0708047,0.0714645,0.0767735,0.0728505,0.0799796,0.070681,0.0736671,0.070778,0.0721684,0.0738608,0.0801102,0.0746142,0.0710891,0.0723005,0.0736913,0.0726664,0.0720214,0.0718602,0.0728837,0.0696196,0.0705769,0.069947,0.0741157,0.0711918,0.0795341,0.0724581,0.0772826,0.0712215,0.0707912,0.0792229,0,)
    time_get_row_after:           8.82303 0.183813 9.46997% 1278.9 (0.185019,0.187329,0.184843,0.188259,0.189627,0.183513,0.17999,0.183768,0.188298,0.177481,0.18412,0.178415,0.180502,0.189704,0.182695,0.185359,0.177211,0.179922,0.183471,0.185868,0.18309,0.188452,0.190304,0.183138,0.184288,0.187549,0.186482,0.177781,0.187573,0.176554,0.188666,0.174829,0.178442,0.177603,0.18033,0.189475,0.185217,0.181292,0.185465,0.189532,0.182534,0.187373,0.185913,0.177234,0.177498,0.176454,0.187612,0.196959,0,)
    time_log_create:              0.214998 0.00447913 0.230762% 31.1639 (0.00433049,0.00471692,0.00418663,0.00429789,0.00477808,0.00414319,0.00422061,0.00438489,0.00440992,0.00410582,0.00429855,0.00406302,0.00427355,0.00435414,0.00465459,0.0041563,0.00521071,0.00401933,0.00463817,0.00413157,0.00422731,0.00425873,0.00458324,0.00458438,0.00513382,0.00453757,0.00453601,0.00438531,0.00444878,0.00416333,0.00445346,0.00405025,0.00438794,0.00439487,0.00446846,0.00451591,0.00448359,0.00550495,0.00458081,0.00454835,0.0049786,0.0043088,0.00455337,0.00437284,0.00431016,0.00423433,0.00453026,0.00608826,0,)
    time_log_serialLogTxn:        19.9006 0.414596 21.3598% 2884.58 (0.37994,0.424715,0.418073,0.432209,0.424522,0.419291,0.42775,0.435155,0.414055,0.369078,0.41376,0.41447,0.435847,0.437644,0.424651,0.429852,0.430785,0.436057,0.441877,0.41532,0.40227,0.426745,0.418446,0.433071,0.408083,0.397346,0.383373,0.409535,0.406478,0.385912,0.408657,0.417086,0.416575,0.39625,0.396508,0.408743,0.414798,0.435195,0.401565,0.418352,0.401827,0.399118,0.408984,0.416383,0.393523,0.433116,0.411826,0.425786,0,)
    time_cleanup_1:               0.0751177 0.00156495 0.0806256% 10.8883 (0.00151139,0.00156273,0.00151517,0.00159223,0.00160351,0.00150591,0.00155425,0.00154181,0.00155091,0.00143255,0.00151124,0.0014409,0.00150879,0.00159319,0.00149976,0.00150725,0.00149017,0.00144831,0.00154465,0.00155218,0.00148526,0.00154734,0.00158091,0.00167038,0.00160862,0.00164799,0.00165377,0.0015773,0.00164225,0.00153503,0.00166067,0.0015162,0.00155022,0.00153939,0.00155531,0.00163838,0.00164647,0.00162129,0.00165308,0.00165817,0.00159072,0.00163852,0.00164875,0.00154815,0.00151694,0.00156647,0.00166561,0.00148754,0,)
    time_cleanup_2:               0.458856 0.0095595 0.492501% 66.511 (0.00916767,0.00954443,0.00924937,0.0104909,0.00964877,0.00930734,0.00929087,0.00924588,0.00971783,0.00883915,0.00928253,0.00889215,0.00928604,0.00947008,0.0090891,0.00926743,0.00910079,0.00920065,0.00942578,0.00969449,0.00928104,0.00948793,0.00947778,0.0101202,0.00972024,0.00987838,0.00996711,0.00950614,0.00985662,0.00925505,0.00993649,0.00927519,0.00947389,0.00940526,0.00939568,0.00996096,0.00983019,0.00983702,0.00984505,0.0099434,0.0095708,0.00996024,0.00971078,0.00949726,0.00936196,0.00934766,0.00987092,0.0108718,0,)
    time_insideSLT1:              7.97629 0.166173 8.56114% 1156.16 (0.130975,0.175712,0.1747,0.183658,0.175295,0.170991,0.184094,0.188397,0.165445,0.111789,0.16654,0.173105,0.191034,0.188244,0.177272,0.182586,0.177625,0.190199,0.193928,0.171392,0.154645,0.183733,0.170595,0.178527,0.157404,0.1463,0.133862,0.160647,0.156248,0.143269,0.162937,0.174094,0.166917,0.147434,0.147823,0.157815,0.170064,0.184723,0.149626,0.167688,0.151063,0.14862,0.163793,0.167481,0.143826,0.180288,0.161209,0.172678,0,)
    time_insideSLT2:              8.4906 0.176887 9.11316% 1230.71 (0.142052,0.186815,0.181503,0.194719,0.186506,0.182013,0.191105,0.199363,0.176637,0.12175,0.177498,0.179817,0.201617,0.199688,0.188104,0.193695,0.188635,0.200603,0.205137,0.178488,0.165956,0.190813,0.182146,0.191919,0.170309,0.159489,0.146623,0.173525,0.169378,0.150263,0.170468,0.181291,0.179487,0.160015,0.160765,0.17132,0.177555,0.197727,0.162997,0.180999,0.16424,0.162075,0.171442,0.180318,0.1509,0.192263,0.168729,0.181841,0,)
    time_STLother:                0.0799672 0.00166598 0.0858307% 11.5912 (0.00155109,0.00159113,0.00154544,0.00164695,0.00179031,0.00154852,0.00158955,0.00159683,0.00162286,0.00149873,0.00156768,0.00148749,0.00152148,0.0016463,0.00203168,0.00162724,0.00154953,0.00150402,0.00189284,0.00160336,0.0015459,0.00161533,0.00158898,0.00296912,0.00168272,0.00165024,0.0017073,0.00163993,0.00168278,0.00159821,0.00168836,0.00153608,0.00182038,0.00159949,0.00160257,0.00165489,0.00171039,0.0016832,0.00163944,0.00161282,0.00162257,0.00206352,0.00161305,0.00166236,0.00152409,0.00153995,0.00169195,0.00160848,0,)
    time_logging_thread:          4.31199 4.31199 222.152% 625.022 (0,0,0,0,0,0,0,0,0,0,0,0,0,0,0,0,0,0,0,0,0,0,0,0,0,0,0,0,0,0,0,0,0,0,0,0,0,0,0,0,0,0,0,0,0,0,0,0,4.31199,)
    int_serialLogFail:            173416 (3640,3629,3624,3637,3638,3631,3624,3620,3641,3611,3622,3609,3584,3654,3614,3624,3603,3562,3630,3627,3629,3615,3618,3634,3616,3628,3609,3604,3620,3605,3628,3603,3619,3596,3592,3615,3609,3613,3632,3613,3592,3595,3607,3591,3617,3597,3616,3479,0,)
Projected Disk Bandwidth Utilized - avg 1.31804e+09 real 1.31804e+09
Total time measured 570.723
Total wall time observed 572.117
Estimated CPU_FREQ is 2.19464
