NUM_CORES_PER_SLOT=24
NUMA_NODE_NUM=2
HYPER_THREADING_FACTOR=2
Using SIMD
MM_MAX=_mm512_max_epu32
SIMD_PREFIX=__m512i
MAX_LOGGER_NUM_SIMD=16
Running in big-hash-table mode.

Using 1 disks.
g_flush_blocksize=1048576, g_log_buffer_size=524288000
Init parallelism 96
Stats initialized
Global manager initialized
reading schema file: ./benchmarks/TPCC_full_schema.txt
0 0x7f7ea3a5e040 50000000 1
0 0x556714fddf80 500 1
0 0x556714fe0f40 5000 1
0 0x7f7e8e30b040 15000000 1
0 0x7f7e78bb8040 15000000 1
0 0x7f7e3134f040 50000000 1
TPCC schema initialized
TPCC Data Initialization Complete!
workload initialized!
Init time 657.474
Queue Buffer Length7281777
Log Read Size: 419430400
Log buffer size 524288000
log file:		/mnt/dbx1000/logs/TC_log0_1_TPCC_0.500000.data
/mnt/dbx1000/logs/TC_log0_1_TPCC_0.500000.data
Start Initializing Locktable, size 16777216
ltiSize=64
Locktable Initialized, size 16777216, schema table size 15728640
mem_allocator initialized!
Query Queue Init Time 12.407618
query_queue initialized!
Setting logger 0 to CPU node 0
PSN Flush Frequency: 1000
sim_done = 1
sim_done = 19
sim_done = 25
sim_done = 28
sim_done = 32
sim_done = 9
sim_done = 15
sim_done = 10
sim_done = 40
sim_done = 43
sim_done = 23
sim_done = 46
sim_done = 27
sim_done = 9
sim_done = 2
sim_done = 10
sim_done = 33
sim_done = 35
sim_done = 13
sim_done = 18
sim_done = 42
sim_done = 45
sim_done = 8
sim_done = 11
sim_done = 6
sim_done = 17
sim_done = 21
sim_done = 13
sim_done = 31
sim_done = 26
sim_done = 38
sim_done = 36
sim_done = 31
sim_done = 47
sim_done = 45
sim_done = 39
sim_done = 4
sim_done = 22
sim_done = 25
sim_done = 34
sim_done = 37
sim_done = 29
sim_done = 41
sim_done = 3
sim_done = 14
sim_done = 17
sim_done = 48
sim_done = 22
Destructor 0. flush size=107322880 (2284847104 to 2392169984)
PASS! SimTime = 6.69649e+09
=Worker Thread=
    Throughput:                   1.00717e+06
    MaxThr:                       1.00717e+06
    PerThdThr:                    1.02129e+06
    run_time:                     316.919 (6.60399,6.60396,6.6011,6.60158,6.60539,6.60572,6.60202,6.60399,6.60012,6.60005,6.60192,6.59946,6.60102,6.60137,6.60021,6.60227,6.6015,6.60109,6.59962,6.60018,6.60421,6.60161,6.60181,6.59906,6.60473,6.60204,6.59981,6.60357,6.60468,6.60136,6.60492,6.60504,6.60514,6.60263,6.60456,6.60105,6.60309,6.6013,6.60136,6.60251,6.60144,6.60293,6.60212,6.6053,6.60421,6.60413,6.60204,6.60588,0,)
    log_bytes:                    2.39217 (0,0,0,0,0,0,0,0,0,0,0,0,0,0,0,0,0,0,0,0,0,0,0,0,0,0,0,0,0,0,0,0,0,0,0,0,0,0,0,0,0,0,0,0,0,0,0,0,2.39217,)
    log_dep_size:                 0 (0,0,0,0,0,0,0,0,0,0,0,0,0,0,0,0,0,0,0,0,0,0,0,0,0,0,0,0,0,0,0,0,0,0,0,0,0,0,0,0,0,0,0,0,0,0,0,0,0,)
    log_total_size:               1.27347 (0.0262742,0.026071,0.0262317,0.0265102,0.0259726,0.0270266,0.0263999,0.0270021,0.0270313,0.0275266,0.0263771,0.0252439,0.0265253,0.0255515,0.0259928,0.0264855,0.0265281,0.0261377,0.0270254,0.0259827,0.0274431,0.0270438,0.027076,0.0263846,0.0263629,0.0270017,0.0269406,0.0281077,0.0263818,0.026914,0.0261697,0.0254507,0.026151,0.0264269,0.0269347,0.0262772,0.0254961,0.0268666,0.0264026,0.0283638,0.0273449,0.0282227,0.0267196,0.0273855,0.0252396,0.0264219,0.0261437,0.023902,0,)
    latency:                      460154 (9994.89,9471.06,9387.44,9825.07,9424.48,10356.7,9090.22,9870.09,9924.84,9785.67,9378.73,9145.86,9848.82,9313.24,9445.8,9419.7,9901.19,9325.37,9923.64,9423.96,10550.9,9910.32,9606.76,9499.45,9673.95,9308.31,9634.75,10290.8,9726.75,9563.74,9368.1,9092.92,9484.65,9413.25,9243.37,8996.75,9279.08,9871.66,9305.7,10433.9,9704.33,10596.8,9649.47,9828.55,9045.09,9385.74,9489.86,7942.51,0,)

    num_commits:                  6.74306e+06 (139022,138343,138980,140418,137547,142909,139865,142544,143224,146105,139757,133121,140353,135340,138041,140196,140779,138674,143045,137673,145379,143405,143314,140080,139513,142903,142385,149307,139975,143185,138534,135145,138163,139869,142442,138685,135001,142269,139349,150000,144255,149530,141608,144713,133746,139749,138035,126584,0,)
    num_async_commits:            6.43755e+06 (132736,132120,132797,133791,131240,135903,133646,135992,136647,139567,133450,127093,133737,129227,131740,133898,134225,132366,136374,131392,138318,136711,136987,133763,132960,136683,135815,142514,133541,136816,132349,129206,132057,133737,136333,132638,128782,135788,133160,143074,137693,142544,135312,138250,127764,133631,131918,121261,0,)
    num_aborts:                   85883 (11,2729,2748,2028,2762,602,2880,1998,1983,1658,1222,1322,578,1029,2720,1263,2097,2818,1958,2753,617,1915,1639,1752,1695,2874,1700,677,553,1688,1149,2615,2559,2930,2678,1362,1293,1620,1263,662,1705,19,1647,1665,2536,2803,2512,2596,0,)
    num_aborts_logging:           0 (0,0,0,0,0,0,0,0,0,0,0,0,0,0,0,0,0,0,0,0,0,0,0,0,0,0,0,0,0,0,0,0,0,0,0,0,0,0,0,0,0,0,0,0,0,0,0,0,0,)
    num_log_records:              6.74306e+06 (139022,138343,138980,140418,137547,142909,139865,142544,143224,146105,139757,133121,140353,135340,138041,140196,140779,138674,143045,137673,145379,143405,143314,140080,139513,142903,142385,149307,139975,143185,138534,135145,138163,139869,142442,138685,135001,142269,139349,150000,144255,149530,141608,144713,133746,139749,138035,126584,0,)
    log_data:                     0 (0,0,0,0,0,0,0,0,0,0,0,0,0,0,0,0,0,0,0,0,0,0,0,0,0,0,0,0,0,0,0,0,0,0,0,0,0,0,0,0,0,0,0,0,0,0,0,0,0,)
    num_latency_count:            6.43755e+06 (132736,132120,132797,133791,131240,135903,133646,135992,136647,139567,133450,127093,133737,129227,131740,133898,134225,132366,136374,131392,138318,136711,136987,133763,132960,136683,135815,142514,133541,136816,132349,129206,132057,133737,136333,132638,128782,135788,133160,143074,137693,142544,135312,138250,127764,133631,131918,121261,0,)
    num_raw_edges:                0 (0,0,0,0,0,0,0,0,0,0,0,0,0,0,0,0,0,0,0,0,0,0,0,0,0,0,0,0,0,0,0,0,0,0,0,0,0,0,0,0,0,0,0,0,0,0,0,0,0,)
    num_waw_edges:                0 (0,0,0,0,0,0,0,0,0,0,0,0,0,0,0,0,0,0,0,0,0,0,0,0,0,0,0,0,0,0,0,0,0,0,0,0,0,0,0,0,0,0,0,0,0,0,0,0,0,)
    num_war_edges:                0 (0,0,0,0,0,0,0,0,0,0,0,0,0,0,0,0,0,0,0,0,0,0,0,0,0,0,0,0,0,0,0,0,0,0,0,0,0,0,0,0,0,0,0,0,0,0,0,0,0,)
    int_num_log:                  6.74306e+06 (139022,138343,138980,140418,137547,142909,139865,142544,143224,146105,139757,133121,140353,135340,138041,140196,140779,138674,143045,137673,145379,143405,143314,140080,139513,142903,142385,149307,139975,143185,138534,135145,138163,139869,142442,138685,135001,142269,139349,150000,144255,149530,141608,144713,133746,139749,138035,126584,0,)
    int_debug_get_next:           0 (0,0,0,0,0,0,0,0,0,0,0,0,0,0,0,0,0,0,0,0,0,0,0,0,0,0,0,0,0,0,0,0,0,0,0,0,0,0,0,0,0,0,0,0,0,0,0,0,0,)
    int_debug1:                   0 (0,0,0,0,0,0,0,0,0,0,0,0,0,0,0,0,0,0,0,0,0,0,0,0,0,0,0,0,0,0,0,0,0,0,0,0,0,0,0,0,0,0,0,0,0,0,0,0,0,)
    int_debug2:                   2.38798e+09 (0,0,0,0,0,0,0,0,0,0,0,0,0,0,0,0,0,0,0,0,0,0,0,0,0,0,0,0,0,0,0,0,0,0,0,0,0,0,0,0,0,0,0,0,0,0,0,0,2387975680,)
    int_debug3:                   2180 (0,0,0,0,0,0,0,0,0,0,0,0,0,0,0,0,0,0,0,0,0,0,0,0,0,0,0,0,0,0,0,0,0,0,0,0,0,0,0,0,0,0,0,0,0,0,0,0,2180,)
    int_debug4:                   8.68438e+07 (1290277,2249536,1937018,1775896,2348594,1389132,2105514,1649494,1738753,2045768,1935405,1611352,1314647,1515708,1930446,1514778,1607798,2158006,1668109,1700497,1533906,1821975,1698139,1694549,1917822,1934168,1834739,1511488,1473830,1872514,1880782,2426140,2261324,2175771,2141521,1681813,1797514,1814004,1837444,1576307,1658098,1150243,1717181,1883824,2023108,2187010,2079260,1772569,0,)
    int_debug5:                   4.73645e+07 (973053,971629,977614,987376,968392,1002336,984087,1005175,1006175,1023200,979537,938112,983561,948575,968460,983677,987845,974026,1006140,968833,1017868,1006437,1006608,980916,980293,1006878,1001535,1042424,978291,1000497,971814,948338,974945,986093,1003827,976503,947026,998588,980884,1052094,1016840,1045180,993160,1018236,940448,985692,974291,891004,0,)
    int_debug6:                   1.04809e+07 (164243,256127,249547,201652,219561,166083,264509,220193,223984,220927,207521,229671,184820,229783,257147,227433,215165,255808,226098,245328,158943,211898,201460,228905,212163,267601,230219,156889,185722,214031,227791,243863,213051,224677,273318,210004,202980,228924,234055,156320,241571,111394,237930,206216,235412,225296,223724,250981,0,)
    int_debug7:                   2.84671e+06 (63000,51444,63990,61874,66431,69073,53621,57289,50709,50084,48413,42487,59793,44886,48084,50420,52337,57649,58396,48245,61697,57433,63071,63995,61435,52561,53343,67492,64124,67366,70672,58545,56821,55013,60853,66278,68775,61764,66167,69192,60644,74480,70831,59426,63105,63459,63242,46704,0,)
    int_debug8:                   0 (0,0,0,0,0,0,0,0,0,0,0,0,0,0,0,0,0,0,0,0,0,0,0,0,0,0,0,0,0,0,0,0,0,0,0,0,0,0,0,0,0,0,0,0,0,0,0,0,0,)
    int_debug9:                   4.7161e+07 (973001,965447,971412,981777,961847,1000989,977660,1000090,1000944,1019297,976785,935044,982293,946207,962492,980852,982305,967833,1000878,962194,1016333,1001438,1002752,976970,976394,1000098,997794,1040711,976984,996417,969217,942389,968569,978679,997530,973290,944161,994919,977957,1050451,1012901,1045141,989488,1014275,934698,978561,968332,885171,0,)
    int_debug10:                  8.39405e+07 (1249060,2094688,1806162,1750372,2239559,1409251,1991721,1608572,1687581,1977037,1905665,1548661,1327008,1448087,1757137,1442318,1542688,1998888,1625767,1531482,1564471,1789513,1667189,1637754,1890927,1826354,1795112,1528806,1501951,1827497,1852317,2287625,2162720,2080034,2042192,1637457,1773419,1768774,1793860,1596491,1614046,1196698,1690789,1857160,1897647,2091132,1960800,1666058,0,)
    int_psnflush:                 0 (0,0,0,0,0,0,0,0,0,0,0,0,0,0,0,0,0,0,0,0,0,0,0,0,0,0,0,0,0,0,0,0,0,0,0,0,0,0,0,0,0,0,0,0,0,0,0,0,0,)
    int_flush_time_interval:      0 (0,0,0,0,0,0,0,0,0,0,0,0,0,0,0,0,0,0,0,0,0,0,0,0,0,0,0,0,0,0,0,0,0,0,0,0,0,0,0,0,0,0,0,0,0,0,0,0,0,)
    int_flush_half_full:          2179 (0,0,0,0,0,0,0,0,0,0,0,0,0,0,0,0,0,0,0,0,0,0,0,0,0,0,0,0,0,0,0,0,0,0,0,0,0,0,0,0,0,0,0,0,0,0,0,0,2179,)
    int_rec_fail_to_insert:       0 (0,0,0,0,0,0,0,0,0,0,0,0,0,0,0,0,0,0,0,0,0,0,0,0,0,0,0,0,0,0,0,0,0,0,0,0,0,0,0,0,0,0,0,0,0,0,0,0,0,)
    int_num_get_row:              4.72789e+07 (973042,968900,974867,985371,965637,1001734,981213,1003212,1004223,1021544,978317,936792,982986,947549,965748,982417,985764,971209,1004199,966088,1017256,1004540,1004970,979165,978601,1004009,999838,1041748,977739,998811,970669,945727,972394,983173,1001159,975144,945733,996969,979625,1051435,1015137,1045162,991519,1016572,937916,982897,971784,888409,0,)
    int_locktable_volume:         1.20292e+08 (1506785,3134514,3074230,2389681,2991963,1888548,2896455,2468450,2496891,2598628,2387382,2298171,1812225,2351919,3168625,2374466,2509629,3019869,2498120,3027704,1878078,2455512,2483615,2456780,2385694,2972694,2427174,2007639,1768144,2479350,2327316,3073567,3028682,3011260,2952425,2393149,2297302,2472131,2384775,2002017,2448083,1249924,2367590,2423975,2963318,3053548,3063116,2570725,0,)
    int_aux_bytes:                5.39445e+07 (1112176,1106744,1111840,1123344,1100376,1143272,1118920,1140352,1145792,1168840,1118056,1064968,1122824,1082720,1104328,1121568,1126232,1109392,1144360,1101384,1163032,1147240,1146512,1120640,1116104,1143224,1139080,1194456,1119800,1145480,1108272,1081160,1105304,1118952,1139536,1109480,1080008,1138152,1114792,1200000,1154040,1196240,1132864,1157704,1069968,1117992,1104280,1012672,0,)
    int_nonzero:                  0 (0,0,0,0,0,0,0,0,0,0,0,0,0,0,0,0,0,0,0,0,0,0,0,0,0,0,0,0,0,0,0,0,0,0,0,0,0,0,0,0,0,0,0,0,0,0,0,0,0,)
    num_log_entries:              6.74306e+06 (139022,138343,138980,140418,137547,142909,139865,142544,143224,146105,139757,133121,140353,135340,138041,140196,140779,138674,143045,137673,145379,143405,143314,140080,139513,142903,142385,149307,139975,143185,138534,135145,138163,139869,142442,138685,135001,142269,139349,150000,144255,149530,141608,144713,133746,139749,138035,126584,0,)
    time_ts_alloc:                0 -nan -nan% 0 (0,0,0,0,0,0,0,0,0,0,0,0,0,0,0,0,0,0,0,0,0,0,0,0,0,0,0,0,0,0,0,0,0,0,0,0,0,0,0,0,0,0,0,0,0,0,0,0,0,)
    time_man:                     276.827 5.76724 192.169% 41053.7 (5.54086,5.86352,5.79304,5.74752,5.80737,5.7745,5.80013,5.8088,5.78975,5.78079,5.79872,5.66485,5.80457,5.81912,5.81049,5.81774,5.79145,5.7842,5.77276,5.81105,5.76537,5.7835,5.78917,5.75403,5.77325,5.74852,5.74768,5.72137,5.76496,5.75286,5.75876,5.77065,5.74911,5.74447,5.74725,5.78708,5.78393,5.73067,5.77582,5.72512,5.74388,5.73139,5.75787,5.76101,5.7845,5.76186,5.77243,5.75973,0,)
    time_cleanup:                 248.418 5.17538 172.448% 36840.6 (4.91832,5.29944,5.19856,5.14686,5.22807,5.17391,5.20697,5.22031,5.19532,5.17477,5.21219,5.08138,5.2245,5.23779,5.23196,5.22056,5.19568,5.18348,5.17364,5.22977,5.15758,5.19327,5.18484,5.16482,5.19504,5.15632,5.14973,5.11478,5.17952,5.15044,5.17812,5.19761,5.18252,5.15199,5.15633,5.20514,5.20937,5.13936,5.19286,5.11466,5.13668,5.12132,5.16372,5.16435,5.20015,5.16896,5.19295,5.14249,0,)
    time_txn:                     0 -nan -nan% 0 (0,0,0,0,0,0,0,0,0,0,0,0,0,0,0,0,0,0,0,0,0,0,0,0,0,0,0,0,0,0,0,0,0,0,0,0,0,0,0,0,0,0,0,0,0,0,0,0,0,)
    time_index:                   3.32866 0.0693471 2.3107% 493.643 (0.102098,0.0593687,0.0666911,0.0715094,0.0728245,0.0689649,0.0655864,0.0655584,0.0693938,0.070717,0.064771,0.0627108,0.0653008,0.0691601,0.0654747,0.0637359,0.0654274,0.0659289,0.0677107,0.0651629,0.0688357,0.0665177,0.067741,0.0757177,0.0671131,0.0717127,0.0710281,0.0722638,0.0709893,0.0691697,0.0662798,0.0688612,0.0688575,0.0693306,0.0720056,0.0646195,0.0670139,0.0673862,0.0677873,0.0712901,0.0724224,0.0717893,0.070743,0.0698986,0.0670976,0.0689947,0.0678997,0.0872002,0,)
    time_log:                     127.687 2.66014 88.6381% 18936 (2.58107,2.87161,2.80633,2.72467,2.74584,2.79464,2.73001,2.5838,2.63926,2.61086,2.45115,2.54938,2.64274,2.54292,2.79081,2.35012,2.79734,2.88306,2.71781,2.75429,2.72072,2.60468,2.54593,2.42477,2.70813,2.78733,2.6866,2.42127,2.64312,2.48673,2.71652,2.75512,2.73489,2.81447,2.7919,2.4809,2.75986,2.55276,2.76884,2.32723,2.55817,2.52549,2.75895,2.4632,2.78302,2.83883,2.70079,2.75889,0,)
    time_io:                      1.59736 1.59736 53.2254% 236.89 (0,0,0,0,0,0,0,0,0,0,0,0,0,0,0,0,0,0,0,0,0,0,0,0,0,0,0,0,0,0,0,0,0,0,0,0,0,0,0,0,0,0,0,0,0,0,0,0,1.59736,)
    time_wait_io:                 0 -nan -nan% 0 (0,0,0,0,0,0,0,0,0,0,0,0,0,0,0,0,0,0,0,0,0,0,0,0,0,0,0,0,0,0,0,0,0,0,0,0,0,0,0,0,0,0,0,0,0,0,0,0,0,)
    time_phase1_add_graph:        0 -nan -nan% 0 (0,0,0,0,0,0,0,0,0,0,0,0,0,0,0,0,0,0,0,0,0,0,0,0,0,0,0,0,0,0,0,0,0,0,0,0,0,0,0,0,0,0,0,0,0,0,0,0,0,)
    time_recover_txn:             0 -nan -nan% 0 (0,0,0,0,0,0,0,0,0,0,0,0,0,0,0,0,0,0,0,0,0,0,0,0,0,0,0,0,0,0,0,0,0,0,0,0,0,0,0,0,0,0,0,0,0,0,0,0,0,)
    time_lv_overhead:             4.80242 0.10005 3.33376% 712.202 (0.0779258,0.106264,0.0976936,0.0955355,0.101973,0.0823166,0.109705,0.101349,0.100634,0.092081,0.10301,0.108724,0.0949705,0.114027,0.108739,0.104346,0.0961858,0.101759,0.0969031,0.102301,0.0851852,0.09772,0.0804549,0.0919716,0.101601,0.104742,0.0994297,0.0966888,0.0921214,0.125977,0.101321,0.112377,0.10318,0.100285,0.108701,0.0856158,0.099123,0.107381,0.106028,0.109584,0.109909,0.0559342,0.0948416,0.121195,0.10398,0.0933022,0.105613,0.111715,0,)
    time_state_malloc:            0 -nan -nan% 0 (0,0,0,0,0,0,0,0,0,0,0,0,0,0,0,0,0,0,0,0,0,0,0,0,0,0,0,0,0,0,0,0,0,0,0,0,0,0,0,0,0,0,0,0,0,0,0,0,0,)
    time_phase1_1:                5.46015 0.113753 3.79035% 809.744 (0.195076,0.101345,0.109816,0.110904,0.107278,0.115178,0.110033,0.111007,0.109425,0.110878,0.107113,0.105777,0.109228,0.106017,0.108391,0.106883,0.111035,0.109742,0.111898,0.108251,0.113271,0.112362,0.112208,0.115774,0.11239,0.114278,0.114678,0.117333,0.114647,0.113918,0.112174,0.108614,0.11324,0.115372,0.115717,0.112644,0.109836,0.11474,0.112694,0.116743,0.11606,0.117933,0.116474,0.114602,0.110596,0.116291,0.114612,0.115676,0,)
    time_phase1_2:                7.70861 0.160596 5.35119% 1143.19 (0.150341,0.142646,0.151964,0.198471,0.156845,0.158322,0.151661,0.147762,0.156866,0.159776,0.16539,0.302487,0.15244,0.150836,0.15298,0.149368,0.147521,0.156846,0.156555,0.144245,0.163441,0.157206,0.152504,0.16099,0.151046,0.164048,0.156293,0.167985,0.155221,0.155215,0.166663,0.164374,0.182791,0.168133,0.16195,0.140626,0.155925,0.178311,0.153073,0.162392,0.162015,0.157759,0.150261,0.1587,0.15006,0.144338,0.142372,0.171604,0,)
    time_phase2:                  8.95912 0.186648 6.21927% 1328.64 (0.205092,0.17918,0.194987,0.189729,0.181935,0.197361,0.188333,0.181821,0.187476,0.197469,0.18322,0.187185,0.183249,0.18582,0.178669,0.191579,0.183294,0.188604,0.187337,0.182564,0.19572,0.177644,0.19495,0.188216,0.183202,0.187569,0.187943,0.193276,0.176794,0.187068,0.179641,0.182453,0.175784,0.18363,0.187579,0.183787,0.185956,0.184948,0.174591,0.193672,0.18868,0.20014,0.187257,0.186893,0.182304,0.182959,0.176442,0.195113,0,)
    time_phase3:                  11.6529 0.242768 8.08924% 1728.13 (0.224478,0.211005,0.22884,0.229493,0.224821,0.23505,0.225657,0.22762,0.230908,0.231075,0.224643,0.221465,0.225728,0.221176,0.224914,0.225813,0.229648,0.230303,0.232673,0.224426,0.237758,0.230406,0.231076,0.25043,0.253634,0.258314,0.261081,0.268882,0.256188,0.261208,0.25272,0.251017,0.253399,0.2575,0.260503,0.255634,0.247977,0.258179,0.253046,0.269784,0.262771,0.270005,0.259153,0.259676,0.251132,0.261034,0.257407,0.233238,0,)
    time_phase1_1_raw:            20.5692 0.428525 14.2788% 3050.43 (0.412218,0.403216,0.423704,0.434589,0.420277,0.430244,0.427829,0.43199,0.436589,0.434232,0.429912,0.42288,0.420871,0.421398,0.426086,0.431688,0.43694,0.438424,0.437876,0.422216,0.438284,0.437773,0.43501,0.419144,0.416128,0.427812,0.435261,0.439332,0.428624,0.439859,0.425877,0.417386,0.415805,0.431696,0.427205,0.42227,0.409372,0.428248,0.431491,0.443643,0.443533,0.434183,0.428725,0.431141,0.421426,0.434096,0.426778,0.435926,0,)
    time_phase1_2_raw:            1.13492 0.0236442 0.787842% 168.309 (0.0237067,0.0197493,0.0251493,0.0238945,0.023699,0.0243976,0.0234719,0.0235068,0.0240511,0.0238169,0.0228362,0.0225624,0.0233127,0.0224914,0.0234056,0.0223768,0.0237033,0.0234903,0.0242327,0.0231257,0.0249397,0.0235022,0.0231266,0.0228975,0.0239239,0.0238383,0.0240582,0.0237126,0.0236694,0.0230986,0.0236787,0.0235945,0.0235467,0.0246818,0.0240421,0.0230596,0.0233313,0.023963,0.0237067,0.023978,0.0237917,0.0243321,0.0240691,0.0235162,0.0233638,0.0239888,0.0236402,0.0268878,0,)
    time_phase2_raw:              0.575514 0.0119899 0.399512% 85.3491 (0.0117902,0.0100175,0.0122477,0.0121605,0.0119607,0.0124854,0.0117558,0.0120099,0.0121393,0.011935,0.011457,0.0115011,0.0119597,0.0114921,0.0119972,0.0114376,0.012145,0.012016,0.012073,0.011823,0.0125429,0.0120362,0.0118482,0.0115436,0.0121306,0.0121208,0.012225,0.0120981,0.0120266,0.0117528,0.0120029,0.0119106,0.012016,0.0121292,0.0122351,0.0116118,0.0119219,0.0121408,0.0120446,0.0120776,0.0121149,0.012386,0.0122533,0.0120362,0.012014,0.0122185,0.0120665,0.013606,0,)
    time_phase3_raw:              0 -nan -nan% 0 (0,0,0,0,0,0,0,0,0,0,0,0,0,0,0,0,0,0,0,0,0,0,0,0,0,0,0,0,0,0,0,0,0,0,0,0,0,0,0,0,0,0,0,0,0,0,0,0,0,)
    time_recover_full:            0 -nan -nan% 0 (0,0,0,0,0,0,0,0,0,0,0,0,0,0,0,0,0,0,0,0,0,0,0,0,0,0,0,0,0,0,0,0,0,0,0,0,0,0,0,0,0,0,0,0,0,0,0,0,0,)
    time_recover1:                0 -nan -nan% 0 (0,0,0,0,0,0,0,0,0,0,0,0,0,0,0,0,0,0,0,0,0,0,0,0,0,0,0,0,0,0,0,0,0,0,0,0,0,0,0,0,0,0,0,0,0,0,0,0,0,)
    time_recover2:                0 -nan -nan% 0 (0,0,0,0,0,0,0,0,0,0,0,0,0,0,0,0,0,0,0,0,0,0,0,0,0,0,0,0,0,0,0,0,0,0,0,0,0,0,0,0,0,0,0,0,0,0,0,0,0,)
    time_recover3:                0 -nan -nan% 0 (0,0,0,0,0,0,0,0,0,0,0,0,0,0,0,0,0,0,0,0,0,0,0,0,0,0,0,0,0,0,0,0,0,0,0,0,0,0,0,0,0,0,0,0,0,0,0,0,0,)
    time_recover4:                0 -nan -nan% 0 (0,0,0,0,0,0,0,0,0,0,0,0,0,0,0,0,0,0,0,0,0,0,0,0,0,0,0,0,0,0,0,0,0,0,0,0,0,0,0,0,0,0,0,0,0,0,0,0,0,)
    time_recover5:                0 -nan -nan% 0 (0,0,0,0,0,0,0,0,0,0,0,0,0,0,0,0,0,0,0,0,0,0,0,0,0,0,0,0,0,0,0,0,0,0,0,0,0,0,0,0,0,0,0,0,0,0,0,0,0,)
    time_recover6:                0 -nan -nan% 0 (0,0,0,0,0,0,0,0,0,0,0,0,0,0,0,0,0,0,0,0,0,0,0,0,0,0,0,0,0,0,0,0,0,0,0,0,0,0,0,0,0,0,0,0,0,0,0,0,0,)
    time_recover7:                0 -nan -nan% 0 (0,0,0,0,0,0,0,0,0,0,0,0,0,0,0,0,0,0,0,0,0,0,0,0,0,0,0,0,0,0,0,0,0,0,0,0,0,0,0,0,0,0,0,0,0,0,0,0,0,)
    time_recover8:                0 -nan -nan% 0 (0,0,0,0,0,0,0,0,0,0,0,0,0,0,0,0,0,0,0,0,0,0,0,0,0,0,0,0,0,0,0,0,0,0,0,0,0,0,0,0,0,0,0,0,0,0,0,0,0,)
    time_debug_get_next:          0 -nan -nan% 0 (0,0,0,0,0,0,0,0,0,0,0,0,0,0,0,0,0,0,0,0,0,0,0,0,0,0,0,0,0,0,0,0,0,0,0,0,0,0,0,0,0,0,0,0,0,0,0,0,0,)
    time_debug0:                  25.6793 0.534985 17.8261% 3808.26 (0.542474,0.511213,0.499197,0.608537,0.548469,0.608165,0.40462,0.445451,0.412714,0.455957,0.453133,0.431626,0.49102,0.422099,0.355065,0.462967,0.408383,0.384249,0.445153,0.379777,0.595066,0.453327,0.503471,0.404776,0.638052,0.410208,0.424238,0.615748,0.753587,0.590055,0.699531,0.52219,0.54698,0.565169,0.700127,0.536945,0.642291,0.589582,0.669675,0.617032,0.647407,0.83621,0.671027,0.608051,0.523938,0.595736,0.556328,0.492276,0,)
    time_debug1:                  31.9465 0.665553 22.1768% 4737.69 (0.687565,0.840017,0.605712,0.616431,0.821502,0.6059,0.558088,0.535324,0.562829,0.507539,0.730587,0.57712,0.622562,0.778562,0.784074,0.905878,0.608518,0.581205,0.551771,0.790688,0.60103,0.545708,0.508959,0.655652,0.780636,0.541862,0.527219,0.911306,0.614604,0.896794,0.584337,0.825682,0.766535,0.614296,0.547456,0.52373,0.626911,0.760786,0.557097,0.968355,0.71384,0.475529,0.528379,0.898611,0.809641,0.577249,0.775408,0.537044,0,)
    time_debug2:                  4.51151 0.0939899 3.13182% 669.06 (0.0584618,0.133544,0.0990647,0.0835669,0.0969827,0.0569264,0.12491,0.0948064,0.100044,0.0870575,0.105034,0.10894,0.0791915,0.118796,0.124412,0.12765,0.0984101,0.108752,0.0931159,0.122954,0.0506721,0.0913652,0.073441,0.106227,0.0911184,0.115295,0.0922154,0.0597599,0.072185,0.0926707,0.0939139,0.109997,0.0924956,0.0920356,0.11417,0.0818066,0.0806788,0.0960665,0.102666,0.0786485,0.0974944,0.0231401,0.089752,0.0874157,0.104942,0.0875727,0.0972567,0.113894,0,)
    time_debug3:                  45.1632 0.940899 31.3515% 6697.73 (0.791547,0.693288,0.900125,0.829071,0.726342,0.832605,1.10856,1.28871,1.20498,1.23213,1.19603,1.15087,1.12269,1.11019,0.892735,1.11119,1.00845,0.944078,1.08891,0.909461,0.916426,1.22103,1.2725,1.29987,0.694131,1.01195,1.13616,0.835713,0.822925,0.803438,0.804763,0.690596,0.747054,0.763967,0.70987,1.30263,0.816805,0.858103,0.810562,0.852057,0.842082,0.997001,0.830327,0.824967,0.686271,0.76917,0.772041,0.928798,0,)
    time_debug4:                  12.5661 0.261794 8.72318% 1863.56 (0.23101,0.336566,0.250983,0.249755,0.324569,0.244239,0.219805,0.201014,0.207281,0.189148,0.228063,0.230883,0.209393,0.26198,0.271047,0.253825,0.23031,0.236309,0.203929,0.262889,0.253635,0.200771,0.186931,0.229685,0.331689,0.20848,0.191769,0.454889,0.2484,0.407893,0.221702,0.357084,0.311956,0.257794,0.20678,0.197963,0.25891,0.326883,0.213299,0.483255,0.292191,0.128503,0.207321,0.434529,0.31708,0.236334,0.351815,0.205563,0,)
    time_debug5:                  0.292092 0.00608526 0.202766% 43.3175 (0.00749948,0.00622542,0.00629632,0.00882999,0.00597802,0.00851889,0.0056883,0.00573052,0.00582755,0.00574605,0.00563007,0.00551868,0.00580543,0.00552097,0.00573707,0.00556878,0.00584485,0.00582517,0.00586194,0.00570627,0.00618449,0.00586104,0.00575514,0.00562613,0.00668778,0.00575085,0.00578825,0.00581532,0.00675765,0.00589182,0.00588975,0.00582118,0.00604279,0.00600412,0.00634685,0.00555072,0.00674488,0.00575325,0.00593625,0.00581583,0.00578923,0.00639935,0.00627167,0.00575978,0.00670346,0.00602868,0.00573524,0.00602111,0,)
    time_debug6:                  0 -nan -nan% 0 (0,0,0,0,0,0,0,0,0,0,0,0,0,0,0,0,0,0,0,0,0,0,0,0,0,0,0,0,0,0,0,0,0,0,0,0,0,0,0,0,0,0,0,0,0,0,0,0,0,)
    time_debug7:                  0 -nan -nan% 0 (0,0,0,0,0,0,0,0,0,0,0,0,0,0,0,0,0,0,0,0,0,0,0,0,0,0,0,0,0,0,0,0,0,0,0,0,0,0,0,0,0,0,0,0,0,0,0,0,0,)
    time_debug8:                  2.96392 0.0617484 2.05751% 439.551 (0.0504292,0.0576735,0.0610309,0.0597435,0.0632585,0.0571444,0.0618673,0.0580902,0.0594191,0.0648079,0.0631599,0.0579644,0.0576903,0.0577213,0.0626803,0.0580075,0.0593634,0.0597276,0.0596138,0.0594898,0.055751,0.0613651,0.0654667,0.0591826,0.0623287,0.0661451,0.0646759,0.0604349,0.0604243,0.063746,0.0632716,0.065959,0.0668028,0.0676588,0.0665688,0.066388,0.0638735,0.0631688,0.0649831,0.05977,0.0612028,0.0579392,0.0619633,0.0645997,0.0646088,0.0694897,0.0653951,0.0618753,0,)
    time_debug9:                  2.87479 0.0598914 1.99563% 426.333 (0.0472483,0.0572438,0.0667701,0.0604645,0.0662753,0.0536052,0.0632404,0.0589723,0.0581684,0.0591007,0.0581844,0.0577719,0.0541177,0.0576811,0.0648905,0.056616,0.0582008,0.0655096,0.0590659,0.0595461,0.0537844,0.0591129,0.0592651,0.0580179,0.0593974,0.0642558,0.0589927,0.0526227,0.0538,0.0582889,0.0585589,0.0667816,0.0675946,0.0689776,0.0655064,0.059755,0.0611035,0.0594049,0.060167,0.0533968,0.0580087,0.0463054,0.0599279,0.0605662,0.0661549,0.0687117,0.0662241,0.067431,0,)
    time_debug10:                 0 -nan -nan% 0 (0,0,0,0,0,0,0,0,0,0,0,0,0,0,0,0,0,0,0,0,0,0,0,0,0,0,0,0,0,0,0,0,0,0,0,0,0,0,0,0,0,0,0,0,0,0,0,0,0,)
    time_debug11:                 96.6863 2.0143 67.118% 14338.6 (2.11719,2.07183,2.1127,1.99803,2.02328,1.96675,2.12224,1.99367,2.01498,1.93567,1.87585,1.92873,1.97959,2.0253,2.17821,1.95997,2.11482,2.18782,1.96132,2.11553,1.96696,2.07993,1.96083,1.92172,2.02802,2.12995,2.0167,1.90235,1.96322,1.91944,1.99616,2.08756,2.06928,2.1566,2.02302,1.90601,2.11121,1.91547,2.04354,1.77836,1.94788,1.80739,2.03071,1.86927,2.1083,2.12158,2.03752,2.1038,0,)
    time_debug12:                 219.668 4.57642 152.49% 32576.9 (4.47548,4.52201,4.47598,4.59133,4.57,4.62704,4.46782,4.59871,4.57315,4.65267,4.71492,4.65943,4.60999,4.56485,4.41016,4.63143,4.47464,4.40114,4.62631,4.47273,4.62522,4.50985,4.62945,4.66442,4.56471,4.46011,4.57111,4.68971,4.62991,4.67024,4.59722,4.5053,4.52356,4.43359,4.56966,4.68413,4.48048,4.67424,4.54622,4.81277,4.64229,4.78428,4.5593,4.72461,4.48416,4.47053,4.55273,4.4886,0,)
    time_debug13:                 0 -nan -nan% 0 (0,0,0,0,0,0,0,0,0,0,0,0,0,0,0,0,0,0,0,0,0,0,0,0,0,0,0,0,0,0,0,0,0,0,0,0,0,0,0,0,0,0,0,0,0,0,0,0,0,)
    time_debug14:                 0 -nan -nan% 0 (0,0,0,0,0,0,0,0,0,0,0,0,0,0,0,0,0,0,0,0,0,0,0,0,0,0,0,0,0,0,0,0,0,0,0,0,0,0,0,0,0,0,0,0,0,0,0,0,0,)
    time_debug15:                 246.594 5.13738 171.182% 36570.1 (4.88181,5.26659,5.16021,5.10288,5.19077,5.13066,5.17069,5.18392,5.15412,5.13473,5.17312,5.046,5.1885,5.20397,5.19046,5.18239,5.15905,5.14713,5.13736,5.19487,5.11308,5.15709,5.14986,5.12817,5.15697,5.11973,5.11287,5.0788,5.13719,5.11108,5.14196,5.16143,5.13916,5.11463,5.11821,5.16924,5.1726,5.10328,5.15175,5.07846,5.09665,5.08007,5.12608,5.12087,5.16156,5.13249,5.1568,5.10475,0,)
    time_rec_loop_tryRead:        0 -nan -nan% 0 (0,0,0,0,0,0,0,0,0,0,0,0,0,0,0,0,0,0,0,0,0,0,0,0,0,0,0,0,0,0,0,0,0,0,0,0,0,0,0,0,0,0,0,0,0,0,0,0,0,)
    time_rec_finding_empty_slot:  0 -nan -nan% 0 (0,0,0,0,0,0,0,0,0,0,0,0,0,0,0,0,0,0,0,0,0,0,0,0,0,0,0,0,0,0,0,0,0,0,0,0,0,0,0,0,0,0,0,0,0,0,0,0,0,)
    time_silo_validate1:          2.31021 0.0481294 1.60371% 342.606 (0.0504382,0.0406527,0.048709,0.0487847,0.0479649,0.0499164,0.0477728,0.0477838,0.0487753,0.0484352,0.0465905,0.0461262,0.0477821,0.0463405,0.0481411,0.0458435,0.0481524,0.04825,0.0486302,0.0472565,0.0502044,0.0479314,0.0476869,0.0462469,0.0485496,0.0488866,0.0491971,0.0483641,0.0481784,0.0472369,0.048331,0.0478593,0.0485011,0.0493486,0.049117,0.046646,0.0476208,0.0485338,0.0482317,0.0486359,0.0487589,0.0493563,0.0492068,0.0478362,0.048123,0.0494539,0.048394,0.0514284,0,)
    time_silo_validate2:          0.341129 0.00710686 0.236806% 50.5897 (0.00707033,0.00594007,0.00707918,0.00711517,0.00702603,0.00717403,0.00689466,0.00703091,0.00710099,0.00689517,0.00687621,0.00652887,0.0069368,0.00675518,0.00706463,0.00669615,0.00718108,0.00702275,0.00720752,0.00698972,0.00728614,0.00707434,0.00693318,0.00682127,0.00721312,0.00713032,0.00726562,0.00722862,0.00721146,0.00696332,0.00713315,0.00731322,0.00713445,0.00741852,0.00713977,0.00674663,0.00704034,0.00710959,0.00712278,0.00707972,0.00722311,0.00715042,0.00739004,0.00705287,0.00701931,0.00718732,0.00711504,0.0100402,0,)
    time_silo_validate3:          107.82 2.24624 74.8466% 15989.7 (2.09881,2.18488,2.11222,2.14718,2.20026,2.11799,2.20386,2.37592,2.28994,2.29044,2.49683,2.2783,2.33201,2.44557,2.16879,2.62113,2.13765,2.03024,2.19024,2.21308,2.17849,2.31966,2.35982,2.47931,2.21604,2.08893,2.1918,2.43295,2.28146,2.39336,2.19615,2.15336,2.15423,2.0429,2.08464,2.44274,2.17966,2.31938,2.15189,2.53234,2.31297,2.35125,2.13577,2.43003,2.13113,2.0342,2.20451,2.08532,0,)
    time_silo_validate4:          0.08691 0.00181062 0.0603315% 12.8888 (0.00175602,0.00152591,0.00186182,0.00187485,0.00190899,0.00187095,0.00188031,0.00181938,0.0018136,0.00179921,0.00175782,0.00169123,0.0017886,0.00173641,0.00182583,0.00170665,0.00183443,0.00179535,0.00181475,0.00176998,0.00188869,0.00179186,0.0017853,0.00176651,0.00183019,0.00181101,0.00185467,0.00181515,0.00181106,0.00178985,0.0017901,0.00183776,0.00181358,0.00214107,0.00188364,0.00172372,0.00177906,0.00181614,0.00181241,0.00181782,0.00181481,0.00185842,0.00191622,0.00178166,0.00178938,0.00184641,0.00179574,0.00171568,0,)
    time_silo_validate5:          111.064 2.31383 77.0987% 16470.8 (2.15989,2.24449,2.18353,2.21743,2.27233,2.18417,2.27376,2.44168,2.35964,2.36112,2.56092,2.34267,2.39235,2.50446,2.23433,2.68188,2.20181,2.09611,2.25774,2.27944,2.24466,2.38958,2.43617,2.5421,2.28354,2.15864,2.25947,2.50196,2.34162,2.46058,2.2606,2.22708,2.23291,2.11711,2.15112,2.52196,2.24422,2.38392,2.21849,2.59474,2.37968,2.4115,2.20105,2.49723,2.20352,2.11006,2.28033,2.16029,0,)
    time_silo_validate6:          0.00214961 4.47836e-05 0.00149223% 0.318789 (7.25455e-07,5.61564e-05,6.393e-05,5.26618e-05,6.25327e-05,1.88891e-05,5.79473e-05,4.89e-05,5.05736e-05,3.97191e-05,2.87327e-05,3.249e-05,1.71209e-05,2.72345e-05,5.61709e-05,2.89009e-05,5.25564e-05,5.45882e-05,5.04355e-05,5.84818e-05,2.18364e-05,4.72718e-05,4.15218e-05,4.00818e-05,4.75645e-05,6.22636e-05,4.14273e-05,2.11991e-05,1.66655e-05,6.832e-05,3.06845e-05,6.09482e-05,7.03155e-05,7.276e-05,5.73945e-05,3.98418e-05,3.44909e-05,4.52509e-05,3.31982e-05,2.29718e-05,3.88827e-05,1.19636e-06,3.93455e-05,4.41809e-05,6.20045e-05,6.65845e-05,6.314e-05,9.95245e-05,0,)
    time_silo_validate7:          0 -nan -nan% 0 (0,0,0,0,0,0,0,0,0,0,0,0,0,0,0,0,0,0,0,0,0,0,0,0,0,0,0,0,0,0,0,0,0,0,0,0,0,0,0,0,0,0,0,0,0,0,0,0,0,)
    time_silo_validate8:          127.464 2.6555 88.4835% 18903 (2.57828,2.86799,2.80224,2.71718,2.74157,2.78811,2.72645,2.58011,2.6305,2.60375,2.44358,2.54528,2.63943,2.54057,2.78201,2.34331,2.79402,2.87981,2.7149,2.75174,2.71102,2.60125,2.54331,2.42215,2.70452,2.78422,2.68315,2.41837,2.63495,2.48051,2.71306,2.75342,2.7249,2.81132,2.78799,2.47698,2.75738,2.55018,2.76132,2.32379,2.55125,2.51849,2.75542,2.45269,2.77944,2.83626,2.6978,2.75821,0,)
    time_silo_validate9:          135.528 2.8235 94.0813% 20098.9 (2.72192,3.02204,2.97662,2.8854,2.91838,2.94647,2.89687,2.74219,2.79443,2.77358,2.61216,2.70329,2.79613,2.69948,2.95607,2.50048,2.95719,3.05097,2.87957,2.91538,2.86839,2.76747,2.71364,2.58603,2.87339,2.96103,2.85336,2.57682,2.79555,2.65043,2.88133,2.93428,2.90618,2.99745,2.96703,2.64723,2.92835,2.71931,2.93323,2.4837,2.71693,2.66857,2.925,2.62359,2.95798,3.02237,2.87641,2.94436,0,)
    time_locktable_get:           4.77515 0.0994823 3.31483% 708.158 (0.129703,0.0895579,0.0946845,0.107596,0.0934559,0.100453,0.093658,0.0938661,0.094726,0.0997682,0.0922023,0.0914172,0.0935876,0.0921522,0.0934881,0.0910522,0.101989,0.097272,0.0946969,0.0898695,0.102757,0.100492,0.0936181,0.0987597,0.0960943,0.0933078,0.0951772,0.0998767,0.098296,0.101515,0.0944455,0.115683,0.0942012,0.0996269,0.0957347,0.0885817,0.0985607,0.0993655,0.100973,0.109835,0.103393,0.0968294,0.097779,0.098425,0.100516,0.0940369,0.101745,0.170328,0,)
    time_locktable_get_validation:0 -nan -nan% 0 (0,0,0,0,0,0,0,0,0,0,0,0,0,0,0,0,0,0,0,0,0,0,0,0,0,0,0,0,0,0,0,0,0,0,0,0,0,0,0,0,0,0,0,0,0,0,0,0,0,)
    time_locktable_release:       0 -nan -nan% 0 (0,0,0,0,0,0,0,0,0,0,0,0,0,0,0,0,0,0,0,0,0,0,0,0,0,0,0,0,0,0,0,0,0,0,0,0,0,0,0,0,0,0,0,0,0,0,0,0,0,)
    time_get_row_before:          3.81239 0.0794248 2.6465% 565.38 (0.0821426,0.0726007,0.0809912,0.0783882,0.0777923,0.0820928,0.0810614,0.0830962,0.0815961,0.0827529,0.0796076,0.0795966,0.0789159,0.0788869,0.0786594,0.0834235,0.081282,0.0818797,0.0813494,0.0806253,0.0825801,0.0808911,0.0848717,0.0801137,0.0778527,0.0815545,0.083133,0.0788808,0.0777765,0.0775544,0.0775379,0.0753494,0.0741695,0.0756188,0.0766685,0.0788685,0.0750673,0.078052,0.0748851,0.0802663,0.0791312,0.0810589,0.0792679,0.0784689,0.0788953,0.0790519,0.0743067,0.0837771,0,)
    time_get_row_after:           20.9402 0.436255 14.5364% 3105.45 (0.433677,0.421522,0.442438,0.438431,0.431397,0.442297,0.441626,0.434795,0.441704,0.446937,0.437273,0.434691,0.430835,0.432719,0.42975,0.44498,0.4361,0.444967,0.447043,0.433819,0.447177,0.432152,0.448976,0.432783,0.427763,0.441032,0.443538,0.451187,0.432823,0.446365,0.43204,0.405466,0.421696,0.441342,0.442361,0.437149,0.424117,0.437544,0.430629,0.443973,0.448272,0.456212,0.440984,0.443137,0.428276,0.44372,0.426914,0.385614,0,)
    time_log_create:              0.285132 0.00594026 0.197934% 42.2853 (0.00553692,0.00494067,0.00599347,0.00603888,0.0055999,0.00610338,0.00578184,0.00587226,0.00560253,0.00577794,0.00548494,0.0054702,0.00579699,0.00555261,0.00567251,0.00574029,0.00576308,0.00581853,0.0057932,0.00558432,0.0063311,0.00566292,0.00572019,0.00615323,0.00627144,0.00591403,0.00601652,0.00581392,0.00593311,0.00573267,0.00548553,0.00730197,0.00570739,0.00609692,0.00583784,0.00586932,0.0065225,0.00612788,0.00621711,0.00578575,0.00593425,0.00598158,0.00602544,0.00616992,0.00681766,0.00591927,0.00584375,0.00801469,0,)
    time_log_serialLogTxn:        0 -nan -nan% 0 (0,0,0,0,0,0,0,0,0,0,0,0,0,0,0,0,0,0,0,0,0,0,0,0,0,0,0,0,0,0,0,0,0,0,0,0,0,0,0,0,0,0,0,0,0,0,0,0,0,)
    time_cleanup_1:               0.0880116 0.00183357 0.0610962% 13.0522 (0.00180656,0.00155529,0.00186698,0.00186257,0.00184861,0.00188703,0.00182498,0.00182378,0.00185086,0.00185029,0.00176705,0.00177025,0.00183439,0.00176399,0.0018697,0.00177213,0.00187739,0.00185141,0.00184704,0.0018318,0.0019128,0.00183181,0.00181785,0.00175754,0.00185941,0.00186262,0.00187416,0.00184685,0.00182322,0.00182427,0.00184016,0.00183335,0.00184982,0.00188714,0.00189565,0.00177356,0.00181728,0.00185311,0.00180995,0.00186089,0.00185761,0.00188372,0.00188461,0.00184417,0.00185405,0.0019048,0.00184808,0.001741,0,)
    time_cleanup_2:               0.562835 0.0117257 0.39071% 83.4687 (0.0128696,0.0109403,0.0120483,0.0143849,0.0116519,0.0144133,0.0113101,0.0112498,0.0112961,0.0113957,0.0109351,0.01088,0.0113283,0.0107885,0.0111595,0.010866,0.0113998,0.0113735,0.0117051,0.0111306,0.0120905,0.0114527,0.0112771,0.0118696,0.0123617,0.0115806,0.0114175,0.0115187,0.0124489,0.0118496,0.0113937,0.0114603,0.0118028,0.0118273,0.012324,0.0110262,0.0122551,0.0114407,0.0116481,0.0113799,0.0113996,0.0121892,0.0120592,0.0112515,0.0123521,0.0117986,0.0114568,0.0127761,0,)
    time_insideSLT1:              126.003 2.62505 87.4689% 18686.3 (2.54985,2.84148,2.77158,2.6866,2.71144,2.75786,2.69621,2.55065,2.60167,2.57498,2.41512,2.51696,2.61036,2.51159,2.75292,2.31383,2.76497,2.85011,2.68536,2.72263,2.68077,2.57252,2.51486,2.38959,2.674,2.7529,2.6527,2.38809,2.60454,2.45036,2.68311,2.72119,2.69482,2.7801,2.75644,2.44595,2.7259,2.51947,2.72867,2.29198,2.51955,2.48704,2.72217,2.4213,2.74668,2.80366,2.66573,2.72239,0,)
    time_insideSLT2:              126.449 2.63436 87.779% 18752.5 (2.55888,2.84973,2.78048,2.69562,2.72035,2.76722,2.70537,2.55995,2.61065,2.5841,2.42408,2.52558,2.61929,2.52023,2.7617,2.32271,2.77413,2.85922,2.6946,2.73148,2.69026,2.58178,2.52403,2.39907,2.68351,2.76271,2.66243,2.39819,2.61404,2.46025,2.69279,2.73065,2.70418,2.78983,2.76625,2.4553,2.73542,2.52927,2.7383,2.30209,2.52945,2.49738,2.73185,2.43099,2.75588,2.81319,2.67529,2.72952,0,)
    time_STLother:                0.0942592 0.00196373 0.0654332% 13.9787 (0.00185013,0.00171071,0.00200873,0.00195486,0.00196777,0.00195721,0.00196552,0.00192834,0.00197335,0.00195059,0.00194155,0.00191143,0.00192979,0.00198279,0.00198914,0.00199524,0.00195601,0.00198678,0.00196647,0.00203694,0.00201873,0.00204052,0.00194106,0.00186836,0.00191864,0.00199628,0.00202888,0.00190282,0.00200604,0.00195543,0.00203514,0.00200599,0.00195922,0.00202918,0.00204044,0.00197569,0.00198096,0.00197337,0.0020119,0.00188355,0.00196171,0.00195622,0.00197699,0.00194108,0.00194261,0.00196006,0.00195434,0.00203068,0,)
    time_logging_thread:          6.69508 6.69508 223.086% 992.885 (0,0,0,0,0,0,0,0,0,0,0,0,0,0,0,0,0,0,0,0,0,0,0,0,0,0,0,0,0,0,0,0,0,0,0,0,0,0,0,0,0,0,0,0,0,0,0,0,6.69508,)
    int_serialLogFail:            0 (0,0,0,0,0,0,0,0,0,0,0,0,0,0,0,0,0,0,0,0,0,0,0,0,0,0,0,0,0,0,0,0,0,0,0,0,0,0,0,0,0,0,0,0,0,0,0,0,0,)
Projected Disk Bandwidth Utilized - avg 1.49757e+09 real 1.49757e+09
Total time measured 669.86
Total wall time observed 671.497
Estimated CPU_FREQ is 2.19464
