NUM_CORES_PER_SLOT=24
NUMA_NODE_NUM=2
HYPER_THREADING_FACTOR=2
Using SIMD
MM_MAX=_mm512_max_epu32
SIMD_PREFIX=__m512i
MAX_LOGGER_NUM_SIMD=16
Running in big-hash-table mode.

Using 1 disks.
g_flush_blocksize=1048576, g_log_buffer_size=524288000
Init parallelism 96
Stats initialized
Global manager initialized
reading schema file: ./benchmarks/TPCC_full_schema.txt
0 0x7fc842d8d040 50000000 1
0 0x56117c100f80 500 1
0 0x56117c103f40 5000 1
0 0x7fc82d63a040 15000000 1
0 0x7fc817ee7040 15000000 1
0 0x7fc7d067e040 50000000 1
TPCC schema initialized
TPCC Data Initialization Complete!
workload initialized!
Init time 654.696
Queue Buffer Length7281777
Log Read Size: 419430400
Log buffer size 524288000
log file:		/mnt/pmem0/logs/TC_log0_1_TPCC_0.500000.data
/mnt/pmem0/logs/TC_log0_1_TPCC_0.500000.data
Start Initializing Locktable, size 16777216
ltiSize=64
Locktable Initialized, size 16777216, schema table size 15728640
mem_allocator initialized!
Query Queue Init Time 12.352667
query_queue initialized!
Setting logger 0 to CPU node 0
PSN Flush Frequency: 1000
sim_done = 1
sim_done = 7
sim_done = 12
sim_done = 18
sim_done = 21
sim_done = 11
sim_done = 29
sim_done = 33
sim_done = 16
sim_done = 17
sim_done = 38
sim_done = 41
sim_done = 44
sim_done = 45
sim_done = 25
sim_done = 27
sim_done = 29
sim_done = 13
sim_done = 2
sim_done = 35
sim_done = 14
sim_done = 40
sim_done = 39
sim_done = 6
sim_done = 4
sim_done = 4
sim_done = 10
sim_done = 31
sim_done = 20
sim_done = 24
sim_done = 24
sim_done = 30
sim_done = 32
sim_done = 15
sim_done = 5
sim_done = 43
sim_done = 46
sim_done = 48
sim_done = 27
sim_done = 9
sim_done = 35
sim_done = 9
sim_done = 47
sim_done = 36
sim_done = 22
sim_done = 42
sim_done = 37
sim_done = 19
Destructor 0. flush size=238937088 (2155872256 to 2394809344)
PASS! SimTime = 6.27324e+09
=Worker Thread=
    Throughput:                   1.07613e+06
    MaxThr:                       1.07613e+06
    PerThdThr:                    1.10838e+06
    run_time:                     292.28 (6.08882,6.08864,6.09067,6.08931,6.08957,6.08765,6.0881,6.08958,6.08849,6.08965,6.08901,6.08894,6.089,6.0909,6.09046,6.08824,6.08809,6.08922,6.08997,6.08887,6.08828,6.08854,6.08788,6.09093,6.08878,6.08964,6.08852,6.08989,6.08913,6.0902,6.08902,6.08936,6.08963,6.09051,6.08927,6.08836,6.09112,6.08855,6.08962,6.08855,6.08962,6.08942,6.08902,6.08791,6.0888,6.09031,6.08793,6.08847,0,)
    log_bytes:                    2.39481 (0,0,0,0,0,0,0,0,0,0,0,0,0,0,0,0,0,0,0,0,0,0,0,0,0,0,0,0,0,0,0,0,0,0,0,0,0,0,0,0,0,0,0,0,0,0,0,0,2.39481,)
    log_dep_size:                 0 (0,0,0,0,0,0,0,0,0,0,0,0,0,0,0,0,0,0,0,0,0,0,0,0,0,0,0,0,0,0,0,0,0,0,0,0,0,0,0,0,0,0,0,0,0,0,0,0,0,)
    log_total_size:               1.27507 (0.0265184,0.0273439,0.0261485,0.0268343,0.0268615,0.0273571,0.0273572,0.0261241,0.0270365,0.0270019,0.0268642,0.0273872,0.0261297,0.0267357,0.0283372,0.0261348,0.026257,0.0262517,0.0261325,0.0273444,0.0273471,0.0262862,0.0273741,0.0269379,0.0276996,0.0269641,0.0263468,0.0269028,0.025688,0.0265799,0.0255843,0.0267501,0.0269443,0.0256576,0.0260001,0.0256651,0.025676,0.0264503,0.0267485,0.027249,0.0257891,0.0263743,0.0262279,0.0259031,0.0259863,0.0258711,0.026929,0.0249846,0,)
    latency:                      1.00533e+06 (21883.7,21585.1,20673.9,20967.3,21070.2,21728.5,21675,20469,21661,21261.4,21394.6,21760.9,20567.4,21068.1,23128.2,20707.1,20443.1,20339.9,20678.6,21647.2,21668.9,20858.7,21679.4,21261.6,22010.4,21497.2,20882.7,21119.7,19869.5,21031.6,19900.6,21357.2,21215.3,19821.2,20439.9,19998.7,19762,20956.3,21136.2,21752.9,20149.4,20752.8,20825.3,20182.9,20326.8,20066,21260.6,18832,0,)

    num_commits:                  6.74914e+06 (140684,144628,138775,141938,142425,144824,144783,138310,143111,142535,142209,145467,138268,141652,150000,138541,138964,138993,138464,144503,144530,139152,145193,142743,146683,142906,139009,142305,136099,140885,135633,141942,142556,135577,137818,135620,135748,139725,141560,144155,136362,139681,138063,136855,137557,136744,142651,132313,0,)
    num_async_commits:            6.07314e+06 (125983,130144,124657,128038,128543,130404,130319,124009,128418,128297,127555,130953,124239,127554,134243,124676,125450,125374,124321,129997,130124,124810,130608,128598,131531,128160,125090,128327,122516,126839,122243,127521,128513,122104,124231,122210,122057,125640,127321,129352,123110,125852,124018,123376,124039,123385,128347,120042,0,)
    num_aborts:                   81654 (9,3007,1514,2608,2695,2885,827,1473,1522,1661,1655,686,1278,1337,33,1061,2567,2892,2731,1920,1696,2679,1937,1619,534,542,1606,1638,2531,1615,2575,645,1746,1968,1220,1156,1072,1378,1397,557,2260,1734,1482,2363,2553,2635,1695,2460,0,)
    num_aborts_logging:           0 (0,0,0,0,0,0,0,0,0,0,0,0,0,0,0,0,0,0,0,0,0,0,0,0,0,0,0,0,0,0,0,0,0,0,0,0,0,0,0,0,0,0,0,0,0,0,0,0,0,)
    num_log_records:              6.74914e+06 (140684,144628,138775,141938,142425,144824,144783,138310,143111,142535,142209,145467,138268,141652,150000,138541,138964,138993,138464,144503,144530,139152,145193,142743,146683,142906,139009,142305,136099,140885,135633,141942,142556,135577,137818,135620,135748,139725,141560,144155,136362,139681,138063,136855,137557,136744,142651,132313,0,)
    log_data:                     0 (0,0,0,0,0,0,0,0,0,0,0,0,0,0,0,0,0,0,0,0,0,0,0,0,0,0,0,0,0,0,0,0,0,0,0,0,0,0,0,0,0,0,0,0,0,0,0,0,0,)
    num_latency_count:            6.07314e+06 (125983,130144,124657,128038,128543,130404,130319,124009,128418,128297,127555,130953,124239,127554,134243,124676,125450,125374,124321,129997,130124,124810,130608,128598,131531,128160,125090,128327,122516,126839,122243,127521,128513,122104,124231,122210,122057,125640,127321,129352,123110,125852,124018,123376,124039,123385,128347,120042,0,)
    num_raw_edges:                0 (0,0,0,0,0,0,0,0,0,0,0,0,0,0,0,0,0,0,0,0,0,0,0,0,0,0,0,0,0,0,0,0,0,0,0,0,0,0,0,0,0,0,0,0,0,0,0,0,0,)
    num_waw_edges:                0 (0,0,0,0,0,0,0,0,0,0,0,0,0,0,0,0,0,0,0,0,0,0,0,0,0,0,0,0,0,0,0,0,0,0,0,0,0,0,0,0,0,0,0,0,0,0,0,0,0,)
    num_war_edges:                0 (0,0,0,0,0,0,0,0,0,0,0,0,0,0,0,0,0,0,0,0,0,0,0,0,0,0,0,0,0,0,0,0,0,0,0,0,0,0,0,0,0,0,0,0,0,0,0,0,0,)
    int_num_log:                  6.74914e+06 (140684,144628,138775,141938,142425,144824,144783,138310,143111,142535,142209,145467,138268,141652,150000,138541,138964,138993,138464,144503,144530,139152,145193,142743,146683,142906,139009,142305,136099,140885,135633,141942,142556,135577,137818,135620,135748,139725,141560,144155,136362,139681,138063,136855,137557,136744,142651,132313,0,)
    int_debug_get_next:           0 (0,0,0,0,0,0,0,0,0,0,0,0,0,0,0,0,0,0,0,0,0,0,0,0,0,0,0,0,0,0,0,0,0,0,0,0,0,0,0,0,0,0,0,0,0,0,0,0,0,)
    int_debug1:                   0 (0,0,0,0,0,0,0,0,0,0,0,0,0,0,0,0,0,0,0,0,0,0,0,0,0,0,0,0,0,0,0,0,0,0,0,0,0,0,0,0,0,0,0,0,0,0,0,0,0,)
    int_debug2:                   2.39062e+09 (0,0,0,0,0,0,0,0,0,0,0,0,0,0,0,0,0,0,0,0,0,0,0,0,0,0,0,0,0,0,0,0,0,0,0,0,0,0,0,0,0,0,0,0,0,0,0,0,2390615040,)
    int_debug3:                   2057 (0,0,0,0,0,0,0,0,0,0,0,0,0,0,0,0,0,0,0,0,0,0,0,0,0,0,0,0,0,0,0,0,0,0,0,0,0,0,0,0,0,0,0,0,0,0,0,0,2057,)
    int_debug4:                   9.13005e+07 (1292584,2380080,1829043,2251620,2412268,1984226,1608672,1818297,1914920,2150445,1822669,1495770,1610840,2028050,1131537,1776652,2233392,2366986,2328006,1931189,1818805,2256222,1785675,2180997,1496948,1512823,1667363,2276101,2093711,1971689,2449295,1438429,2005016,2254158,1795408,1802999,1797402,1791511,1858021,1530433,1871250,1845943,1645742,2078624,1869024,2048598,1828951,1962156,0,)
    int_debug5:                   4.7407e+07 (982001,1019294,971589,999715,1000801,1019625,1015025,970656,1004810,1003769,998680,1015529,970640,993209,1049531,970254,978178,978658,973922,1017274,1016783,979555,1017977,1001308,1027154,999782,979593,1000208,956905,987959,953119,991964,1001868,954709,965739,953219,953486,982765,993760,1010479,960253,980605,975021,964812,968365,964408,1001163,930874,0,)
    int_debug6:                   8.89656e+06 (144387,201913,183593,203413,194501,200911,154351,191949,179894,175716,200502,154996,187097,189324,101717,192000,197487,198560,205852,197922,180906,209855,177482,176855,145770,154282,203670,189634,198864,176637,208407,157479,194615,198993,184489,194260,187090,198192,174446,150913,203655,181779,203032,199385,206772,194623,174778,213609,0,)
    int_debug7:                   3.09376e+06 (67069,56829,73562,53857,53454,54736,62683,75121,68505,66601,55528,63136,73600,59437,77550,72168,56961,57066,68652,61360,61178,68313,57789,55025,64891,74530,53764,53827,70176,65495,72385,71905,59578,62774,71351,71107,68392,69329,65841,75680,66137,64576,60881,64940,65718,62388,54030,63888,0,)
    int_debug8:                   0 (0,0,0,0,0,0,0,0,0,0,0,0,0,0,0,0,0,0,0,0,0,0,0,0,0,0,0,0,0,0,0,0,0,0,0,0,0,0,0,0,0,0,0,0,0,0,0,0,0,)
    int_debug9:                   4.72226e+07 (981962,1012715,968263,993867,994804,1013180,1013271,967478,1001289,1000090,994967,1014029,967793,990063,1049465,967786,972404,972140,967692,1012910,1012916,973562,1013680,997622,1025920,998560,975960,996463,951184,984309,947492,990528,997921,950308,962885,950550,950971,979642,990638,1009107,955089,976721,971670,959442,962449,958205,997331,925278,0,)
    int_debug10:                  8.87427e+07 (1279520,2281681,1779183,2145170,2320257,1897785,1628735,1792795,1885369,2115326,1763588,1521296,1543792,2009029,1181713,1723378,2115390,2277119,2217139,1888700,1791952,2137344,1751238,2136133,1528760,1540343,1598969,2221785,1997238,1932081,2305678,1447026,1970423,2164839,1737699,1759989,1748318,1749524,1833489,1544955,1763952,1809651,1596738,1957739,1757975,1947189,1790831,1853910,0,)
    int_psnflush:                 0 (0,0,0,0,0,0,0,0,0,0,0,0,0,0,0,0,0,0,0,0,0,0,0,0,0,0,0,0,0,0,0,0,0,0,0,0,0,0,0,0,0,0,0,0,0,0,0,0,0,)
    int_flush_time_interval:      0 (0,0,0,0,0,0,0,0,0,0,0,0,0,0,0,0,0,0,0,0,0,0,0,0,0,0,0,0,0,0,0,0,0,0,0,0,0,0,0,0,0,0,0,0,0,0,0,0,0,)
    int_flush_half_full:          2056 (0,0,0,0,0,0,0,0,0,0,0,0,0,0,0,0,0,0,0,0,0,0,0,0,0,0,0,0,0,0,0,0,0,0,0,0,0,0,0,0,0,0,0,0,0,0,0,0,2056,)
    int_rec_fail_to_insert:       0 (0,0,0,0,0,0,0,0,0,0,0,0,0,0,0,0,0,0,0,0,0,0,0,0,0,0,0,0,0,0,0,0,0,0,0,0,0,0,0,0,0,0,0,0,0,0,0,0,0,)
    int_num_get_row:              4.73258e+07 (981994,1016308,970091,997113,998120,1016759,1014220,969190,1003295,1002112,997030,1014869,969375,991880,1049502,969208,975619,975772,971206,1015384,1015109,976881,1016075,999698,1026624,999243,977990,998578,954382,986355,950550,991324,1000133,952741,964528,952071,952423,981393,992373,1009926,957998,978876,973541,962455,965820,961780,999475,928417,0,)
    int_locktable_volume:         1.28165e+08 (1511831,3297921,2586648,3273208,3232501,3195758,2001869,2438241,2623312,2694240,2607631,1975907,2662134,2519302,1205819,2675629,3345765,3104863,3159265,2682000,2608409,3261023,2680938,2719971,1923618,1894898,2602998,2827461,3093319,2652678,3276482,1973819,2626130,2944416,2617968,2447510,2511077,2620492,2573823,2010186,3115193,2664806,2471962,3302296,3186448,3145178,2659387,2959164,0,)
    int_aux_bytes:                5.39931e+07 (1125472,1157024,1110200,1135504,1139400,1158592,1158264,1106480,1144888,1140280,1137672,1163736,1106144,1133216,1200000,1108328,1111712,1111944,1107712,1156024,1156240,1113216,1161544,1141944,1173464,1143248,1112072,1138440,1088792,1127080,1085064,1135536,1140448,1084616,1102544,1084960,1085984,1117800,1132480,1153240,1090896,1117448,1104504,1094840,1100456,1093952,1141208,1058504,0,)
    int_nonzero:                  0 (0,0,0,0,0,0,0,0,0,0,0,0,0,0,0,0,0,0,0,0,0,0,0,0,0,0,0,0,0,0,0,0,0,0,0,0,0,0,0,0,0,0,0,0,0,0,0,0,0,)
    num_log_entries:              6.74914e+06 (140684,144628,138775,141938,142425,144824,144783,138310,143111,142535,142209,145467,138268,141652,150000,138541,138964,138993,138464,144503,144530,139152,145193,142743,146683,142906,139009,142305,136099,140885,135633,141942,142556,135577,137818,135620,135748,139725,141560,144155,136362,139681,138063,136855,137557,136744,142651,132313,0,)
    time_ts_alloc:                0 -nan -nan% 0 (0,0,0,0,0,0,0,0,0,0,0,0,0,0,0,0,0,0,0,0,0,0,0,0,0,0,0,0,0,0,0,0,0,0,0,0,0,0,0,0,0,0,0,0,0,0,0,0,0,)
    time_man:                     246.292 5.13107 185.384% 36492.3 (4.63672,5.18097,5.21984,5.14873,5.16686,5.11998,5.19446,5.22197,5.19127,5.18669,4.70152,5.18359,5.21648,5.20309,5.16578,5.20883,5.18689,5.16166,5.18955,5.17711,5.16433,5.16018,5.1827,5.13184,5.14155,5.14487,4.6812,5.15458,5.15066,5.18769,5.15969,5.19231,5.17184,5.16969,5.22578,5.21072,5.14488,5.17631,5.15311,5.16842,5.15934,5.17747,4.69259,5.18627,5.17715,5.18463,5.12321,5.05657,0,)
    time_cleanup:                 216.729 4.51518 163.132% 32112 (3.92462,4.57261,4.61878,4.5164,4.52756,4.47337,4.59556,4.63885,4.5681,4.57936,4.0229,4.54798,4.63236,4.59255,4.51799,4.61814,4.57105,4.54873,4.58364,4.56924,4.54033,4.54934,4.56035,4.52281,4.51956,4.54825,4.02275,4.51569,4.56167,4.59014,4.55228,4.60216,4.56935,4.57145,4.63982,4.62293,4.54822,4.56968,4.53749,4.55766,4.56304,4.56839,4.02596,4.59342,4.57975,4.58268,4.51171,4.38187,0,)
    time_txn:                     0 -nan -nan% 0 (0,0,0,0,0,0,0,0,0,0,0,0,0,0,0,0,0,0,0,0,0,0,0,0,0,0,0,0,0,0,0,0,0,0,0,0,0,0,0,0,0,0,0,0,0,0,0,0,0,)
    time_index:                   4.04224 0.0842133 3.0426% 598.927 (0.155504,0.0789583,0.0725313,0.0842406,0.0853506,0.0851961,0.0803119,0.0733745,0.0794159,0.0778151,0.128544,0.0835947,0.0734661,0.0771944,0.0779889,0.0766887,0.0794591,0.0772873,0.0800574,0.084148,0.0816585,0.0792185,0.0787179,0.0925029,0.0789482,0.0744509,0.127548,0.0816529,0.0985886,0.0735818,0.073348,0.0722921,0.075462,0.0773914,0.07089,0.0706323,0.0829526,0.0727179,0.0752213,0.0750138,0.077237,0.0757145,0.156259,0.0754813,0.0745092,0.0720336,0.0820201,0.105068,0,)
    time_log:                     128.123 2.66922 96.4382% 18983.6 (2.20834,2.69944,2.68588,2.6784,2.73342,2.72142,2.67693,2.68336,2.68834,2.68452,2.523,2.66672,2.69386,2.69541,2.49213,2.70514,2.72862,2.67037,2.66592,2.69089,2.68143,2.66496,2.70253,2.68369,2.70755,2.62185,2.55582,2.73679,2.64687,2.70909,2.7016,2.72664,2.68234,2.72828,2.65569,2.70077,2.6792,2.66576,2.66609,2.70105,2.69499,2.68318,2.53469,2.69547,2.66941,2.68607,2.70638,2.8424,0,)
    time_io:                      1.85863 1.85863 67.1517% 275.388 (0,0,0,0,0,0,0,0,0,0,0,0,0,0,0,0,0,0,0,0,0,0,0,0,0,0,0,0,0,0,0,0,0,0,0,0,0,0,0,0,0,0,0,0,0,0,0,0,1.85863,)
    time_wait_io:                 0 -nan -nan% 0 (0,0,0,0,0,0,0,0,0,0,0,0,0,0,0,0,0,0,0,0,0,0,0,0,0,0,0,0,0,0,0,0,0,0,0,0,0,0,0,0,0,0,0,0,0,0,0,0,0,)
    time_phase1_add_graph:        0 -nan -nan% 0 (0,0,0,0,0,0,0,0,0,0,0,0,0,0,0,0,0,0,0,0,0,0,0,0,0,0,0,0,0,0,0,0,0,0,0,0,0,0,0,0,0,0,0,0,0,0,0,0,0,)
    time_recover_txn:             0 -nan -nan% 0 (0,0,0,0,0,0,0,0,0,0,0,0,0,0,0,0,0,0,0,0,0,0,0,0,0,0,0,0,0,0,0,0,0,0,0,0,0,0,0,0,0,0,0,0,0,0,0,0,0,)
    time_lv_overhead:             3.4967 0.0728479 2.63197% 518.095 (0.0494659,0.0823421,0.0689371,0.0883413,0.0835911,0.0803856,0.0710372,0.0760445,0.0694943,0.0686006,0.0761378,0.0710971,0.070296,0.086548,0.0406007,0.0724564,0.0768001,0.0843631,0.0742271,0.0805993,0.0740408,0.0711252,0.0754245,0.0776393,0.0610327,0.062583,0.0754585,0.0807002,0.0725765,0.0665335,0.0718244,0.0624969,0.0797352,0.0818486,0.0702839,0.0769534,0.074959,0.0719522,0.0675506,0.0529523,0.0736367,0.0694997,0.0760918,0.0724786,0.0728383,0.073186,0.0759194,0.0840111,0,)
    time_state_malloc:            0 -nan -nan% 0 (0,0,0,0,0,0,0,0,0,0,0,0,0,0,0,0,0,0,0,0,0,0,0,0,0,0,0,0,0,0,0,0,0,0,0,0,0,0,0,0,0,0,0,0,0,0,0,0,0,)
    time_phase1_1:                6.19518 0.129066 4.66312% 917.921 (0.26498,0.115992,0.111342,0.116568,0.114699,0.117627,0.115444,0.111846,0.115927,0.114518,0.278758,0.115735,0.110315,0.113731,0.117362,0.110983,0.113683,0.11245,0.112297,0.116103,0.115782,0.113772,0.117045,0.120979,0.119897,0.119527,0.295767,0.117498,0.116719,0.116378,0.114216,0.116969,0.116806,0.114829,0.113873,0.114163,0.115784,0.116085,0.114219,0.120137,0.114305,0.116906,0.268158,0.113979,0.112704,0.115463,0.118393,0.124466,0,)
    time_phase1_2:                7.0148 0.146142 5.28006% 1039.36 (0.15203,0.164878,0.137332,0.159519,0.147002,0.146612,0.140445,0.134531,0.149806,0.147718,0.148317,0.147507,0.135866,0.143869,0.165825,0.139803,0.166329,0.146649,0.143314,0.14172,0.145575,0.151823,0.143102,0.15655,0.152939,0.140264,0.162226,0.144907,0.135892,0.143634,0.136489,0.140227,0.144607,0.142869,0.135136,0.133117,0.139722,0.141521,0.142115,0.144132,0.141719,0.142507,0.153301,0.151665,0.138509,0.135731,0.141549,0.173904,0,)
    time_phase2:                  8.55593 0.178249 6.44007% 1267.71 (0.214125,0.170145,0.163417,0.190687,0.181343,0.179989,0.168061,0.156526,0.187265,0.178991,0.196036,0.183656,0.160835,0.177435,0.208438,0.169042,0.181821,0.180604,0.178697,0.169937,0.182494,0.18327,0.173725,0.1863,0.198903,0.173245,0.188105,0.181263,0.161355,0.176441,0.166984,0.17135,0.182045,0.171113,0.159874,0.15684,0.175704,0.174035,0.17834,0.179359,0.175535,0.174789,0.197509,0.175735,0.171001,0.164399,0.16783,0.211341,0,)
    time_phase3:                  12.1074 0.252238 9.11328% 1793.92 (0.230964,0.240011,0.234243,0.237333,0.238815,0.240974,0.239892,0.230927,0.238155,0.235521,0.236594,0.244248,0.232669,0.233593,0.246877,0.229427,0.237054,0.23736,0.236114,0.243473,0.243664,0.234583,0.24295,0.266582,0.27432,0.266252,0.266852,0.272883,0.265721,0.267096,0.262064,0.263448,0.267769,0.259499,0.259877,0.264127,0.261566,0.266009,0.268787,0.274173,0.264434,0.270431,0.26569,0.262075,0.266759,0.264225,0.273011,0.248326,0,)
    time_phase1_1_raw:            21.3439 0.444664 16.0656% 3162.46 (0.423942,0.452603,0.445515,0.448664,0.448678,0.457667,0.447598,0.442284,0.448486,0.442101,0.437175,0.467899,0.438856,0.446944,0.454834,0.435399,0.445742,0.445403,0.439314,0.451604,0.457434,0.44172,0.460999,0.43764,0.436208,0.438136,0.432524,0.4532,0.437702,0.437903,0.45512,0.431639,0.43519,0.436447,0.440157,0.445719,0.433947,0.4467,0.45741,0.451217,0.435375,0.448431,0.427716,0.431384,0.444602,0.450775,0.454289,0.463592,0,)
    time_phase1_2_raw:            1.13727 0.023693 0.856022% 168.505 (0.0222522,0.0243404,0.0233155,0.0235704,0.0237546,0.0239121,0.023743,0.0233822,0.0239642,0.0239462,0.0234706,0.0241482,0.0236213,0.0238969,0.0242227,0.0232296,0.023472,0.0240419,0.0234017,0.0240446,0.0242987,0.0234717,0.0240579,0.0240091,0.0246932,0.0237425,0.0230663,0.0241233,0.0232464,0.0234864,0.0231576,0.0235673,0.0237493,0.0230544,0.0231234,0.0229353,0.0231042,0.023596,0.0236817,0.0240157,0.023717,0.0237607,0.0229425,0.0231603,0.0234001,0.0232406,0.0237829,0.0273504,0,)
    time_phase2_raw:              0.576336 0.012007 0.433809% 85.394 (0.0113615,0.0121643,0.0118085,0.0120422,0.0120916,0.0122166,0.0121549,0.0118174,0.0120687,0.0121246,0.0118779,0.0122283,0.0118184,0.0118983,0.0122105,0.0118139,0.0119441,0.0121419,0.0118334,0.0123288,0.0122038,0.0118852,0.0123007,0.0121384,0.0123446,0.012052,0.011753,0.0120469,0.0118606,0.0121002,0.0117156,0.0119438,0.0121434,0.0117208,0.0118206,0.0117382,0.0118566,0.0119853,0.0120833,0.0121858,0.0117747,0.0119396,0.0117589,0.0118027,0.0118399,0.0117418,0.0121564,0.013497,0,)
    time_phase3_raw:              0 -nan -nan% 0 (0,0,0,0,0,0,0,0,0,0,0,0,0,0,0,0,0,0,0,0,0,0,0,0,0,0,0,0,0,0,0,0,0,0,0,0,0,0,0,0,0,0,0,0,0,0,0,0,0,)
    time_recover_full:            0 -nan -nan% 0 (0,0,0,0,0,0,0,0,0,0,0,0,0,0,0,0,0,0,0,0,0,0,0,0,0,0,0,0,0,0,0,0,0,0,0,0,0,0,0,0,0,0,0,0,0,0,0,0,0,)
    time_recover1:                0 -nan -nan% 0 (0,0,0,0,0,0,0,0,0,0,0,0,0,0,0,0,0,0,0,0,0,0,0,0,0,0,0,0,0,0,0,0,0,0,0,0,0,0,0,0,0,0,0,0,0,0,0,0,0,)
    time_recover2:                0 -nan -nan% 0 (0,0,0,0,0,0,0,0,0,0,0,0,0,0,0,0,0,0,0,0,0,0,0,0,0,0,0,0,0,0,0,0,0,0,0,0,0,0,0,0,0,0,0,0,0,0,0,0,0,)
    time_recover3:                0 -nan -nan% 0 (0,0,0,0,0,0,0,0,0,0,0,0,0,0,0,0,0,0,0,0,0,0,0,0,0,0,0,0,0,0,0,0,0,0,0,0,0,0,0,0,0,0,0,0,0,0,0,0,0,)
    time_recover4:                0 -nan -nan% 0 (0,0,0,0,0,0,0,0,0,0,0,0,0,0,0,0,0,0,0,0,0,0,0,0,0,0,0,0,0,0,0,0,0,0,0,0,0,0,0,0,0,0,0,0,0,0,0,0,0,)
    time_recover5:                0 -nan -nan% 0 (0,0,0,0,0,0,0,0,0,0,0,0,0,0,0,0,0,0,0,0,0,0,0,0,0,0,0,0,0,0,0,0,0,0,0,0,0,0,0,0,0,0,0,0,0,0,0,0,0,)
    time_recover6:                0 -nan -nan% 0 (0,0,0,0,0,0,0,0,0,0,0,0,0,0,0,0,0,0,0,0,0,0,0,0,0,0,0,0,0,0,0,0,0,0,0,0,0,0,0,0,0,0,0,0,0,0,0,0,0,)
    time_recover7:                0 -nan -nan% 0 (0,0,0,0,0,0,0,0,0,0,0,0,0,0,0,0,0,0,0,0,0,0,0,0,0,0,0,0,0,0,0,0,0,0,0,0,0,0,0,0,0,0,0,0,0,0,0,0,0,)
    time_recover8:                0 -nan -nan% 0 (0,0,0,0,0,0,0,0,0,0,0,0,0,0,0,0,0,0,0,0,0,0,0,0,0,0,0,0,0,0,0,0,0,0,0,0,0,0,0,0,0,0,0,0,0,0,0,0,0,)
    time_debug_get_next:          0 -nan -nan% 0 (0,0,0,0,0,0,0,0,0,0,0,0,0,0,0,0,0,0,0,0,0,0,0,0,0,0,0,0,0,0,0,0,0,0,0,0,0,0,0,0,0,0,0,0,0,0,0,0,0,)
    time_debug0:                  9.37075 0.195224 7.05338% 1388.44 (0.148129,0.207643,0.200558,0.196251,0.197669,0.190717,0.200549,0.202482,0.188253,0.18734,0.186732,0.195622,0.206851,0.209543,0.167116,0.21482,0.199402,0.208668,0.197675,0.19171,0.189845,0.187274,0.191793,0.194706,0.173469,0.200336,0.190053,0.202002,0.193196,0.19086,0.201869,0.199176,0.193504,0.21489,0.21245,0.209357,0.208567,0.18542,0.194267,0.16896,0.201713,0.200027,0.179933,0.20254,0.19336,0.208194,0.193265,0.191989,0,)
    time_debug1:                  24.5418 0.511287 18.4726% 3636.28 (0.428202,0.5487,0.528962,0.566845,0.556946,0.52539,0.527888,0.526183,0.49676,0.512974,0.481694,0.515066,0.534999,0.533714,0.421706,0.527342,0.574443,0.549762,0.526156,0.511534,0.50774,0.516075,0.517813,0.507719,0.434845,0.462224,0.48538,0.512283,0.527763,0.507966,0.510372,0.467951,0.506838,0.54803,0.525485,0.516318,0.52418,0.484973,0.492925,0.426126,0.528528,0.495518,0.451859,0.552771,0.525186,0.549013,0.527107,0.533508,0,)
    time_debug2:                  3.30629 0.068881 2.48865% 489.883 (0.0408025,0.0829101,0.0692375,0.0809043,0.0746826,0.0781988,0.0532444,0.0708715,0.0640323,0.060245,0.0786684,0.0518132,0.0734697,0.0768034,0.0148515,0.0710934,0.0811357,0.0807802,0.0790844,0.0734358,0.0651895,0.0786482,0.0648621,0.0655389,0.0418551,0.0490576,0.0835115,0.0752304,0.0735903,0.0626593,0.0797066,0.0514446,0.0714071,0.0827203,0.0714159,0.074719,0.0702365,0.0724992,0.0604467,0.0405655,0.0788641,0.0682224,0.0782125,0.0764266,0.0815586,0.0780451,0.064796,0.088594,0,)
    time_debug3:                  37.9204 0.790009 28.5428% 5618.56 (0.852844,0.744559,0.858364,0.706373,0.676206,0.6721,0.863071,0.879234,0.850983,0.853596,0.480736,0.846778,0.84971,0.796727,1.16215,0.820302,0.699002,0.746869,0.830999,0.818126,0.814572,0.821682,0.801348,0.783025,0.888148,0.941164,0.43804,0.706811,0.832206,0.836613,0.769495,0.88454,0.833904,0.711161,0.894293,0.842091,0.785803,0.882771,0.842616,0.950012,0.77621,0.842957,0.511445,0.779319,0.826942,0.774706,0.737694,0.402128,0,)
    time_debug4:                  9.14473 0.190515 6.88326% 1354.95 (0.109754,0.234251,0.21227,0.230691,0.232312,0.212014,0.156723,0.204609,0.183237,0.190211,0.182699,0.148523,0.204646,0.19621,0.0519436,0.212277,0.235679,0.227553,0.215563,0.198483,0.188932,0.208719,0.192333,0.187756,0.120339,0.140938,0.178162,0.207741,0.210501,0.187764,0.211634,0.137427,0.187526,0.225038,0.209615,0.20093,0.203124,0.185131,0.171961,0.129743,0.207288,0.190638,0.167307,0.226151,0.213189,0.216226,0.189791,0.209185,0,)
    time_debug5:                  0.280898 0.00585204 0.211433% 41.6198 (0.0056608,0.00597832,0.00577833,0.00588611,0.00593204,0.00604721,0.00598579,0.00579258,0.00587146,0.00585228,0.00584296,0.0060525,0.00577592,0.00582074,0.00604621,0.00572435,0.00588059,0.00605894,0.00583258,0.00604102,0.00599352,0.00581644,0.00596852,0.00598561,0.00590506,0.00590537,0.00575627,0.00585197,0.00571125,0.00586261,0.00569534,0.00580192,0.00580183,0.00566459,0.0057562,0.00567056,0.00569145,0.00571476,0.00581744,0.00588568,0.00580833,0.00586132,0.0057032,0.00577773,0.00575858,0.00566293,0.00593024,0.00627868,0,)
    time_debug6:                  0 -nan -nan% 0 (0,0,0,0,0,0,0,0,0,0,0,0,0,0,0,0,0,0,0,0,0,0,0,0,0,0,0,0,0,0,0,0,0,0,0,0,0,0,0,0,0,0,0,0,0,0,0,0,0,)
    time_debug7:                  0 -nan -nan% 0 (0,0,0,0,0,0,0,0,0,0,0,0,0,0,0,0,0,0,0,0,0,0,0,0,0,0,0,0,0,0,0,0,0,0,0,0,0,0,0,0,0,0,0,0,0,0,0,0,0,)
    time_debug8:                  3.01645 0.0628427 2.27049% 446.938 (0.0505317,0.0633333,0.0607885,0.0642291,0.0646275,0.063256,0.0605266,0.0611471,0.0618054,0.0611245,0.0587913,0.0600811,0.0602051,0.0623904,0.0564839,0.063489,0.06459,0.0647342,0.0614861,0.0619135,0.0605571,0.059325,0.0623077,0.0634181,0.0612381,0.0632427,0.0622034,0.0634039,0.0672653,0.0658868,0.0667711,0.0635365,0.0633785,0.0679693,0.0663404,0.0663612,0.0644048,0.0625139,0.0631643,0.0607704,0.0662617,0.0629787,0.0609053,0.067199,0.0651643,0.0679169,0.0643966,0.0620322,0,)
    time_debug9:                  2.89667 0.0603474 2.18033% 429.192 (0.044985,0.0679868,0.0609366,0.0663269,0.0661083,0.0629071,0.0560952,0.0605957,0.0598285,0.0618897,0.0581106,0.055318,0.0588782,0.0607485,0.0454195,0.0610513,0.0656152,0.0677083,0.064809,0.061634,0.0608486,0.0645518,0.0606809,0.0607376,0.0523017,0.0535452,0.0551076,0.0624514,0.0649789,0.0603646,0.0667748,0.0539033,0.0603812,0.0651527,0.0602725,0.0590795,0.0611158,0.0593885,0.0581166,0.053008,0.0608606,0.059479,0.0571331,0.0643236,0.0626589,0.0627035,0.0593029,0.0704984,0,)
    time_debug10:                 0 -nan -nan% 0 (0,0,0,0,0,0,0,0,0,0,0,0,0,0,0,0,0,0,0,0,0,0,0,0,0,0,0,0,0,0,0,0,0,0,0,0,0,0,0,0,0,0,0,0,0,0,0,0,0,)
    time_debug11:                 98.3242 2.04842 74.0088% 14568.4 (2.24419,2.01058,2.04242,2.0657,2.09376,2.16016,2.02257,2.01679,2.00031,2.0333,2.26131,2.03445,2.01473,2.04787,1.89275,2.00945,2.10771,2.03371,2.03109,2.05075,2.04194,2.06196,2.00466,2.04667,2.00469,1.98106,2.21501,2.07801,2.07716,1.98574,2.02812,2.01334,2.02494,2.07469,1.9811,2.00038,2.03065,2.00366,1.99446,1.98149,1.99411,2.00422,2.24878,2.04905,2.00424,2.05596,2.06659,2.09785,0,)
    time_debug12:                 193.389 4.02893 145.564% 28653.8 (3.83409,4.06554,4.03641,4.01136,3.98362,3.91514,4.05375,4.06106,4.07628,4.04459,3.81607,4.04267,4.0625,4.03137,4.18626,4.06736,3.9684,4.04334,4.04709,4.02583,4.03433,4.01471,4.07107,4.03047,4.07215,4.0967,3.86192,3.99981,4.00029,4.09251,4.04959,4.06422,4.05283,4.00414,4.09671,4.07674,4.04928,4.0737,4.08345,4.09561,4.08419,4.07354,3.82919,4.02732,4.07301,4.02286,4.00939,3.97626,0,)
    time_debug13:                 0 -nan -nan% 0 (0,0,0,0,0,0,0,0,0,0,0,0,0,0,0,0,0,0,0,0,0,0,0,0,0,0,0,0,0,0,0,0,0,0,0,0,0,0,0,0,0,0,0,0,0,0,0,0,0,)
    time_debug14:                 0 -nan -nan% 0 (0,0,0,0,0,0,0,0,0,0,0,0,0,0,0,0,0,0,0,0,0,0,0,0,0,0,0,0,0,0,0,0,0,0,0,0,0,0,0,0,0,0,0,0,0,0,0,0,0,)
    time_debug15:                 214.731 4.47356 161.628% 31816 (3.88847,4.5086,4.58033,4.46654,4.48756,4.43318,4.55609,4.5999,4.52467,4.53649,3.98484,4.50732,4.59401,4.55283,4.46695,4.57899,4.51076,4.50867,4.54459,4.5288,4.50096,4.50367,4.52063,4.48052,4.48008,4.50844,3.96897,4.47542,4.52292,4.55064,4.51461,4.56285,4.52977,4.52774,4.60105,4.58567,4.51066,4.53067,4.49821,4.51903,4.52383,4.52834,3.98519,4.54378,4.54106,4.54468,4.47166,4.34005,0,)
    time_rec_loop_tryRead:        0 -nan -nan% 0 (0,0,0,0,0,0,0,0,0,0,0,0,0,0,0,0,0,0,0,0,0,0,0,0,0,0,0,0,0,0,0,0,0,0,0,0,0,0,0,0,0,0,0,0,0,0,0,0,0,)
    time_rec_finding_empty_slot:  0 -nan -nan% 0 (0,0,0,0,0,0,0,0,0,0,0,0,0,0,0,0,0,0,0,0,0,0,0,0,0,0,0,0,0,0,0,0,0,0,0,0,0,0,0,0,0,0,0,0,0,0,0,0,0,)
    time_silo_validate1:          2.31829 0.0482976 1.74498% 343.494 (0.048362,0.0491725,0.0476187,0.0485793,0.0482546,0.0489709,0.0489684,0.0476273,0.0488223,0.0485274,0.0476898,0.0486514,0.0475496,0.0481958,0.0492452,0.0474622,0.0480028,0.0482801,0.047878,0.0494037,0.0494892,0.0481895,0.0491516,0.0486748,0.0497039,0.0484821,0.0475811,0.0486621,0.0472825,0.048173,0.0474719,0.0478433,0.048699,0.0470349,0.0474224,0.0472601,0.0473651,0.0481105,0.0485003,0.0488663,0.0478741,0.0479241,0.0470211,0.0475214,0.0474597,0.0477047,0.0487816,0.0527745,0,)
    time_silo_validate2:          0.341803 0.00712089 0.257275% 50.6439 (0.00673823,0.00715277,0.00693405,0.00709352,0.00717678,0.00714204,0.00710709,0.00697958,0.00714008,0.00709756,0.00690843,0.00710421,0.00690595,0.00707168,0.0071949,0.00699379,0.0070865,0.00727524,0.00713813,0.0072113,0.00725733,0.00696258,0.00717565,0.00725155,0.00733032,0.00711087,0.00696357,0.00709476,0.00695685,0.00703667,0.00689216,0.00700565,0.00716375,0.00691897,0.00693917,0.00705342,0.00694306,0.00695194,0.00715082,0.0071691,0.00698452,0.00703374,0.00684581,0.00688463,0.00694147,0.00689937,0.00723167,0.0102013,0,)
    time_silo_validate3:          75.8029 1.57923 57.057% 11231.5 (1.48718,1.59375,1.67178,1.56327,1.51767,1.47805,1.66112,1.69429,1.61378,1.62893,1.24333,1.62487,1.67961,1.63144,1.78328,1.64766,1.56685,1.59732,1.64251,1.60941,1.58997,1.61392,1.58769,1.56514,1.5561,1.67,1.21162,1.51063,1.63847,1.61349,1.57438,1.61988,1.62017,1.56969,1.71891,1.65686,1.60272,1.64079,1.60338,1.60217,1.59678,1.62084,1.23543,1.61779,1.63831,1.62066,1.5371,1.23394,0,)
    time_silo_validate4:          0.0870538 0.00181362 0.0655255% 12.8985 (0.00171912,0.00183081,0.00176934,0.00181764,0.00180115,0.00185026,0.00181662,0.00177198,0.0018368,0.00180177,0.001782,0.00182651,0.00176654,0.00183652,0.00184582,0.00179283,0.00181052,0.00187507,0.00176592,0.00181922,0.00183247,0.00178794,0.0018701,0.00183133,0.00186168,0.00182986,0.00180276,0.0019002,0.00175832,0.00180175,0.00175759,0.00182991,0.00180757,0.00175503,0.0018039,0.0017609,0.00181116,0.00179368,0.00183249,0.00192879,0.00177698,0.00178619,0.0017553,0.00178823,0.00190854,0.00183464,0.00183839,0.00187161,0,)
    time_silo_validate5:          78.8655 1.64303 59.3622% 11685.3 (1.54582,1.66276,1.73346,1.62831,1.58331,1.5449,1.7228,1.75529,1.6784,1.69193,1.30423,1.68709,1.74115,1.69404,1.84473,1.70983,1.63155,1.66414,1.71152,1.67373,1.65642,1.68113,1.65451,1.62933,1.61782,1.73052,1.27308,1.57424,1.70326,1.67554,1.63789,1.68,1.68374,1.63244,1.77994,1.7187,1.66489,1.70272,1.66819,1.6641,1.66213,1.6836,1.29665,1.68794,1.7037,1.68668,1.6017,1.30565,0,)
    time_silo_validate6:          0.00223292 4.65192e-05 0.00168072% 0.330845 (7.17273e-07,7.26209e-05,3.92291e-05,6.02364e-05,6.09136e-05,6.35773e-05,2.30182e-05,4.66255e-05,4.24282e-05,4.29509e-05,4.36909e-05,2.35582e-05,3.66136e-05,3.81573e-05,2.02364e-06,3.564e-05,6.55082e-05,8.61655e-05,7.09773e-05,5.08527e-05,4.70518e-05,5.93909e-05,5.13173e-05,4.77309e-05,2.15055e-05,1.94564e-05,4.32118e-05,4.51391e-05,6.43336e-05,4.43891e-05,6.02709e-05,2.03009e-05,4.83427e-05,4.91855e-05,3.99127e-05,3.72864e-05,3.697e-05,3.94036e-05,3.92045e-05,2.30936e-05,6.66545e-05,4.64464e-05,4.18964e-05,5.83182e-05,6.56736e-05,6.64982e-05,4.991e-05,9.45227e-05,0,)
    time_silo_validate7:          0 -nan -nan% 0 (0,0,0,0,0,0,0,0,0,0,0,0,0,0,0,0,0,0,0,0,0,0,0,0,0,0,0,0,0,0,0,0,0,0,0,0,0,0,0,0,0,0,0,0,0,0,0,0,0,)
    time_silo_validate8:          127.718 2.66079 96.1336% 18923.6 (2.2033,2.66945,2.68044,2.66161,2.72674,2.71493,2.67101,2.67747,2.67829,2.6748,2.51751,2.65975,2.68811,2.68906,2.47496,2.6991,2.7014,2.6638,2.66004,2.68435,2.6761,2.65266,2.69655,2.6773,2.70179,2.61528,2.53396,2.72922,2.64078,2.70256,2.69614,2.72034,2.67578,2.71692,2.64928,2.69586,2.67388,2.65967,2.65987,2.69549,2.68834,2.67634,2.52588,2.67896,2.66337,2.6803,2.69984,2.83938,0,)
    time_silo_validate9:          135.863 2.83048 102.264% 20130.4 (2.34265,2.84577,2.84684,2.83817,2.90419,2.88822,2.83326,2.84456,2.84624,2.84451,2.68057,2.82021,2.85282,2.85875,2.62222,2.86913,2.87915,2.84445,2.833,2.85502,2.8445,2.82247,2.86607,2.85114,2.86225,2.7779,2.69585,2.90113,2.8196,2.87506,2.87666,2.88284,2.84597,2.89524,2.82107,2.86694,2.84572,2.82791,2.82999,2.85491,2.86164,2.84469,2.6885,2.85578,2.83729,2.85794,2.86991,3.0343,0,)
    time_locktable_get:           5.76418 0.120087 4.33871% 854.062 (0.189951,0.117514,0.116146,0.114053,0.130643,0.133655,0.104711,0.129569,0.110567,0.107242,0.163091,0.122437,0.107155,0.110622,0.107597,0.108526,0.111139,0.114982,0.117473,0.112739,0.11396,0.107479,0.115913,0.11027,0.122158,0.106298,0.155953,0.142418,0.112774,0.109158,0.121444,0.103408,0.106237,0.112869,0.119139,0.108286,0.110706,0.114239,0.116679,0.104352,0.106263,0.114312,0.156797,0.102369,0.106541,0.115636,0.116728,0.201983,0,)
    time_locktable_get_validation:0 -nan -nan% 0 (0,0,0,0,0,0,0,0,0,0,0,0,0,0,0,0,0,0,0,0,0,0,0,0,0,0,0,0,0,0,0,0,0,0,0,0,0,0,0,0,0,0,0,0,0,0,0,0,0,)
    time_locktable_release:       0 -nan -nan% 0 (0,0,0,0,0,0,0,0,0,0,0,0,0,0,0,0,0,0,0,0,0,0,0,0,0,0,0,0,0,0,0,0,0,0,0,0,0,0,0,0,0,0,0,0,0,0,0,0,0,)
    time_get_row_before:          3.65342 0.0761129 2.74993% 541.316 (0.0837587,0.0743647,0.0739218,0.0810749,0.0781853,0.0773687,0.0734384,0.070711,0.0794166,0.0755907,0.0802354,0.0791716,0.0701083,0.0761652,0.0849695,0.0729303,0.0769084,0.0759157,0.0750639,0.0746526,0.0774632,0.0773931,0.0759693,0.0778828,0.0809967,0.0742672,0.077492,0.0773061,0.0710335,0.0762163,0.0727786,0.0749544,0.0772221,0.0735391,0.0707383,0.0701662,0.0749209,0.0752001,0.0766702,0.0768759,0.0743954,0.075988,0.0800022,0.0758584,0.0734531,0.0726332,0.0728769,0.0851724,0,)
    time_get_row_after:           21.2696 0.443116 16.0096% 3151.45 (0.460443,0.440478,0.434067,0.460696,0.453984,0.459397,0.444352,0.405932,0.456857,0.448101,0.458579,0.457747,0.430035,0.447831,0.479201,0.432339,0.451055,0.445732,0.436507,0.444454,0.456615,0.449268,0.454385,0.444701,0.443036,0.439632,0.44796,0.442872,0.428138,0.435592,0.436003,0.435267,0.442653,0.434628,0.419073,0.432177,0.433895,0.440692,0.446014,0.453249,0.43892,0.44215,0.45259,0.437795,0.440674,0.436669,0.445603,0.411535,0,)
    time_log_create:              0.275739 0.00574457 0.207549% 40.8555 (0.00518986,0.00580708,0.0057949,0.00548152,0.00550635,0.00558242,0.00567684,0.00574819,0.00578465,0.00566087,0.00556033,0.00582052,0.00546087,0.00587371,0.00581957,0.00585911,0.00562719,0.0055798,0.00559743,0.00568822,0.00611415,0.00582121,0.00576061,0.00620975,0.00591641,0.0057128,0.00553154,0.00549601,0.00566792,0.00575019,0.00537105,0.00589026,0.00562075,0.00566087,0.00549441,0.0057539,0.00564552,0.00591194,0.00571993,0.00573497,0.00560441,0.00590937,0.00556401,0.00592031,0.00561282,0.00547041,0.00578384,0.00797035,0,)
    time_log_serialLogTxn:        0 -nan -nan% 0 (0,0,0,0,0,0,0,0,0,0,0,0,0,0,0,0,0,0,0,0,0,0,0,0,0,0,0,0,0,0,0,0,0,0,0,0,0,0,0,0,0,0,0,0,0,0,0,0,0,)
    time_cleanup_1:               0.0883832 0.00184132 0.0665262% 13.0955 (0.00172608,0.00189785,0.00182027,0.00184822,0.00186362,0.00187215,0.00184833,0.00181337,0.00187239,0.0018447,0.00184002,0.00186834,0.00181776,0.00186546,0.00188667,0.00181867,0.00183948,0.00186273,0.00180698,0.00187772,0.0018728,0.00184146,0.00190279,0.00187495,0.00188417,0.0018559,0.00181169,0.00186291,0.00182122,0.00184158,0.00182281,0.0018414,0.0018545,0.00180062,0.00183115,0.00178736,0.00180677,0.00186862,0.00183071,0.00186715,0.00185607,0.00183998,0.00176305,0.00182813,0.00182839,0.00180342,0.00186088,0.00183186,0,)
    time_cleanup_2:               0.561996 0.0117083 0.423016% 83.2693 (0.0111736,0.0121087,0.0116281,0.0117917,0.0118455,0.0120856,0.0119893,0.0117389,0.0117542,0.0117439,0.0115603,0.0118773,0.0115317,0.0117123,0.0119206,0.0116263,0.0116667,0.0119532,0.0118974,0.0121784,0.0118843,0.011657,0.0119077,0.0128809,0.0118016,0.0117148,0.0113296,0.0116251,0.0115536,0.0115233,0.0113761,0.011502,0.0116452,0.0112814,0.0113501,0.0112077,0.0112843,0.0113849,0.0116852,0.0116432,0.0113463,0.0115894,0.0113312,0.0116113,0.0114953,0.0112949,0.0117446,0.0135614,0,)
    time_insideSLT1:              126.194 2.62904 94.9864% 18697.8 (2.1754,2.6389,2.64812,2.6317,2.69705,2.6848,2.63883,2.64602,2.64748,2.64503,2.48868,2.62969,2.6544,2.65763,2.44541,2.6661,2.67059,2.63374,2.62992,2.65486,2.64583,2.62219,2.66679,2.64338,2.67035,2.58416,2.50219,2.69817,2.60772,2.66998,2.66621,2.68857,2.64283,2.68594,2.61526,2.66052,2.64245,2.62667,2.62682,2.66346,2.65436,2.64344,2.49429,2.64512,2.62896,2.64633,2.66501,2.80251,0,)
    time_insideSLT2:              126.662 2.63878 95.3385% 18767.1 (2.18488,2.64865,2.65726,2.64105,2.70651,2.69465,2.64831,2.65517,2.65716,2.65451,2.49819,2.63972,2.66363,2.66705,2.45562,2.67541,2.67972,2.64304,2.63911,2.66458,2.65563,2.63158,2.67647,2.65398,2.68073,2.59452,2.51235,2.70867,2.61742,2.67996,2.67578,2.69864,2.65305,2.69579,2.62507,2.67045,2.65221,2.63669,2.63689,2.67407,2.66415,2.6535,2.50441,2.65504,2.63902,2.65588,2.67539,2.8101,0,)
    time_STLother:                0.0950368 0.00197993 0.0715344% 14.0813 (0.00176163,0.00202142,0.00197854,0.00201374,0.00197024,0.00196386,0.00195188,0.00200717,0.00200145,0.00195851,0.00192505,0.00194291,0.0019582,0.00202032,0.00193353,0.00201295,0.00247356,0.00196781,0.00196732,0.00206121,0.00202622,0.00199608,0.00199531,0.00197101,0.0019469,0.00195206,0.00193694,0.00197095,0.00200054,0.00195003,0.00193034,0.0020405,0.00198299,0.00199997,0.00202212,0.00194623,0.00198489,0.00194143,0.00190234,0.00190514,0.00199024,0.00194516,0.00185791,0.00196774,0.00195474,0.00195339,0.00196244,0.00211188,0,)
    time_logging_thread:          6.27169 6.27169 226.594% 929.258 (0,0,0,0,0,0,0,0,0,0,0,0,0,0,0,0,0,0,0,0,0,0,0,0,0,0,0,0,0,0,0,0,0,0,0,0,0,0,0,0,0,0,0,0,0,0,0,0,6.27169,)
    int_serialLogFail:            0 (0,0,0,0,0,0,0,0,0,0,0,0,0,0,0,0,0,0,0,0,0,0,0,0,0,0,0,0,0,0,0,0,0,0,0,0,0,0,0,0,0,0,0,0,0,0,0,0,0,)
Projected Disk Bandwidth Utilized - avg 1.28848e+09 real 1.28848e+09
Total time measured 666.633
Total wall time observed 668.266
Estimated CPU_FREQ is 2.19462
