NUM_CORES_PER_SLOT=24
NUMA_NODE_NUM=2
HYPER_THREADING_FACTOR=2
Using SIMD
MM_MAX=_mm512_max_epu32
SIMD_PREFIX=__m512i
MAX_LOGGER_NUM_SIMD=16
Running in big-hash-table mode.

Using 1 disks.
g_flush_blocksize=1048576, g_log_buffer_size=524288000
Init parallelism 96
Stats initialized
Global manager initialized
reading schema file: ./benchmarks/TPCC_full_schema.txt
0 0x7f0fee600040 50000000 1
0 0x559145635f80 500 1
0 0x559145638f40 5000 1
0 0x7f0fd8ead040 15000000 1
0 0x7f0fc375a040 15000000 1
0 0x7f0f7bef1040 50000000 1
TPCC schema initialized
TPCC Data Initialization Complete!
workload initialized!
Init time 661.959
Queue Buffer Length7281777
Log Read Size: 419430400
Log buffer size 524288000
log file:		/home/guest/dbx1000/logs/TC_log0_1_TPCC_0.500000.data
/home/guest/dbx1000/logs/TC_log0_1_TPCC_0.500000.data
Start Initializing Locktable, size 16777216
ltiSize=64
Locktable Initialized, size 16777216, schema table size 15728640
mem_allocator initialized!
Query Queue Init Time 12.782569
query_queue initialized!
Setting logger 0 to CPU node 0
PSN Flush Frequency: 1000
sim_done = 1
sim_done = 2
sim_done = 18
sim_done = 4
sim_done = 23
sim_done = 26
sim_done = 11
sim_done = 10
sim_done = 13
sim_done = 4
sim_done = 20
sim_done = 17
sim_done = 25
sim_done = 15
sim_done = 30
sim_done = 15
sim_done = 6
sim_done = 16
sim_done = 8
sim_done = 21
sim_done = 5
sim_done = 24
sim_done = 9
sim_done = 31
sim_done = 27
sim_done = 29
sim_done = 12
sim_done = 19
sim_done = 7
sim_done = 30
sim_done = 22
sim_done = 32
sim_done = 33
sim_done = 34
sim_done = 35
sim_done = 36
sim_done = 37
sim_done = 38
sim_done = 39
sim_done = 40
sim_done = 41
sim_done = 42
sim_done = 43
sim_done = 44
sim_done = 45
sim_done = 46
sim_done = 47
sim_done = 48
Destructor 0. flush size=519719936 (1865416704 to 2385136640)
PASS! SimTime = 1.16364e+10
=Worker Thread=
    Throughput:                   577835
    MaxThr:                       577835
    PerThdThr:                    705054
    run_time:                     457.706 (9.5345,9.53554,9.53597,9.53526,9.53543,9.53306,9.53557,9.53474,9.5338,9.53601,9.53586,9.53686,9.53241,9.53477,9.53487,9.53614,9.54284,9.53532,9.53488,9.53233,9.53799,9.53733,9.53351,9.53491,9.53532,9.53419,9.53614,9.53368,9.53689,9.53698,9.53668,9.53326,9.53507,9.53326,9.53535,9.53404,9.53448,9.5428,9.53245,9.53431,9.53487,9.53833,9.54288,9.53276,9.5358,9.53374,9.53296,9.53938,0,)
    log_bytes:                    2.38514 (0,0,0,0,0,0,0,0,0,0,0,0,0,0,0,0,0,0,0,0,0,0,0,0,0,0,0,0,0,0,0,0,0,0,0,0,0,0,0,0,0,0,0,0,0,0,0,0,2.38514,)
    log_dep_size:                 0 (0,0,0,0,0,0,0,0,0,0,0,0,0,0,0,0,0,0,0,0,0,0,0,0,0,0,0,0,0,0,0,0,0,0,0,0,0,0,0,0,0,0,0,0,0,0,0,0,0,)
    log_total_size:               3.24496 (0.067109,0.0697307,0.0692391,0.0677961,0.0682264,0.0669485,0.069768,0.0694638,0.0659907,0.0672396,0.0646741,0.0538391,0.0667799,0.0700803,0.0635735,0.0652797,0.0687417,0.0664714,0.0695073,0.0673527,0.0672001,0.068582,0.0674782,0.0692777,0.0699122,0.0688404,0.0675411,0.0670064,0.0690774,0.0686672,0.0690482,0.0702193,0.0704839,0.0665531,0.0703083,0.0685899,0.0692806,0.0667787,0.0685833,0.0694195,0.0699021,0.0693973,0.0705001,0.0673802,0.0689829,0.067926,0.0688985,0.0513089,0,)
    latency:                      1.27195e+07 (278513,269326,262407,255177,281997,245590,268092,271486,256947,265519,250161,209508,257455,289194,258283,245673,254605,254568,276190,263073,261088,264446,265818,278923,269985,265361,268670,263459,265646,265041,258028,288133,271495,249683,270709,269867,276189,264077,273425,277434,279378,282288,268945,274804,262019,258072,273782,238930,0,)

    num_commits:                  6.72306e+06 (143074,141834,138776,138385,141959,132485,142768,145846,134024,139277,134358,122510,133419,150000,132749,132428,137302,133346,147578,139014,135896,139091,137895,146758,142379,140160,144736,139585,136675,141196,140213,145668,145313,134174,141954,143032,145220,139115,144719,142295,147252,146625,140756,142941,142287,137837,144773,133383,0,)
    num_async_commits:            5.25034e+06 (112154,110909,108798,108146,111193,101588,110745,113366,103962,108077,104188,96636,103114,117969,106952,102224,105707,104154,115424,108585,105788,107267,107130,115247,111092,108630,113204,108595,105429,111447,108725,113398,111730,105272,108801,112455,114904,106945,114333,111536,114685,114036,108857,112273,111464,107660,113733,111808,0,)
    num_aborts:                   9.83152e+06 (197785,216074,213448,206854,204866,209115,216443,205760,205115,202488,193299,147823,208568,204554,193679,204504,212249,202531,203343,202734,208784,207597,209248,206906,211795,211036,201453,207365,216400,212387,214179,210187,217489,208074,212855,206463,207538,203158,206632,208911,206132,202757,221598,204532,212521,212078,209262,122954,0,)
    num_aborts_logging:           9.64375e+06 (197762,209245,207424,200633,203514,202764,212238,201846,201130,198762,190288,144980,205011,203734,187406,197939,205629,198988,201967,201124,204700,206036,205539,203360,208093,207701,197547,201239,210771,206672,208306,208738,210748,205102,211429,203560,205341,199763,203262,205062,202970,201434,217650,198850,206364,206261,202840,122028,0,)
    num_log_records:              6.72306e+06 (143074,141834,138776,138385,141959,132485,142768,145846,134024,139277,134358,122510,133419,150000,132749,132428,137302,133346,147578,139014,135896,139091,137895,146758,142379,140160,144736,139585,136675,141196,140213,145668,145313,134174,141954,143032,145220,139115,144719,142295,147252,146625,140756,142941,142287,137837,144773,133383,0,)
    log_data:                     0 (0,0,0,0,0,0,0,0,0,0,0,0,0,0,0,0,0,0,0,0,0,0,0,0,0,0,0,0,0,0,0,0,0,0,0,0,0,0,0,0,0,0,0,0,0,0,0,0,0,)
    num_latency_count:            5.25034e+06 (112154,110909,108798,108146,111193,101588,110745,113366,103962,108077,104188,96636,103114,117969,106952,102224,105707,104154,115424,108585,105788,107267,107130,115247,111092,108630,113204,108595,105429,111447,108725,113398,111730,105272,108801,112455,114904,106945,114333,111536,114685,114036,108857,112273,111464,107660,113733,111808,0,)
    num_raw_edges:                0 (0,0,0,0,0,0,0,0,0,0,0,0,0,0,0,0,0,0,0,0,0,0,0,0,0,0,0,0,0,0,0,0,0,0,0,0,0,0,0,0,0,0,0,0,0,0,0,0,0,)
    num_waw_edges:                0 (0,0,0,0,0,0,0,0,0,0,0,0,0,0,0,0,0,0,0,0,0,0,0,0,0,0,0,0,0,0,0,0,0,0,0,0,0,0,0,0,0,0,0,0,0,0,0,0,0,)
    num_war_edges:                0 (0,0,0,0,0,0,0,0,0,0,0,0,0,0,0,0,0,0,0,0,0,0,0,0,0,0,0,0,0,0,0,0,0,0,0,0,0,0,0,0,0,0,0,0,0,0,0,0,0,)
    int_num_log:                  1.63668e+07 (340836,351079,346200,339018,345473,335249,355006,347692,335154,338039,324646,267490,338430,353734,320155,330367,342931,332334,349545,340138,340596,345127,343434,350118,350472,347861,342283,340824,347446,347868,348519,354406,356061,339276,353383,346592,350561,338878,347981,347357,350222,348059,358406,341791,348651,344098,347613,255411,0,)
    int_debug_get_next:           0 (0,0,0,0,0,0,0,0,0,0,0,0,0,0,0,0,0,0,0,0,0,0,0,0,0,0,0,0,0,0,0,0,0,0,0,0,0,0,0,0,0,0,0,0,0,0,0,0,0,)
    int_debug1:                   0 (0,0,0,0,0,0,0,0,0,0,0,0,0,0,0,0,0,0,0,0,0,0,0,0,0,0,0,0,0,0,0,0,0,0,0,0,0,0,0,0,0,0,0,0,0,0,0,0,0,)
    int_debug2:                   2.15026e+09 (0,0,0,0,0,0,0,0,0,0,0,0,0,0,0,0,0,0,0,0,0,0,0,0,0,0,0,0,0,0,0,0,0,0,0,0,0,0,0,0,0,0,0,0,0,0,0,0,2150255616,)
    int_debug3:                   1780 (0,0,0,0,0,0,0,0,0,0,0,0,0,0,0,0,0,0,0,0,0,0,0,0,0,0,0,0,0,0,0,0,0,0,0,0,0,0,0,0,0,0,0,0,0,0,0,0,1780,)
    int_debug4:                   2.63238e+08 (4032832,6402262,7265350,6822450,3999291,5702084,6124383,6972982,5355137,5421695,4649638,4257237,4461612,4746228,6072687,6435950,6915033,5345072,4583984,4282615,5075629,4155976,5401244,5797048,5593654,5691783,5751641,6269439,5880186,6562381,6755384,3570889,6541041,5950242,4504921,5367473,4957599,5524305,5081982,5279678,5273950,4691068,5785635,5880152,6390158,6246502,6225781,3184007,0,)
    int_debug5:                   1.2088e+08 (2490423,2603594,2583847,2531433,2535276,2499027,2598073,2588419,2458104,2504689,2408955,2006753,2487434,2603998,2372890,2437144,2566996,2477430,2584392,2504433,2503356,2549710,2511993,2579405,2604122,2562231,2515579,2500524,2577189,2561741,2575874,2610626,2631234,2475925,2613927,2553678,2576126,2485266,2552200,2586897,2602973,2579811,2625322,2513465,2573359,2533224,2572509,1908544,0,)
    int_debug6:                   7.02868e+06 (121339,157859,159187,158087,126608,150792,148295,148599,142935,144299,145406,132838,149056,146036,157012,157567,155247,151376,131307,121401,140579,131443,143797,159189,145153,144383,144421,157723,163243,163901,165943,130476,162701,147029,115578,151535,127079,142565,144476,138751,143308,125272,145093,163441,163228,152047,165695,145382,0,)
    int_debug7:                   3.42492e+06 (76724,71623,73716,62911,76844,74902,68124,67698,75644,70878,70754,67417,70332,77064,70475,73945,70492,74467,72338,69220,76086,74442,74830,69540,65718,71127,68342,72126,77267,68736,64582,77120,73646,68385,74092,67851,72842,74527,68796,71596,71869,71033,73140,66036,66349,66739,66790,75743,0,)
    int_debug8:                   0 (0,0,0,0,0,0,0,0,0,0,0,0,0,0,0,0,0,0,0,0,0,0,0,0,0,0,0,0,0,0,0,0,0,0,0,0,0,0,0,0,0,0,0,0,0,0,0,0,0,)
    int_debug9:                   4.70238e+07 (999908,992353,967862,966239,992647,927542,994505,1019109,936329,975481,939706,858537,933654,1046925,927519,923139,959627,937848,1031611,972708,950189,974139,962680,1027651,1000201,981775,1012580,973090,955344,987397,981693,1018577,1017756,940430,993558,997974,1016964,972352,1010404,997762,1030869,1027116,983985,998135,996955,962900,1015317,932759,0,)
    int_debug10:                  9.38243e+07 (1456863,2242685,2535627,2379008,1511325,1938181,2165710,2496160,1932222,1949234,1647189,1667165,1532828,1789475,2174701,2253874,2394744,1781407,1686615,1547089,1777478,1458424,1944892,2103135,1971610,2029271,2145903,2213271,2005105,2285809,2341131,1326229,2276502,2026928,1625525,1880760,1831275,2039903,1822247,1854498,1933734,1793651,2017195,2104130,2206612,2116383,2197280,1413301,0,)
    int_psnflush:                 0 (0,0,0,0,0,0,0,0,0,0,0,0,0,0,0,0,0,0,0,0,0,0,0,0,0,0,0,0,0,0,0,0,0,0,0,0,0,0,0,0,0,0,0,0,0,0,0,0,0,)
    int_flush_time_interval:      0 (0,0,0,0,0,0,0,0,0,0,0,0,0,0,0,0,0,0,0,0,0,0,0,0,0,0,0,0,0,0,0,0,0,0,0,0,0,0,0,0,0,0,0,0,0,0,0,0,0,)
    int_flush_half_full:          1779 (0,0,0,0,0,0,0,0,0,0,0,0,0,0,0,0,0,0,0,0,0,0,0,0,0,0,0,0,0,0,0,0,0,0,0,0,0,0,0,0,0,0,0,0,0,0,0,0,1779,)
    int_rec_fail_to_insert:       0 (0,0,0,0,0,0,0,0,0,0,0,0,0,0,0,0,0,0,0,0,0,0,0,0,0,0,0,0,0,0,0,0,0,0,0,0,0,0,0,0,0,0,0,0,0,0,0,0,0,)
    int_num_get_row:              1.20692e+08 (2490400,2596767,2577824,2525217,2533927,2492680,2593871,2584506,2454121,2500963,2405947,2003912,2483879,2603185,2366623,2430579,2560382,2473891,2583017,2502825,2499279,2548152,2508287,2575861,2600427,2558900,2511676,2494403,2571560,2556030,2570003,2609180,2624497,2472955,2612507,2550778,2573932,2481873,2548832,2583050,2599814,2578491,2621381,2507783,2567205,2527414,2566092,1907618,0,)
    int_locktable_volume:         3.81696e+08 (4912400,9838187,10061302,9530141,5479532,9557149,8115142,8942196,7505035,7667269,7329891,6126785,7553430,5913957,9019724,9802348,9939254,8664447,6005485,5838473,7690829,6369027,7723468,8204164,7923233,8007103,7593278,9795888,9785668,9842765,9858431,5579312,10586480,8353608,5688831,7903659,5709174,7428312,7502107,8002601,7773196,5321249,7854030,9541737,9861102,9963100,9681072,4350220,0,)
    int_aux_bytes:                1.30934e+08 (2726688,2808632,2769600,2712144,2763784,2681992,2840048,2781536,2681232,2704312,2597168,2139920,2707440,2829872,2561240,2642936,2743448,2658672,2796360,2721104,2724768,2761016,2747472,2800944,2803776,2782888,2738264,2726592,2779568,2782944,2788152,2835248,2848488,2714208,2827064,2772736,2804488,2711024,2783848,2778856,2801776,2784472,2867248,2734328,2789208,2752784,2780904,2043288,0,)
    int_nonzero:                  0 (0,0,0,0,0,0,0,0,0,0,0,0,0,0,0,0,0,0,0,0,0,0,0,0,0,0,0,0,0,0,0,0,0,0,0,0,0,0,0,0,0,0,0,0,0,0,0,0,0,)
    num_log_entries:              1.63668e+07 (340836,351079,346200,339018,345473,335249,355006,347692,335154,338039,324646,267490,338430,353734,320155,330367,342931,332334,349545,340138,340596,345127,343434,350118,350472,347861,342283,340824,347446,347868,348519,354406,356061,339276,353383,346592,350561,338878,347981,347357,350222,348059,358406,341791,348651,344098,347613,255411,0,)
    time_ts_alloc:                0 -nan -nan% 0 (0,0,0,0,0,0,0,0,0,0,0,0,0,0,0,0,0,0,0,0,0,0,0,0,0,0,0,0,0,0,0,0,0,0,0,0,0,0,0,0,0,0,0,0,0,0,0,0,0,)
    time_man:                     292.469 6.09311 140.578% 43502.4 (5.62883,6.16299,6.15349,6.12957,6.05581,6.14265,6.14565,6.08668,6.11664,6.11488,6.10168,5.65772,6.14073,6.04744,5.99111,6.13934,6.15474,6.11507,6.01558,6.05965,6.11956,6.15093,6.136,6.10103,6.1573,6.16349,6.07206,6.15925,6.24467,6.16972,6.15876,6.10334,6.15554,6.18301,6.1763,6.14363,6.08894,6.1216,6.16284,6.18328,6.12503,6.07154,6.19789,6.1722,6.1684,6.19494,6.06314,5.36463,0,)
    time_cleanup:                 250.991 5.22898 120.641% 37332.9 (4.68221,5.28293,5.27885,5.26596,5.18445,5.27974,5.28162,5.20093,5.29096,5.2514,5.25948,4.96299,5.29578,5.13829,5.19409,5.29509,5.29611,5.25225,5.12343,5.21142,5.27231,5.29463,5.28737,5.20201,5.26858,5.29185,5.19956,5.29865,5.37483,5.29181,5.27588,5.2214,5.27857,5.3401,5.29157,5.27256,5.19394,5.25659,5.27506,5.30225,5.2216,5.18147,5.32263,5.3011,5.29349,5.33251,5.16324,4.65761,0,)
    time_txn:                     0 -nan -nan% 0 (0,0,0,0,0,0,0,0,0,0,0,0,0,0,0,0,0,0,0,0,0,0,0,0,0,0,0,0,0,0,0,0,0,0,0,0,0,0,0,0,0,0,0,0,0,0,0,0,0,)
    time_index:                   7.4285 0.15476 3.57057% 1104.93 (0.223133,0.154879,0.15505,0.14925,0.157061,0.155542,0.154314,0.157201,0.147089,0.153093,0.150109,0.112391,0.149588,0.162775,0.138729,0.149107,0.15441,0.151352,0.160729,0.152856,0.154979,0.155031,0.155257,0.177184,0.156304,0.156344,0.154587,0.153317,0.151002,0.153942,0.154605,0.158853,0.157534,0.150096,0.155221,0.153807,0.159982,0.153645,0.158258,0.157173,0.156376,0.161377,0.155014,0.153744,0.157957,0.153046,0.157663,0.117544,0,)
    time_log:                     135.292 2.81859 65.0294% 20123.6 (2.4606,2.88731,2.81925,2.89261,2.81331,2.75932,2.85523,2.8644,2.77867,2.76357,2.83134,2.79486,2.76443,2.87238,2.84753,2.85556,2.86779,2.79233,2.84524,2.78552,2.81453,2.8032,2.85815,2.77294,2.8368,2.82962,2.83212,2.87244,2.83951,2.81512,2.77888,2.84657,2.87046,2.77025,2.75913,2.83341,2.79425,2.75275,2.7549,2.81233,2.84893,2.79984,2.80153,2.83179,2.83815,2.82526,2.79876,3.14937,0,)
    time_io:                      8.11987 8.11987 187.338% 1207.76 (0,0,0,0,0,0,0,0,0,0,0,0,0,0,0,0,0,0,0,0,0,0,0,0,0,0,0,0,0,0,0,0,0,0,0,0,0,0,0,0,0,0,0,0,0,0,0,0,8.11987,)
    time_wait_io:                 0 -nan -nan% 0 (0,0,0,0,0,0,0,0,0,0,0,0,0,0,0,0,0,0,0,0,0,0,0,0,0,0,0,0,0,0,0,0,0,0,0,0,0,0,0,0,0,0,0,0,0,0,0,0,0,)
    time_phase1_add_graph:        0 -nan -nan% 0 (0,0,0,0,0,0,0,0,0,0,0,0,0,0,0,0,0,0,0,0,0,0,0,0,0,0,0,0,0,0,0,0,0,0,0,0,0,0,0,0,0,0,0,0,0,0,0,0,0,)
    time_recover_txn:             0 -nan -nan% 0 (0,0,0,0,0,0,0,0,0,0,0,0,0,0,0,0,0,0,0,0,0,0,0,0,0,0,0,0,0,0,0,0,0,0,0,0,0,0,0,0,0,0,0,0,0,0,0,0,0,)
    time_lv_overhead:             4.45366 0.0927847 2.14069% 662.446 (0.0716513,0.0967677,0.10451,0.101219,0.0813154,0.0940287,0.0938898,0.0948338,0.0912224,0.0900614,0.0964435,0.0774755,0.0981944,0.0897938,0.0921099,0.097719,0.0972418,0.089287,0.0855608,0.0865501,0.0904616,0.0899573,0.0908906,0.0981005,0.0968543,0.0933992,0.0965269,0.0938964,0.0994323,0.101561,0.104014,0.082452,0.093486,0.100898,0.0844218,0.100498,0.0896765,0.0907925,0.101521,0.0901741,0.0911677,0.0861487,0.0929023,0.100765,0.102043,0.0956587,0.0985343,0.0675552,0,)
    time_state_malloc:            0 -nan -nan% 0 (0,0,0,0,0,0,0,0,0,0,0,0,0,0,0,0,0,0,0,0,0,0,0,0,0,0,0,0,0,0,0,0,0,0,0,0,0,0,0,0,0,0,0,0,0,0,0,0,0,)
    time_phase1_1:                9.58093 0.199603 4.60516% 1425.09 (0.328755,0.201923,0.205466,0.197363,0.205591,0.197219,0.202013,0.201857,0.196022,0.200331,0.193094,0.155349,0.195255,0.209596,0.183763,0.196145,0.200464,0.19748,0.206216,0.204592,0.199589,0.202375,0.200104,0.204647,0.199887,0.197746,0.195189,0.194718,0.193407,0.194221,0.199459,0.202361,0.200422,0.191108,0.20074,0.192861,0.201762,0.197908,0.198264,0.197432,0.202633,0.202673,0.199869,0.195708,0.198606,0.195537,0.198709,0.144505,0,)
    time_phase1_2:                13.3109 0.277311 6.39801% 1979.89 (0.285318,0.283983,0.284136,0.277047,0.283634,0.272122,0.278829,0.28832,0.263814,0.277528,0.272368,0.213352,0.27389,0.298921,0.253087,0.272815,0.276808,0.275715,0.29371,0.276947,0.2762,0.279068,0.278602,0.295023,0.283155,0.27911,0.277857,0.281741,0.275358,0.280532,0.282124,0.28633,0.285285,0.273161,0.294048,0.28159,0.285619,0.277579,0.276825,0.28499,0.285615,0.284112,0.280073,0.278376,0.281385,0.273633,0.284208,0.206996,0,)
    time_phase2:                  16.5882 0.345588 7.97328% 2467.36 (0.373863,0.351486,0.357081,0.336911,0.350283,0.342601,0.344649,0.362205,0.327648,0.341148,0.337114,0.261966,0.342803,0.368273,0.316149,0.348674,0.344296,0.349667,0.364861,0.340531,0.340283,0.342994,0.34347,0.363668,0.356105,0.351097,0.341827,0.345909,0.347713,0.355045,0.359092,0.353978,0.351835,0.34492,0.353507,0.346423,0.359836,0.345943,0.343662,0.349298,0.356546,0.353557,0.348773,0.346232,0.35151,0.34115,0.366742,0.264915,0,)
    time_phase3:                  18.1914 0.378987 8.74384% 2705.82 (0.387391,0.399567,0.393569,0.392111,0.408765,0.3877,0.397835,0.39893,0.378405,0.397153,0.388117,0.322031,0.388013,0.417092,0.364558,0.383469,0.395315,0.3937,0.412876,0.397767,0.395278,0.398734,0.396969,0.374127,0.372674,0.372275,0.370262,0.368734,0.360857,0.366131,0.363844,0.379296,0.371314,0.357989,0.374109,0.365157,0.377075,0.363869,0.370116,0.371464,0.378252,0.385777,0.372132,0.371534,0.367605,0.363457,0.372611,0.305374,0,)
    time_phase1_1_raw:            28.3927 0.591514 13.6472% 4223.18 (0.570915,0.599754,0.580628,0.602949,0.60278,0.596105,0.596751,0.599543,0.56949,0.603332,0.583766,0.486218,0.573007,0.621048,0.546992,0.566504,0.589169,0.590849,0.608782,0.581625,0.582405,0.591049,0.582492,0.60924,0.613363,0.602883,0.605481,0.590138,0.596302,0.597862,0.591949,0.608195,0.599591,0.574965,0.615921,0.595556,0.614848,0.583613,0.621966,0.61064,0.623169,0.625454,0.604668,0.608436,0.59644,0.591404,0.609904,0.474542,0,)
    time_phase1_2_raw:            3.49868 0.0728892 1.68167% 520.4 (0.0716767,0.0736225,0.0728251,0.0713309,0.0762809,0.0722613,0.0730854,0.0737703,0.071733,0.07399,0.0713522,0.0511884,0.0724756,0.0773053,0.0660325,0.0720309,0.0737354,0.0733343,0.0763814,0.0735984,0.0745597,0.0747615,0.0741018,0.0753135,0.0750928,0.0763795,0.0737605,0.0739947,0.0727517,0.0728154,0.0726123,0.0771438,0.0747041,0.0727561,0.0759008,0.0730249,0.0755133,0.0740679,0.0746194,0.0756777,0.0758639,0.0763756,0.0755256,0.0737038,0.0742458,0.0775155,0.074106,0.0437823,0,)
    time_phase2_raw:              1.8052 0.0376084 0.867687% 268.509 (0.0369933,0.0386667,0.0378583,0.0369305,0.0396072,0.0377045,0.0377185,0.0378403,0.036457,0.0382004,0.0369627,0.0262153,0.0377216,0.0398135,0.0341426,0.0371539,0.0381799,0.0373,0.0395289,0.0379222,0.0386044,0.0385635,0.038578,0.0388175,0.0392363,0.0394184,0.0380747,0.0384706,0.0379202,0.0375669,0.0374534,0.0398992,0.0386778,0.0375895,0.0392638,0.0377172,0.0389126,0.0382652,0.0385245,0.0393146,0.0389382,0.0393908,0.0387882,0.0381725,0.0382021,0.0378222,0.0377977,0.0223074,0,)
    time_phase3_raw:              0 -nan -nan% 0 (0,0,0,0,0,0,0,0,0,0,0,0,0,0,0,0,0,0,0,0,0,0,0,0,0,0,0,0,0,0,0,0,0,0,0,0,0,0,0,0,0,0,0,0,0,0,0,0,0,)
    time_recover_full:            0 -nan -nan% 0 (0,0,0,0,0,0,0,0,0,0,0,0,0,0,0,0,0,0,0,0,0,0,0,0,0,0,0,0,0,0,0,0,0,0,0,0,0,0,0,0,0,0,0,0,0,0,0,0,0,)
    time_recover1:                0 -nan -nan% 0 (0,0,0,0,0,0,0,0,0,0,0,0,0,0,0,0,0,0,0,0,0,0,0,0,0,0,0,0,0,0,0,0,0,0,0,0,0,0,0,0,0,0,0,0,0,0,0,0,0,)
    time_recover2:                0 -nan -nan% 0 (0,0,0,0,0,0,0,0,0,0,0,0,0,0,0,0,0,0,0,0,0,0,0,0,0,0,0,0,0,0,0,0,0,0,0,0,0,0,0,0,0,0,0,0,0,0,0,0,0,)
    time_recover3:                0 -nan -nan% 0 (0,0,0,0,0,0,0,0,0,0,0,0,0,0,0,0,0,0,0,0,0,0,0,0,0,0,0,0,0,0,0,0,0,0,0,0,0,0,0,0,0,0,0,0,0,0,0,0,0,)
    time_recover4:                0 -nan -nan% 0 (0,0,0,0,0,0,0,0,0,0,0,0,0,0,0,0,0,0,0,0,0,0,0,0,0,0,0,0,0,0,0,0,0,0,0,0,0,0,0,0,0,0,0,0,0,0,0,0,0,)
    time_recover5:                0 -nan -nan% 0 (0,0,0,0,0,0,0,0,0,0,0,0,0,0,0,0,0,0,0,0,0,0,0,0,0,0,0,0,0,0,0,0,0,0,0,0,0,0,0,0,0,0,0,0,0,0,0,0,0,)
    time_recover6:                0 -nan -nan% 0 (0,0,0,0,0,0,0,0,0,0,0,0,0,0,0,0,0,0,0,0,0,0,0,0,0,0,0,0,0,0,0,0,0,0,0,0,0,0,0,0,0,0,0,0,0,0,0,0,0,)
    time_recover7:                0 -nan -nan% 0 (0,0,0,0,0,0,0,0,0,0,0,0,0,0,0,0,0,0,0,0,0,0,0,0,0,0,0,0,0,0,0,0,0,0,0,0,0,0,0,0,0,0,0,0,0,0,0,0,0,)
    time_recover8:                0 -nan -nan% 0 (0,0,0,0,0,0,0,0,0,0,0,0,0,0,0,0,0,0,0,0,0,0,0,0,0,0,0,0,0,0,0,0,0,0,0,0,0,0,0,0,0,0,0,0,0,0,0,0,0,)
    time_debug_get_next:          0 -nan -nan% 0 (0,0,0,0,0,0,0,0,0,0,0,0,0,0,0,0,0,0,0,0,0,0,0,0,0,0,0,0,0,0,0,0,0,0,0,0,0,0,0,0,0,0,0,0,0,0,0,0,0,)
    time_debug0:                  14.0931 0.293605 6.77394% 2096.23 (0.244922,0.31026,0.316866,0.296518,0.267047,0.309499,0.292648,0.292904,0.299032,0.291128,0.303296,0.243241,0.300704,0.272035,0.282009,0.29221,0.302392,0.274977,0.272055,0.284852,0.287613,0.29485,0.290274,0.289894,0.297126,0.29262,0.29732,0.294269,0.325593,0.320615,0.320284,0.268307,0.302782,0.317784,0.300693,0.32988,0.302851,0.280186,0.315592,0.287023,0.302899,0.266307,0.299181,0.31712,0.321423,0.3186,0.306034,0.197338,0,)
    time_debug1:                  35.2515 0.734407 16.944% 5243.38 (0.649919,0.813958,0.835579,0.791999,0.591523,0.764522,0.732092,0.776002,0.718536,0.723527,0.737943,0.65236,0.748024,0.631844,0.725018,0.782362,0.796215,0.71045,0.682216,0.694384,0.703373,0.723768,0.709429,0.769033,0.765016,0.7129,0.750919,0.746239,0.763424,0.825778,0.803919,0.609365,0.759708,0.812465,0.69958,0.813998,0.716782,0.689521,0.823427,0.735158,0.734779,0.633321,0.710596,0.79993,0.838859,0.796136,0.76608,0.479574,0,)
    time_debug2:                  2.21748 0.0461974 1.06585% 329.831 (0.0255559,0.0535901,0.0551042,0.0562099,0.0292588,0.0493565,0.0489169,0.0480732,0.0457932,0.0463298,0.0498841,0.0432126,0.0505661,0.0407725,0.0538398,0.0551075,0.053534,0.0494837,0.0348473,0.0343593,0.0410738,0.0378306,0.0439297,0.0537774,0.0467751,0.04338,0.0457511,0.0514329,0.0553461,0.0572814,0.0587687,0.0303947,0.0542387,0.0506766,0.0266403,0.0531411,0.035219,0.0420784,0.0474044,0.0399767,0.0444072,0.0317955,0.0425049,0.0610002,0.0562769,0.0518772,0.055914,0.0347886,0,)
    time_debug3:                  40.7222 0.84838 19.5735% 6057.1 (0.852053,0.716557,0.762552,0.748715,1.00209,0.905382,0.847965,0.721532,0.969002,0.937935,0.860381,0.853765,0.946961,0.821242,0.828886,0.820934,0.783128,0.94941,0.799544,0.933509,0.931604,0.953191,0.893504,0.804962,0.823932,0.908387,0.775676,0.829025,0.895847,0.767667,0.812156,0.974779,0.78332,0.89379,1.01132,0.746525,0.84909,0.995888,0.82605,0.921538,0.78037,0.956276,0.961616,0.785439,0.727029,0.831921,0.721198,0.498594,0,)
    time_debug4:                  13.2109 0.275228 6.34994% 1965.02 (0.207034,0.336977,0.329434,0.304753,0.165134,0.297131,0.279423,0.310338,0.268975,0.280578,0.277381,0.255296,0.287362,0.214857,0.290859,0.323635,0.322058,0.289896,0.211155,0.231075,0.266241,0.231934,0.276322,0.297047,0.276885,0.267934,0.266302,0.295935,0.291793,0.341536,0.32075,0.159306,0.314216,0.320084,0.227958,0.331566,0.230986,0.249204,0.311357,0.27019,0.287167,0.166729,0.258039,0.334532,0.358636,0.321774,0.293883,0.15927,0,)
    time_debug5:                  0.471798 0.00982912 0.226774% 70.1761 (0.00958016,0.00981999,0.0097709,0.00964148,0.0102297,0.00956376,0.00991334,0.00993717,0.00981109,0.00990267,0.00956985,0.00759627,0.00977474,0.0103763,0.00917555,0.00961468,0.00962507,0.00966739,0.0101776,0.00986928,0.00996875,0.00984876,0.0100147,0.0102489,0.009947,0.0101061,0.00996234,0.0100516,0.00978797,0.00997161,0.00983677,0.0103076,0.0100713,0.00982433,0.00998179,0.00999203,0.0102487,0.0102056,0.0101664,0.0104288,0.0102044,0.0101225,0.0101275,0.0100478,0.00997813,0.00991035,0.0101465,0.00667288,0,)
    time_debug6:                  0 -nan -nan% 0 (0,0,0,0,0,0,0,0,0,0,0,0,0,0,0,0,0,0,0,0,0,0,0,0,0,0,0,0,0,0,0,0,0,0,0,0,0,0,0,0,0,0,0,0,0,0,0,0,0,)
    time_debug7:                  0 -nan -nan% 0 (0,0,0,0,0,0,0,0,0,0,0,0,0,0,0,0,0,0,0,0,0,0,0,0,0,0,0,0,0,0,0,0,0,0,0,0,0,0,0,0,0,0,0,0,0,0,0,0,0,)
    time_debug8:                  3.07989 0.0641645 1.48038% 458.109 (0.0517084,0.0634493,0.0642755,0.0626624,0.0587019,0.0647833,0.0623209,0.0632192,0.0608892,0.0633098,0.0609354,0.0539638,0.0637679,0.061564,0.0607555,0.0619713,0.0646038,0.0591142,0.0614845,0.0598807,0.0605611,0.0607684,0.06183,0.0682553,0.0675486,0.0679203,0.0677905,0.0690021,0.0672714,0.0693896,0.0688292,0.0658422,0.0684379,0.0672673,0.0662883,0.0687059,0.0661083,0.065964,0.0690601,0.0676825,0.0705441,0.0650453,0.068252,0.0692298,0.0689751,0.0708343,0.066762,0.0423672,0,)
    time_debug9:                  3.50655 0.0730532 1.68545% 521.571 (0.0572895,0.0778588,0.0800441,0.0761807,0.0620271,0.074965,0.0728171,0.0783316,0.0711026,0.0726415,0.072872,0.0622788,0.0713822,0.0690696,0.0750862,0.0781481,0.0797058,0.0725234,0.0663382,0.067502,0.0727083,0.0660231,0.0741564,0.075681,0.0727246,0.0751006,0.0746087,0.0800221,0.0769584,0.0803676,0.0802158,0.0613639,0.0816534,0.0762223,0.0680806,0.0767728,0.0692042,0.0740188,0.0758118,0.0747612,0.0772723,0.0657129,0.0738148,0.0826974,0.0816243,0.0808736,0.0768073,0.0431308,0,)
    time_debug10:                 0 -nan -nan% 0 (0,0,0,0,0,0,0,0,0,0,0,0,0,0,0,0,0,0,0,0,0,0,0,0,0,0,0,0,0,0,0,0,0,0,0,0,0,0,0,0,0,0,0,0,0,0,0,0,0,)
    time_debug11:                 107.047 2.23015 51.4531% 15922.4 (2.3326,2.25421,2.23249,2.26609,2.23022,2.24196,2.22388,2.20661,2.22788,2.14395,2.15343,2.04695,2.24408,2.27997,2.13338,2.27522,2.23724,2.19304,2.17274,2.18037,2.22099,2.29689,2.23016,2.26587,2.25692,2.21604,2.24595,2.31932,2.24174,2.3125,2.30499,2.21559,2.23866,2.20822,2.18904,2.31772,2.25671,2.25264,2.1823,2.24441,2.23872,2.16286,2.25698,2.25569,2.25454,2.22669,2.30539,2.05321,0,)
    time_debug12:                 254.152 5.29483 122.16% 37803 (5.1541,5.36386,5.36488,5.28209,5.30676,5.34247,5.38844,5.35006,5.27397,5.41466,5.34536,4.72908,5.31029,5.29021,5.17781,5.28706,5.35837,5.35442,5.35009,5.31335,5.34373,5.29301,5.34916,5.32319,5.34255,5.36975,5.25515,5.27401,5.39579,5.27434,5.27911,5.34082,5.35685,5.35947,5.41107,5.2391,5.2906,5.29574,5.41224,5.37104,5.33611,5.37016,5.36992,5.33393,5.34854,5.37503,5.26912,4.41473,0,)
    time_debug13:                 0 -nan -nan% 0 (0,0,0,0,0,0,0,0,0,0,0,0,0,0,0,0,0,0,0,0,0,0,0,0,0,0,0,0,0,0,0,0,0,0,0,0,0,0,0,0,0,0,0,0,0,0,0,0,0,)
    time_debug14:                 0 -nan -nan% 0 (0,0,0,0,0,0,0,0,0,0,0,0,0,0,0,0,0,0,0,0,0,0,0,0,0,0,0,0,0,0,0,0,0,0,0,0,0,0,0,0,0,0,0,0,0,0,0,0,0,)
    time_debug15:                 246.552 5.1365 118.507% 36672.6 (4.5919,5.18216,5.18486,5.16982,5.09049,5.18952,5.17994,5.10492,5.20038,5.15898,5.16855,4.89429,5.2068,5.03926,5.10959,5.20407,5.206,5.16402,5.02801,5.11797,5.17954,5.20279,5.194,5.10654,5.1758,5.19976,5.10537,5.20181,5.28467,5.19827,5.18289,5.12602,5.18073,5.24922,5.18708,5.1772,5.10002,5.16385,5.18154,5.20426,5.12455,5.0883,5.2294,5.20647,5.19839,5.24083,5.06984,4.60147,0,)
    time_rec_loop_tryRead:        0 -nan -nan% 0 (0,0,0,0,0,0,0,0,0,0,0,0,0,0,0,0,0,0,0,0,0,0,0,0,0,0,0,0,0,0,0,0,0,0,0,0,0,0,0,0,0,0,0,0,0,0,0,0,0,)
    time_rec_finding_empty_slot:  0 -nan -nan% 0 (0,0,0,0,0,0,0,0,0,0,0,0,0,0,0,0,0,0,0,0,0,0,0,0,0,0,0,0,0,0,0,0,0,0,0,0,0,0,0,0,0,0,0,0,0,0,0,0,0,)
    time_silo_validate1:          4.57961 0.0954086 2.20123% 681.18 (0.0945508,0.0965979,0.0943173,0.0925872,0.0995771,0.0932286,0.0956201,0.0956631,0.0921944,0.0967312,0.0942208,0.0720954,0.0951073,0.102961,0.0873669,0.0936096,0.0951612,0.0948543,0.100392,0.0967013,0.0979133,0.097187,0.0969804,0.0994234,0.0982719,0.0993635,0.0973952,0.09758,0.095006,0.0958482,0.0952134,0.100696,0.0983616,0.0953756,0.0992503,0.0961976,0.099202,0.0972179,0.0975957,0.0991238,0.0991524,0.0994433,0.098327,0.0972006,0.0971798,0.0954602,0.0958472,0.0602609,0,)
    time_silo_validate2:          0.884937 0.0184362 0.425352% 131.627 (0.0181819,0.0184457,0.0181055,0.017846,0.0195244,0.0184491,0.0188899,0.0190161,0.0182403,0.0185528,0.0180346,0.0133616,0.018241,0.0197178,0.0167741,0.0182993,0.0183859,0.0181121,0.0189549,0.018574,0.0193179,0.0187063,0.0187231,0.0188856,0.018872,0.0190917,0.0185517,0.0186858,0.0183502,0.0187051,0.0184087,0.0193466,0.0186549,0.0185053,0.0189548,0.0183742,0.0189813,0.018506,0.0191303,0.0190538,0.0189928,0.0190883,0.0205258,0.018678,0.0187232,0.01875,0.0194781,0.0111883,0,)
    time_silo_validate3:          94.596 1.97075 45.4684% 14070.4 (1.82464,1.94095,2.01681,1.93656,1.94306,2.07654,1.97036,1.88978,2.08341,2.04668,1.99974,1.8272,2.09543,1.82004,1.93071,1.99513,1.97979,2.03191,1.84136,1.99891,2.01178,2.06153,1.98748,1.96791,1.98223,2.00913,1.91871,1.9651,2.0869,2.01929,2.04094,1.93726,1.94743,2.12405,2.09037,1.99184,1.95659,2.05756,2.06297,2.03158,1.91237,1.94197,2.06317,2.01082,1.99015,2.04225,1.89595,1.23969,0,)
    time_silo_validate4:          0.253033 0.00527153 0.121623% 37.6366 (0.0051491,0.00540886,0.00510646,0.00506345,0.00552381,0.00509263,0.00559679,0.00519263,0.00514005,0.0054419,0.00531386,0.00371393,0.00533927,0.0055655,0.0046494,0.00525849,0.00528629,0.00516728,0.00546199,0.00532135,0.00546012,0.005483,0.00539153,0.00542068,0.00530043,0.0054893,0.00533067,0.00532401,0.00537405,0.00556774,0.00538565,0.00555955,0.00536029,0.00529202,0.00544107,0.00545803,0.00542619,0.00548898,0.00549385,0.00542312,0.00544266,0.00541449,0.00546804,0.00530286,0.00546643,0.00541897,0.00532048,0.00293615,0,)
    time_silo_validate5:          100.826 2.10054 48.4628% 14997 (1.94787,2.07488,2.14593,2.06627,2.07525,2.20499,2.10228,2.01875,2.20813,2.17875,2.12659,1.92364,2.2232,1.95548,2.05195,2.12649,2.11306,2.16071,1.9738,2.12661,2.14712,2.19107,2.11823,2.10156,2.11532,2.14223,2.05041,2.1025,2.21898,2.15176,2.17402,2.07039,2.08273,2.25293,2.22236,2.12194,2.08762,2.18848,2.19493,2.16751,2.04622,2.07315,2.20024,2.14466,2.12547,2.17881,2.03186,1.31863,0,)
    time_silo_validate6:          0.00556943 0.00011603 0.00267699% 0.828407 (1.63727e-06,0.000185778,0.000153854,0.000166763,5.23045e-05,0.000171672,0.000121355,0.000120837,0.000121475,0.000117434,9.26418e-05,9.77309e-05,0.000113392,3.73691e-05,0.000160958,0.000179003,0.000179684,0.000108524,5.62836e-05,5.81545e-05,0.000125164,5.10191e-05,0.000116058,0.000108837,0.000118887,0.000105098,0.00011779,0.000182092,0.000156508,0.000161412,0.000164924,5.57991e-05,0.00018367,9.63964e-05,5.07073e-05,9.15582e-05,7.31727e-05,0.000110482,0.000105611,0.000121182,9.626e-05,4.96082e-05,0.000118275,0.000161889,0.000167534,0.00016499,0.00017766,3.99973e-05,0,)
    time_silo_validate7:          1.92797 0.0401661 0.926696% 286.77 (0.0410823,0.0409877,0.0393791,0.039296,0.0408463,0.0427553,0.0473887,0.0414274,0.0398038,0.0387328,0.0383798,0.0265208,0.042948,0.0405549,0.0348705,0.0399998,0.039407,0.0388466,0.0401759,0.0400995,0.0410846,0.0405769,0.040407,0.0420187,0.0413215,0.0411975,0.0392907,0.0399109,0.0398972,0.0408447,0.040075,0.0410563,0.0400314,0.0405077,0.041391,0.0397294,0.0409562,0.0397917,0.0407185,0.0432231,0.0405059,0.0413362,0.0428944,0.0397777,0.0427864,0.0412187,0.0514524,0.0204693,0,)
    time_silo_validate8:          134.583 2.80381 64.6884% 20018.1 (2.44459,2.87004,2.80172,2.87204,2.79836,2.74729,2.84003,2.84741,2.7672,2.74936,2.81553,2.78241,2.75259,2.8544,2.83476,2.84211,2.85489,2.77962,2.8286,2.7705,2.80149,2.7896,2.84441,2.75906,2.82321,2.81714,2.81719,2.85462,2.82612,2.80011,2.7638,2.83194,2.85228,2.75716,2.73367,2.81536,2.77988,2.73915,2.74501,2.79436,2.83361,2.78654,2.78881,2.81556,2.8224,2.81224,2.78552,3.13917,0,)
    time_silo_validate9:          143.793 2.99568 69.1152% 21388 (2.60295,3.06611,2.99939,3.06409,2.97434,2.9416,3.03015,3.04462,2.95233,2.94138,3.00349,2.94403,2.94054,3.04319,3.02261,3.0374,3.05335,2.96435,3.01398,2.9512,2.99121,2.97109,3.03525,2.96285,3.01903,3.01623,3.01555,3.05921,3.02564,3.0055,2.96863,3.01451,3.05778,2.95569,2.92328,3.01544,2.97136,2.93547,2.94579,2.9934,3.03773,2.97376,2.98615,3.02187,3.02996,3.02064,2.98635,3.26233,0,)
    time_locktable_get:           9.50363 0.197992 4.568% 1413.59 (0.269056,0.198513,0.19097,0.192457,0.199727,0.233491,0.195231,0.194049,0.188994,0.196356,0.191163,0.14626,0.18642,0.206649,0.17806,0.209928,0.19796,0.197588,0.197533,0.188465,0.19867,0.195305,0.194109,0.205064,0.204853,0.200043,0.200184,0.196671,0.19893,0.193142,0.204123,0.19692,0.195658,0.187792,0.196564,0.198954,0.200913,0.197426,0.200392,0.202726,0.217948,0.204404,0.196966,0.18659,0.19655,0.19961,0.209953,0.164296,0,)
    time_locktable_get_validation:0 -nan -nan% 0 (0,0,0,0,0,0,0,0,0,0,0,0,0,0,0,0,0,0,0,0,0,0,0,0,0,0,0,0,0,0,0,0,0,0,0,0,0,0,0,0,0,0,0,0,0,0,0,0,0,)
    time_locktable_release:       0 -nan -nan% 0 (0,0,0,0,0,0,0,0,0,0,0,0,0,0,0,0,0,0,0,0,0,0,0,0,0,0,0,0,0,0,0,0,0,0,0,0,0,0,0,0,0,0,0,0,0,0,0,0,0,)
    time_get_row_before:          6.58493 0.137186 3.1651% 979.454 (0.14254,0.137581,0.13974,0.136152,0.139698,0.13493,0.1369,0.142671,0.132004,0.136325,0.13408,0.108176,0.1365,0.146047,0.125561,0.135653,0.13477,0.138337,0.144802,0.135555,0.135684,0.137993,0.136691,0.143881,0.141382,0.138765,0.13501,0.138189,0.137786,0.140625,0.141969,0.142563,0.140159,0.134709,0.141582,0.137899,0.140456,0.137427,0.144133,0.138978,0.141137,0.138245,0.140201,0.136586,0.140169,0.136232,0.145346,0.103109,0,)
    time_get_row_after:           28.8274 0.60057 13.8561% 4287.83 (0.605196,0.616482,0.615433,0.605031,0.606691,0.565592,0.603927,0.621683,0.574583,0.602867,0.58741,0.490096,0.593491,0.632341,0.557913,0.569918,0.597988,0.598675,0.624447,0.596924,0.586618,0.596086,0.590975,0.624191,0.616237,0.607664,0.60953,0.598973,0.604627,0.615946,0.608553,0.618307,0.614845,0.592242,0.620912,0.605777,0.62827,0.603145,0.616609,0.613764,0.620406,0.621758,0.613172,0.620652,0.611559,0.598996,0.619608,0.481262,0,)
    time_log_create:              0.682906 0.0142272 0.328245% 101.577 (0.0138146,0.0143232,0.0134995,0.0135846,0.0143271,0.0139016,0.0143238,0.0151079,0.0136089,0.0140632,0.0137957,0.0111222,0.0141889,0.014847,0.0128349,0.0139011,0.0138904,0.013911,0.0140698,0.0143819,0.0144216,0.0144747,0.0144522,0.0148912,0.0145509,0.0146321,0.0152017,0.0143603,0.0139036,0.0141848,0.0141956,0.0148887,0.0145047,0.0140808,0.014778,0.0140714,0.0148141,0.0141842,0.0187777,0.0142654,0.0147166,0.015939,0.0149639,0.0144141,0.0144277,0.0141027,0.0144742,0.00873712,0,)
    time_log_serialLogTxn:        0 -nan -nan% 0 (0,0,0,0,0,0,0,0,0,0,0,0,0,0,0,0,0,0,0,0,0,0,0,0,0,0,0,0,0,0,0,0,0,0,0,0,0,0,0,0,0,0,0,0,0,0,0,0,0,)
    time_cleanup_1:               0.254748 0.00530725 0.122447% 37.8917 (0.00521267,0.00537893,0.00529534,0.00513492,0.00552338,0.00521369,0.00538326,0.00525106,0.00522892,0.00533326,0.00514481,0.00365328,0.00537047,0.00562587,0.00480628,0.00532895,0.00532942,0.0052551,0.00547274,0.00537176,0.00554067,0.00540129,0.00549364,0.00547896,0.00545554,0.0055657,0.00545646,0.00547538,0.0052916,0.00537643,0.00537321,0.00558898,0.00552002,0.00537232,0.00545301,0.00535725,0.0055175,0.0054721,0.00548739,0.00549709,0.0054719,0.00556051,0.00558121,0.00544442,0.00543471,0.00543114,0.00535608,0.00297959,0,)
    time_cleanup_2:               1.24366 0.0259096 0.597775% 184.984 (0.0247912,0.03064,0.0259175,0.0258164,0.0265596,0.0256772,0.0306858,0.0260317,0.0254049,0.0266842,0.0249634,0.0188223,0.02546,0.0270553,0.0235177,0.0255569,0.0256657,0.0253921,0.0265074,0.026278,0.0262021,0.0258051,0.0266614,0.02768,0.0264096,0.0262509,0.0262439,0.0261477,0.0256444,0.0259107,0.0257258,0.0271048,0.026551,0.0258779,0.0260208,0.0255594,0.0264985,0.0265676,0.0262508,0.026369,0.0272427,0.0266615,0.0262886,0.0260963,0.0260985,0.0260118,0.0265201,0.0158311,0,)
    time_insideSLT1:              132.942 2.76962 63.8996% 19774 (2.41479,2.83585,2.76882,2.83961,2.76551,2.71416,2.80723,2.81429,2.73586,2.71698,2.7831,2.75436,2.71774,2.81982,2.80393,2.80994,2.82313,2.74817,2.79504,2.73843,2.76971,2.7552,2.81213,2.71872,2.78708,2.78169,2.78053,2.81975,2.79092,2.76517,2.72915,2.79592,2.81684,2.72341,2.69834,2.77982,2.74358,2.70379,2.7043,2.75899,2.79684,2.74995,2.75236,2.77835,2.78636,2.77742,2.74616,3.11258,0,)
    time_insideSLT2:              133.411 2.77939 64.1251% 19843.8 (2.42402,2.84518,2.77799,2.84872,2.77507,2.72297,2.81641,2.82359,2.74454,2.72603,2.79209,2.7618,2.72672,2.82994,2.81264,2.81904,2.83203,2.75703,2.80495,2.74748,2.77862,2.7646,2.82127,2.72995,2.79742,2.79219,2.79119,2.83028,2.80111,2.77569,2.73937,2.80653,2.82756,2.73322,2.70868,2.79031,2.75457,2.71439,2.71485,2.76933,2.80781,2.76074,2.76285,2.78916,2.79686,2.78743,2.75705,3.11965,0,)
    time_STLother:                0.27166 0.00565959 0.130576% 40.4072 (0.00565893,0.00555621,0.00553435,0.00552208,0.00596565,0.00554785,0.00603261,0.00581156,0.00576777,0.00562624,0.00554119,0.00409496,0.00550475,0.00598393,0.00504213,0.00556849,0.00553145,0.00552217,0.00594789,0.0057669,0.00592257,0.00591521,0.00589548,0.00567706,0.0057676,0.00578546,0.00571106,0.005803,0.00564155,0.00572936,0.00563032,0.00613682,0.00576415,0.00576091,0.00596948,0.005657,0.00592832,0.00578952,0.00577845,0.00561553,0.00585658,0.0058356,0.0059879,0.00591111,0.0057842,0.00575139,0.00595168,0.00317585,0,)
    time_logging_thread:          11.6349 11.6349 268.436% 1730.6 (0,0,0,0,0,0,0,0,0,0,0,0,0,0,0,0,0,0,0,0,0,0,0,0,0,0,0,0,0,0,0,0,0,0,0,0,0,0,0,0,0,0,0,0,0,0,0,0,11.6349,)
    int_serialLogFail:            9.64375e+06 (197762,209245,207424,200633,203514,202764,212238,201846,201130,198762,190288,144980,205011,203734,187406,197939,205629,198988,201967,201124,204700,206036,205539,203360,208093,207701,197547,201239,210771,206672,208306,208738,210748,205102,211429,203560,205341,199763,203262,205062,202970,201434,217650,198850,206364,206261,202840,122028,0,)
Projected Disk Bandwidth Utilized - avg 2.93741e+08 real 2.93741e+08
Total time measured 679.455
Total wall time observed 681.114
Estimated CPU_FREQ is 2.19464
