NUM_CORES_PER_SLOT=24
NUMA_NODE_NUM=2
HYPER_THREADING_FACTOR=2
Running in big-hash-table mode.

Using 1 disks.
g_flush_blocksize=1048576, g_log_buffer_size=52428800
Init parallelism 96
Stats initialized
Global manager initialized
reading schema file: ./benchmarks/TPCC_full_schema.txt
0 0x7ff3ffd96040 50000000 1
0 0x55ddfd435f80 500 1
0 0x55ddfd438f40 5000 1
0 0x7ff3ea643040 15000000 1
0 0x7ff3d4ef0040 15000000 1
0 0x7ff38d687040 50000000 1
TPCC schema initialized
TPCC Data Initialization Complete!
workload initialized!
Init time 558.631
Log Read Size: 419430400
Start Initializing Locktable, size 16777216
ltiSize=64
Locktable Initialized, size 16777216, schema table size 15728640
mem_allocator initialized!
Query Queue Init Time 12.398575
query_queue initialized!
sim_done = 1
sim_done = 10
sim_done = 18
sim_done = 23
sim_done = 5
sim_done = 31
sim_done = 34
sim_done = 37
sim_done = 13
sim_done = 20
sim_done = 9
sim_done = 43
sim_done = 45
sim_done = 4
sim_done = 29
sim_done = 48
sim_done = 33
sim_done = 8
sim_done = 38
sim_done = 41
sim_done = 13
sim_done = 44
sim_done = 26
sim_done = 21
sim_done = 19
sim_done = 2
sim_done = 30
sim_done = 15
sim_done = 17
sim_done = 46
sim_done = 4
sim_done = 39
sim_done = 42
sim_done = 32
sim_done = 47
sim_done = 16
sim_done = 15
sim_done = 27
sim_done = 11
sim_done = 28
sim_done = 36
sim_done = 25
sim_done = 7
sim_done = 8
sim_done = 23
sim_done = 25
sim_done = 35
sim_done = 41
PASS! SimTime = 2.27349e+09
=Worker Thread=
    Throughput:                   2.94538e+06
    MaxThr:                       2.94353e+06
    PerThdThr:                    2.94538e+06
    run_time:                     108.89 (2.26969,2.26839,2.26813,2.26968,2.26837,2.26963,2.26783,2.26954,2.2687,2.26812,2.26792,2.26871,2.26987,2.26917,2.26972,2.26824,2.26796,2.26938,2.26855,2.2679,2.26952,2.26964,2.26997,2.26881,2.26775,2.2686,2.26907,2.26791,2.26827,2.26781,2.26785,2.26773,2.26853,2.26842,2.26744,2.26929,2.26786,2.2673,2.26923,2.26908,2.26754,2.26815,2.26813,2.26779,2.26845,2.26797,2.2684,2.26765,0,)
    log_bytes:                    0 (0,0,0,0,0,0,0,0,0,0,0,0,0,0,0,0,0,0,0,0,0,0,0,0,0,0,0,0,0,0,0,0,0,0,0,0,0,0,0,0,0,0,0,0,0,0,0,0,0,)
    log_dep_size:                 0 (0,0,0,0,0,0,0,0,0,0,0,0,0,0,0,0,0,0,0,0,0,0,0,0,0,0,0,0,0,0,0,0,0,0,0,0,0,0,0,0,0,0,0,0,0,0,0,0,0,)
    log_total_size:               0 (0,0,0,0,0,0,0,0,0,0,0,0,0,0,0,0,0,0,0,0,0,0,0,0,0,0,0,0,0,0,0,0,0,0,0,0,0,0,0,0,0,0,0,0,0,0,0,0,0,)
    latency:                      238.708 (4.9755,4.97271,4.97199,4.97553,4.97289,4.97542,4.97145,4.97682,4.97354,4.9721,4.97294,4.97361,4.97633,4.97625,4.97545,4.97357,4.97138,4.975,4.97305,4.97142,4.97499,4.97495,4.97581,4.97263,4.97098,4.97229,4.97338,4.97092,4.97243,4.97181,4.97094,4.9724,4.97238,4.97394,4.97056,4.97595,4.97278,4.9697,4.97398,4.97366,4.97,4.97246,4.97339,4.97062,4.97203,4.97173,4.97233,4.97193,0,)

    num_commits:                  6.6817e+06 (144431,138500,138655,138435,137619,138227,144412,133029,138558,138767,136525,137780,138454,131979,138667,138969,138896,138412,138802,137877,138302,138918,145295,140046,140565,140387,139805,140526,137553,141831,150000,136592,140248,136922,137735,135733,135591,140448,139838,140756,140923,141779,134871,139848,149708,137427,137263,135798,0,)
    num_async_commits:            0 (0,0,0,0,0,0,0,0,0,0,0,0,0,0,0,0,0,0,0,0,0,0,0,0,0,0,0,0,0,0,0,0,0,0,0,0,0,0,0,0,0,0,0,0,0,0,0,0,0,)
    num_aborts:                   108960 (0,2777,2985,3129,2935,3459,681,81,2945,2500,81,2035,2466,31,3056,49,3079,3087,3022,2729,3000,3055,742,4347,2953,4241,4573,3938,2954,614,813,353,4353,385,3194,147,52,3795,4238,3829,4106,756,10,4388,727,2677,2845,748,0,)
    num_aborts_logging:           0 (0,0,0,0,0,0,0,0,0,0,0,0,0,0,0,0,0,0,0,0,0,0,0,0,0,0,0,0,0,0,0,0,0,0,0,0,0,0,0,0,0,0,0,0,0,0,0,0,0,)
    num_log_records:              0 (0,0,0,0,0,0,0,0,0,0,0,0,0,0,0,0,0,0,0,0,0,0,0,0,0,0,0,0,0,0,0,0,0,0,0,0,0,0,0,0,0,0,0,0,0,0,0,0,0,)
    log_data:                     0 (0,0,0,0,0,0,0,0,0,0,0,0,0,0,0,0,0,0,0,0,0,0,0,0,0,0,0,0,0,0,0,0,0,0,0,0,0,0,0,0,0,0,0,0,0,0,0,0,0,)
    num_latency_count:            6.79066e+06 (144431,141277,141640,141564,140554,141686,145093,133110,141503,141267,136606,139815,140920,132010,141723,139018,141975,141499,141824,140606,141302,141973,146037,144393,143518,144628,144378,144464,140507,142445,150813,136945,144601,137307,140929,135880,135643,144243,144076,144585,145029,142535,134881,144236,150435,140104,140108,136546,0,)
    num_raw_edges:                0 (0,0,0,0,0,0,0,0,0,0,0,0,0,0,0,0,0,0,0,0,0,0,0,0,0,0,0,0,0,0,0,0,0,0,0,0,0,0,0,0,0,0,0,0,0,0,0,0,0,)
    num_waw_edges:                0 (0,0,0,0,0,0,0,0,0,0,0,0,0,0,0,0,0,0,0,0,0,0,0,0,0,0,0,0,0,0,0,0,0,0,0,0,0,0,0,0,0,0,0,0,0,0,0,0,0,)
    num_war_edges:                0 (0,0,0,0,0,0,0,0,0,0,0,0,0,0,0,0,0,0,0,0,0,0,0,0,0,0,0,0,0,0,0,0,0,0,0,0,0,0,0,0,0,0,0,0,0,0,0,0,0,)
    int_num_log:                  0 (0,0,0,0,0,0,0,0,0,0,0,0,0,0,0,0,0,0,0,0,0,0,0,0,0,0,0,0,0,0,0,0,0,0,0,0,0,0,0,0,0,0,0,0,0,0,0,0,0,)
    int_debug_get_next:           0 (0,0,0,0,0,0,0,0,0,0,0,0,0,0,0,0,0,0,0,0,0,0,0,0,0,0,0,0,0,0,0,0,0,0,0,0,0,0,0,0,0,0,0,0,0,0,0,0,0,)
    int_debug1:                   0 (0,0,0,0,0,0,0,0,0,0,0,0,0,0,0,0,0,0,0,0,0,0,0,0,0,0,0,0,0,0,0,0,0,0,0,0,0,0,0,0,0,0,0,0,0,0,0,0,0,)
    int_debug2:                   0 (0,0,0,0,0,0,0,0,0,0,0,0,0,0,0,0,0,0,0,0,0,0,0,0,0,0,0,0,0,0,0,0,0,0,0,0,0,0,0,0,0,0,0,0,0,0,0,0,0,)
    int_debug3:                   0 (0,0,0,0,0,0,0,0,0,0,0,0,0,0,0,0,0,0,0,0,0,0,0,0,0,0,0,0,0,0,0,0,0,0,0,0,0,0,0,0,0,0,0,0,0,0,0,0,0,)
    int_debug4:                   1.19242e+08 (1888657,2955049,2527721,2675378,2873452,2321220,2215553,2388135,2568981,2517148,2105732,2342170,2547863,2453307,2717332,2109323,2836214,2974763,2535028,2864837,2448503,2679178,2380048,2429288,1982747,2768410,2387804,2501122,2717557,2522454,2323498,2156006,2852050,2311985,2486612,2453819,2163283,2484405,2587510,2601442,2451063,2647860,1827223,2568648,2450382,2694982,2754911,2191665,0,)
    int_debug5:                   8.82953e+07 (1871521,1838127,1841228,1841352,1829164,1847744,1884111,1725692,1839807,1833367,1776812,1827657,1834850,1709312,1841341,1803770,1843835,1843477,1840790,1826088,1841018,1839967,1884547,1883619,1862934,1880102,1886608,1876552,1832207,1847881,1958267,1782411,1884253,1782923,1834413,1763966,1762989,1874521,1881126,1875361,1879415,1850493,1751901,1884912,1957349,1828658,1830706,1776112,0,)
    int_debug6:                   1.76376e+07 (118447,418622,442698,330007,465468,348240,188237,414736,372440,305797,350723,445181,465800,404492,444836,385299,414302,415655,329015,467604,358490,324113,186833,316966,351581,327330,349873,308571,466732,339809,205649,451122,461200,451216,427914,444691,430192,321646,321249,308686,306451,345453,367752,468205,204403,463658,410259,389959,0,)
    int_debug7:                   413367 (10,9338,7420,14435,7795,12234,14451,1510,4021,12826,833,1283,140,1311,181,276,9901,9558,14052,7103,11022,15779,15280,17089,1143,15815,16293,14495,8921,13955,16528,795,8076,1087,9795,743,1015,14385,13319,12006,15399,15548,309,6549,13311,8382,12706,4944,0,)
    int_debug8:                   0 (0,0,0,0,0,0,0,0,0,0,0,0,0,0,0,0,0,0,0,0,0,0,0,0,0,0,0,0,0,0,0,0,0,0,0,0,0,0,0,0,0,0,0,0,0,0,0,0,0,)
    int_debug9:                   8.81863e+07 (1871521,1835350,1838243,1838223,1826229,1844285,1883430,1725611,1836862,1830867,1776731,1825622,1832384,1709281,1838285,1803721,1840756,1840390,1837768,1823359,1838018,1836912,1883805,1879272,1859981,1875861,1882035,1872614,1829253,1847267,1957454,1782058,1879900,1782538,1831219,1763819,1762937,1870726,1876888,1871532,1875309,1849737,1751891,1880524,1956622,1825981,1827861,1775364,0,)
    int_debug10:                  1.11694e+08 (1881152,2696098,2247055,2563133,2563495,2223520,2221211,2151162,2473088,2415826,2101972,2075806,2286844,2210811,2458509,2103923,2584615,2726908,2423511,2550765,2344107,2561441,2386500,2314856,1978303,2644517,2260359,2393908,2403520,2413433,2327207,1898980,2553740,2129622,2224114,2233199,1910299,2370745,2489668,2504760,2345430,2529875,1821213,2259482,2458037,2387908,2508654,2080332,0,)
    int_psnflush:                 0 (0,0,0,0,0,0,0,0,0,0,0,0,0,0,0,0,0,0,0,0,0,0,0,0,0,0,0,0,0,0,0,0,0,0,0,0,0,0,0,0,0,0,0,0,0,0,0,0,0,)
    int_flush_time_interval:      0 (0,0,0,0,0,0,0,0,0,0,0,0,0,0,0,0,0,0,0,0,0,0,0,0,0,0,0,0,0,0,0,0,0,0,0,0,0,0,0,0,0,0,0,0,0,0,0,0,0,)
    int_flush_half_full:          0 (0,0,0,0,0,0,0,0,0,0,0,0,0,0,0,0,0,0,0,0,0,0,0,0,0,0,0,0,0,0,0,0,0,0,0,0,0,0,0,0,0,0,0,0,0,0,0,0,0,)
    int_rec_fail_to_insert:       0 (0,0,0,0,0,0,0,0,0,0,0,0,0,0,0,0,0,0,0,0,0,0,0,0,0,0,0,0,0,0,0,0,0,0,0,0,0,0,0,0,0,0,0,0,0,0,0,0,0,)
    int_num_get_row:              8.8189e+07 (1871521,1835398,1838275,1838307,1826279,1844379,1883453,1725612,1836947,1830935,1776733,1825640,1832422,1709281,1838356,1803721,1840811,1840423,1837849,1823404,1838115,1836990,1883828,1879390,1860059,1875990,1882155,1872754,1829322,1847295,1957473,1782066,1879989,1782548,1831321,1763823,1762937,1870861,1877005,1871639,1875437,1849752,1751892,1880604,1956639,1826050,1827938,1775384,0,)
    int_locktable_volume:         1.41663e+08 (1908358,3362783,3355689,2941565,3339997,2897698,2709014,2804295,2838216,2952154,2225375,2971315,2928933,2788097,3098871,2186133,3373658,3356872,2941510,3338187,2890095,2963312,2706476,3049012,2332597,3046993,3005749,3049136,3346134,3103553,2814561,2856988,3426054,2755865,3346972,2778155,2850669,3039421,2997728,3037995,3054315,3107665,2126175,3440241,2811394,3327166,3340616,2739708,0,)
    int_aux_bytes:                0 (0,0,0,0,0,0,0,0,0,0,0,0,0,0,0,0,0,0,0,0,0,0,0,0,0,0,0,0,0,0,0,0,0,0,0,0,0,0,0,0,0,0,0,0,0,0,0,0,0,)
    int_nonzero:                  0 (0,0,0,0,0,0,0,0,0,0,0,0,0,0,0,0,0,0,0,0,0,0,0,0,0,0,0,0,0,0,0,0,0,0,0,0,0,0,0,0,0,0,0,0,0,0,0,0,0,)
    num_log_entries:              0 (0,0,0,0,0,0,0,0,0,0,0,0,0,0,0,0,0,0,0,0,0,0,0,0,0,0,0,0,0,0,0,0,0,0,0,0,0,0,0,0,0,0,0,0,0,0,0,0,0,)
    time_ts_alloc:                0 -nan -nan% 0 (0,0,0,0,0,0,0,0,0,0,0,0,0,0,0,0,0,0,0,0,0,0,0,0,0,0,0,0,0,0,0,0,0,0,0,0,0,0,0,0,0,0,0,0,0,0,0,0,0,)
    time_man:                     72.5012 1.51044 146.481% 10850.7 (1.41221,1.51277,1.51106,1.48892,1.51201,1.49275,1.4597,1.52313,1.50321,1.49776,1.50924,1.5157,1.51378,1.52454,1.50028,1.4824,1.50771,1.50836,1.49988,1.51101,1.49481,1.4944,1.45473,1.50945,1.52968,1.52433,1.52041,1.52895,1.53456,1.49409,1.4571,1.53773,1.53498,1.54577,1.53543,1.54265,1.56101,1.53175,1.54034,1.53488,1.52641,1.50442,1.52887,1.53064,1.46453,1.53385,1.52948,1.48958,0,)
    time_cleanup:                 10.1504 0.211466 20.5078% 1519.13 (0.13394,0.242731,0.228256,0.224534,0.227343,0.221228,0.169432,0.190087,0.225097,0.215645,0.174958,0.214484,0.212179,0.188645,0.219873,0.165725,0.236082,0.236645,0.223295,0.226842,0.225187,0.218874,0.173777,0.229088,0.20306,0.245587,0.231804,0.235249,0.23608,0.193608,0.172583,0.185476,0.251927,0.190449,0.229428,0.187544,0.180738,0.239457,0.242615,0.241525,0.229984,0.207947,0.16159,0.239879,0.17808,0.225045,0.236104,0.180668,0,)
    time_txn:                     0 -nan -nan% 0 (0,0,0,0,0,0,0,0,0,0,0,0,0,0,0,0,0,0,0,0,0,0,0,0,0,0,0,0,0,0,0,0,0,0,0,0,0,0,0,0,0,0,0,0,0,0,0,0,0,)
    time_index:                   2.67246 0.0556763 5.39943% 399.967 (0.0855669,0.055007,0.0546126,0.0552042,0.0548896,0.0550865,0.0562739,0.051868,0.054653,0.0536787,0.0520675,0.0532218,0.0552239,0.0514127,0.0546951,0.0547269,0.0550264,0.0541539,0.0553868,0.0548439,0.0543308,0.0545154,0.0568534,0.0658242,0.0534174,0.0543654,0.0558982,0.0554784,0.0539273,0.0557989,0.0584651,0.0527632,0.054541,0.0528078,0.0540706,0.0523292,0.0520895,0.0553575,0.0550421,0.0553263,0.055733,0.0559177,0.0521499,0.0551186,0.0571272,0.0535309,0.0537571,0.0683277,0,)
    time_log:                     0 -nan -nan% 0 (0,0,0,0,0,0,0,0,0,0,0,0,0,0,0,0,0,0,0,0,0,0,0,0,0,0,0,0,0,0,0,0,0,0,0,0,0,0,0,0,0,0,0,0,0,0,0,0,0,)
    time_io:                      0 -nan -nan% 0 (0,0,0,0,0,0,0,0,0,0,0,0,0,0,0,0,0,0,0,0,0,0,0,0,0,0,0,0,0,0,0,0,0,0,0,0,0,0,0,0,0,0,0,0,0,0,0,0,0,)
    time_wait_io:                 0 -nan -nan% 0 (0,0,0,0,0,0,0,0,0,0,0,0,0,0,0,0,0,0,0,0,0,0,0,0,0,0,0,0,0,0,0,0,0,0,0,0,0,0,0,0,0,0,0,0,0,0,0,0,0,)
    time_phase1_add_graph:        0 -nan -nan% 0 (0,0,0,0,0,0,0,0,0,0,0,0,0,0,0,0,0,0,0,0,0,0,0,0,0,0,0,0,0,0,0,0,0,0,0,0,0,0,0,0,0,0,0,0,0,0,0,0,0,)
    time_recover_txn:             0 -nan -nan% 0 (0,0,0,0,0,0,0,0,0,0,0,0,0,0,0,0,0,0,0,0,0,0,0,0,0,0,0,0,0,0,0,0,0,0,0,0,0,0,0,0,0,0,0,0,0,0,0,0,0,)
    time_lv_overhead:             0 -nan -nan% 0 (0,0,0,0,0,0,0,0,0,0,0,0,0,0,0,0,0,0,0,0,0,0,0,0,0,0,0,0,0,0,0,0,0,0,0,0,0,0,0,0,0,0,0,0,0,0,0,0,0,)
    time_state_malloc:            0 -nan -nan% 0 (0,0,0,0,0,0,0,0,0,0,0,0,0,0,0,0,0,0,0,0,0,0,0,0,0,0,0,0,0,0,0,0,0,0,0,0,0,0,0,0,0,0,0,0,0,0,0,0,0,)
    time_phase1_1:                17.3293 0.361028 35.0121% 2593.55 (0.296075,0.402527,0.383004,0.371592,0.383099,0.365091,0.306145,0.338729,0.371422,0.36027,0.319437,0.366835,0.362124,0.341209,0.381715,0.307486,0.391189,0.391887,0.367463,0.383444,0.376471,0.367925,0.315763,0.377564,0.345603,0.391108,0.380139,0.384225,0.392311,0.345857,0.317679,0.340635,0.407668,0.33668,0.38129,0.340107,0.326217,0.38467,0.385294,0.387051,0.375328,0.361773,0.301292,0.394595,0.319963,0.381199,0.391867,0.328332,0,)
    time_phase1_2:                5.59849 0.116635 11.3112% 837.884 (0.138738,0.103396,0.105905,0.115213,0.108376,0.113523,0.133119,0.118936,0.113745,0.112689,0.119443,0.103038,0.108362,0.120061,0.112447,0.132984,0.104596,0.105318,0.116878,0.106647,0.11314,0.11116,0.133372,0.120511,0.114743,0.114459,0.110487,0.114357,0.112601,0.129662,0.137328,0.11569,0.104733,0.11488,0.111613,0.116382,0.119398,0.117048,0.112662,0.114694,0.114116,0.128578,0.126829,0.107219,0.136326,0.112391,0.111237,0.12946,0,)
    time_phase2:                  17.7453 0.369693 35.8525% 2655.8 (0.443299,0.316339,0.3241,0.358253,0.332108,0.354901,0.419914,0.382367,0.361277,0.366602,0.385982,0.314157,0.343571,0.385236,0.350955,0.438392,0.317058,0.321181,0.367229,0.338254,0.370723,0.360575,0.41868,0.362979,0.371696,0.364811,0.345843,0.368074,0.350421,0.421611,0.44344,0.377974,0.322384,0.371877,0.353209,0.375678,0.389496,0.372377,0.356275,0.371595,0.364289,0.415686,0.400509,0.33039,0.444075,0.358817,0.351014,0.389615,0,)
    time_phase3:                  9.94518 0.207191 20.0932% 1488.42 (0.225615,0.219676,0.221536,0.222818,0.220189,0.224446,0.228683,0.211643,0.219751,0.219105,0.217636,0.221688,0.218982,0.210934,0.220128,0.219663,0.221045,0.222073,0.219057,0.218107,0.218972,0.221653,0.225795,0.194322,0.191092,0.192491,0.1992,0.193134,0.192073,0.197833,0.207455,0.189704,0.194934,0.189881,0.19313,0.191134,0.188762,0.19281,0.193132,0.189849,0.193146,0.195984,0.191146,0.196141,0.204318,0.19132,0.193154,0.219835,0,)
    time_phase1_1_raw:            42.9256 0.894284 86.7267% 6424.36 (0.811828,0.903097,0.906761,0.885178,0.907119,0.899208,0.864734,0.910481,0.890366,0.893563,0.916885,0.948843,0.918289,0.89211,0.877525,0.852393,0.907779,0.906136,0.879036,0.89801,0.86834,0.889048,0.855218,0.891898,0.929574,0.889149,0.917794,0.888993,0.898416,0.83855,0.827505,0.919072,0.910708,0.94608,0.911963,0.929802,0.935586,0.887044,0.910018,0.889384,0.898027,0.833914,0.944597,0.917103,0.833822,0.90266,0.899956,0.892081,0,)
    time_phase1_2_raw:            0.820038 0.0170841 1.6568% 122.729 (0.0177663,0.017288,0.0173615,0.017369,0.0169427,0.0170245,0.0174184,0.0159391,0.0170143,0.0170533,0.0164713,0.0170879,0.0168401,0.0158573,0.016987,0.0167733,0.0169867,0.0170761,0.0169316,0.0168358,0.0170962,0.0170721,0.0175503,0.0174887,0.0172909,0.0174124,0.0173483,0.018117,0.0169904,0.0171293,0.0182319,0.0166027,0.0173752,0.0166097,0.0169807,0.0163705,0.0165276,0.0173723,0.017372,0.0174065,0.0172599,0.0171516,0.0163121,0.0173821,0.0182578,0.0168513,0.0169564,0.0164974,0,)
    time_phase2_raw:              0.411721 0.00857752 0.831838% 61.6192 (0.00804957,0.00900946,0.00912206,0.00872472,0.00880623,0.00860219,0.00828422,0.00804394,0.00854117,0.00844012,0.00800576,0.00878167,0.00880689,0.00777812,0.00881441,0.00815407,0.00884197,0.00892125,0.00846693,0.00877725,0.0085493,0.00852295,0.00837361,0.00881268,0.00869136,0.00875601,0.00883258,0.00879771,0.00878861,0.00843323,0.00874996,0.00837961,0.00896774,0.00837674,0.00868663,0.00836524,0.00821935,0.00869769,0.00870758,0.00866185,0.00871406,0.00843555,0.00794394,0.00904152,0.00871213,0.00861348,0.00873702,0.00818079,0,)
    time_phase3_raw:              0 -nan -nan% 0 (0,0,0,0,0,0,0,0,0,0,0,0,0,0,0,0,0,0,0,0,0,0,0,0,0,0,0,0,0,0,0,0,0,0,0,0,0,0,0,0,0,0,0,0,0,0,0,0,0,)
    time_recover_full:            0 -nan -nan% 0 (0,0,0,0,0,0,0,0,0,0,0,0,0,0,0,0,0,0,0,0,0,0,0,0,0,0,0,0,0,0,0,0,0,0,0,0,0,0,0,0,0,0,0,0,0,0,0,0,0,)
    time_recover1:                0 -nan -nan% 0 (0,0,0,0,0,0,0,0,0,0,0,0,0,0,0,0,0,0,0,0,0,0,0,0,0,0,0,0,0,0,0,0,0,0,0,0,0,0,0,0,0,0,0,0,0,0,0,0,0,)
    time_recover2:                0 -nan -nan% 0 (0,0,0,0,0,0,0,0,0,0,0,0,0,0,0,0,0,0,0,0,0,0,0,0,0,0,0,0,0,0,0,0,0,0,0,0,0,0,0,0,0,0,0,0,0,0,0,0,0,)
    time_recover3:                0 -nan -nan% 0 (0,0,0,0,0,0,0,0,0,0,0,0,0,0,0,0,0,0,0,0,0,0,0,0,0,0,0,0,0,0,0,0,0,0,0,0,0,0,0,0,0,0,0,0,0,0,0,0,0,)
    time_recover4:                0 -nan -nan% 0 (0,0,0,0,0,0,0,0,0,0,0,0,0,0,0,0,0,0,0,0,0,0,0,0,0,0,0,0,0,0,0,0,0,0,0,0,0,0,0,0,0,0,0,0,0,0,0,0,0,)
    time_recover5:                0 -nan -nan% 0 (0,0,0,0,0,0,0,0,0,0,0,0,0,0,0,0,0,0,0,0,0,0,0,0,0,0,0,0,0,0,0,0,0,0,0,0,0,0,0,0,0,0,0,0,0,0,0,0,0,)
    time_recover6:                0 -nan -nan% 0 (0,0,0,0,0,0,0,0,0,0,0,0,0,0,0,0,0,0,0,0,0,0,0,0,0,0,0,0,0,0,0,0,0,0,0,0,0,0,0,0,0,0,0,0,0,0,0,0,0,)
    time_recover7:                0 -nan -nan% 0 (0,0,0,0,0,0,0,0,0,0,0,0,0,0,0,0,0,0,0,0,0,0,0,0,0,0,0,0,0,0,0,0,0,0,0,0,0,0,0,0,0,0,0,0,0,0,0,0,0,)
    time_recover8:                0 -nan -nan% 0 (0,0,0,0,0,0,0,0,0,0,0,0,0,0,0,0,0,0,0,0,0,0,0,0,0,0,0,0,0,0,0,0,0,0,0,0,0,0,0,0,0,0,0,0,0,0,0,0,0,)
    time_debug_get_next:          0 -nan -nan% 0 (0,0,0,0,0,0,0,0,0,0,0,0,0,0,0,0,0,0,0,0,0,0,0,0,0,0,0,0,0,0,0,0,0,0,0,0,0,0,0,0,0,0,0,0,0,0,0,0,0,)
    time_debug0:                  20.4233 0.425485 41.263% 3056.6 (0.408399,0.411412,0.421432,0.420175,0.419161,0.410111,0.423726,0.445735,0.412814,0.428437,0.437316,0.418298,0.418644,0.441391,0.42289,0.431952,0.412068,0.414512,0.415274,0.425533,0.425209,0.426354,0.4173,0.423937,0.433463,0.426523,0.412419,0.427239,0.423493,0.43594,0.423491,0.439301,0.414446,0.443777,0.428279,0.448448,0.449286,0.430401,0.414801,0.425336,0.425321,0.430166,0.429805,0.418063,0.422181,0.428349,0.429805,0.430857,0,)
    time_debug1:                  26.7283 0.556841 54.0018% 4000.23 (0.675612,0.518579,0.503218,0.568166,0.50139,0.566077,0.639374,0.527043,0.566671,0.593748,0.545344,0.502824,0.494453,0.535292,0.493596,0.527234,0.519838,0.521326,0.574501,0.494133,0.55965,0.579225,0.644411,0.584117,0.552502,0.57646,0.578108,0.596949,0.504692,0.580721,0.633022,0.531598,0.505549,0.541433,0.532075,0.533116,0.541179,0.588791,0.597688,0.603268,0.596842,0.572692,0.572322,0.502144,0.64018,0.515419,0.535174,0.560597,0,)
    time_debug2:                  9.15058 0.190637 18.4878% 1369.5 (0.056786,0.215202,0.231494,0.152053,0.247656,0.164092,0.0833593,0.241303,0.178171,0.139051,0.229474,0.26306,0.266008,0.234617,0.246352,0.231231,0.216625,0.215209,0.153214,0.24689,0.165994,0.149589,0.0828984,0.144451,0.220204,0.150055,0.16641,0.141676,0.247242,0.150487,0.0834239,0.265307,0.237358,0.252704,0.222191,0.256499,0.251903,0.147932,0.152067,0.142137,0.140102,0.154114,0.243682,0.245861,0.084275,0.244263,0.20618,0.189725,0,)
    time_debug3:                  0.216912 0.004519 0.438248% 32.4636 (1.52764e-05,0.00507747,0.00440389,0.00670385,0.00404675,0.00555748,0.00732412,0.00134445,0.00211421,0.00645121,0.000789792,0.00106854,0.000196505,0.00106676,0.000215689,0.000380213,0.0052928,0.0055373,0.00667478,0.00358475,0.00521723,0.00770011,0.00805441,0.00857465,0.00110619,0.00733268,0.00774837,0.00725473,0.00454912,0.00731198,0.00938533,0.000658646,0.00435299,0.000940275,0.00493343,0.000686632,0.000980436,0.00673381,0.00625377,0.00595282,0.00742845,0.008359,0.000421363,0.00338451,0.00759008,0.00449851,0.00623269,0.00542412,0,)
    time_debug4:                  17.7634 0.37007 35.889% 2658.51 (0.475596,0.334877,0.320843,0.373436,0.318718,0.369577,0.466369,0.339527,0.359968,0.395685,0.380983,0.311018,0.306253,0.347528,0.315107,0.374716,0.336966,0.336671,0.380597,0.319324,0.366196,0.380558,0.470622,0.387836,0.37487,0.384898,0.371475,0.399858,0.327949,0.404746,0.473361,0.337892,0.31973,0.338088,0.348448,0.337484,0.346826,0.395652,0.392908,0.404136,0.400547,0.398209,0.377853,0.321025,0.478496,0.335774,0.356843,0.367321,0,)
    time_debug5:                  3.54545e-08 8.86364e-09 8.59586e-07% 5.30621e-06 (0,0,0,8.18182e-09,0,0,0,0,0,0,0,0,0,0,0,0,0,0,0,0,0,0,0,9.09091e-09,0,0,0,0,0,0,9.09091e-09,0,0,0,0,0,0,0,0,0,0,0,0,0,0,0,9.09091e-09,0,0,)
    time_debug6:                  0 -nan -nan% 0 (0,0,0,0,0,0,0,0,0,0,0,0,0,0,0,0,0,0,0,0,0,0,0,0,0,0,0,0,0,0,0,0,0,0,0,0,0,0,0,0,0,0,0,0,0,0,0,0,0,)
    time_debug7:                  15.547 0.323897 31.4112% 2326.81 (0.437951,0.281899,0.284708,0.31761,0.290806,0.324685,0.370774,0.310584,0.324945,0.330628,0.356637,0.288968,0.297619,0.311713,0.300839,0.358436,0.287459,0.294026,0.324943,0.293387,0.326553,0.3164,0.374926,0.318935,0.345436,0.316498,0.312435,0.32714,0.294389,0.342848,0.375714,0.322895,0.275868,0.333871,0.303411,0.32724,0.319556,0.331553,0.338634,0.338706,0.325896,0.3334,0.372907,0.275764,0.380556,0.302421,0.302036,0.322439,0,)
    time_debug8:                  3.98923 0.083109 8.05982% 597.039 (0.0432628,0.0968034,0.0993084,0.092725,0.0947079,0.0888011,0.061407,0.0737183,0.0887586,0.0881733,0.064537,0.0818238,0.0881308,0.070899,0.0928225,0.0631705,0.0992967,0.0965191,0.0934032,0.0946773,0.0845648,0.0884818,0.0609428,0.0962901,0.0830093,0.100569,0.0927538,0.094617,0.0889751,0.0712182,0.0615905,0.0696664,0.0979435,0.0701806,0.0941483,0.0737678,0.0664183,0.101639,0.0931524,0.095196,0.0954929,0.0702501,0.0561524,0.0989319,0.0617926,0.0888215,0.0902968,0.0694253,0,)
    time_debug9:                  1.4593 0.0304022 2.94837% 218.403 (0.0171608,0.0405105,0.0295172,0.0350386,0.0352438,0.0279168,0.0262319,0.0319285,0.0347173,0.0322766,0.028853,0.0275495,0.027327,0.0289576,0.0273961,0.0230585,0.0348501,0.0376301,0.0317598,0.0356385,0.0318309,0.0348086,0.0288958,0.029657,0.0203689,0.0388326,0.0292483,0.0334049,0.039873,0.0297039,0.0269894,0.020689,0.0391033,0.0247426,0.0296255,0.0270884,0.0218286,0.0318434,0.0349898,0.0319842,0.0305451,0.037301,0.0178816,0.0296897,0.0302666,0.033108,0.0365734,0.0248685,0,)
    time_debug10:                 0 -nan -nan% 0 (0,0,0,0,0,0,0,0,0,0,0,0,0,0,0,0,0,0,0,0,0,0,0,0,0,0,0,0,0,0,0,0,0,0,0,0,0,0,0,0,0,0,0,0,0,0,0,0,0,)
    time_debug11:                 14.1633 0.295069 28.6155% 2119.72 (0.319246,0.304479,0.305073,0.289787,0.297107,0.285132,0.28163,0.289563,0.28729,0.289223,0.283943,0.29226,0.296371,0.302932,0.305908,0.290648,0.306265,0.303402,0.291633,0.302472,0.296148,0.292751,0.288559,0.29174,0.285102,0.290921,0.287456,0.289801,0.302012,0.309092,0.299094,0.304876,0.307371,0.2881,0.294605,0.296655,0.288224,0.286884,0.284052,0.290048,0.294387,0.308742,0.278059,0.301577,0.295492,0.300962,0.301749,0.284494,0,)
    time_debug12:                 94.4024 1.96672 190.73% 14128.5 (1.94398,1.95679,1.95625,1.97297,1.96443,1.97764,1.97949,1.97391,1.97455,1.97212,1.97783,1.96967,1.96674,1.96009,1.95686,1.97132,1.95479,1.95916,1.97004,1.9583,1.96639,1.96965,1.97461,1.96999,1.97584,1.97049,1.97439,1.9709,1.95915,1.95209,1.96174,1.95663,1.9539,1.97394,1.96591,1.96626,1.97333,1.97343,1.97803,1.97188,1.96641,1.95303,1.9841,1.95949,1.96625,1.96043,1.9599,1.97731,0,)
    time_debug13:                 0 -nan -nan% 0 (0,0,0,0,0,0,0,0,0,0,0,0,0,0,0,0,0,0,0,0,0,0,0,0,0,0,0,0,0,0,0,0,0,0,0,0,0,0,0,0,0,0,0,0,0,0,0,0,0,)
    time_debug14:                 0 -nan -nan% 0 (0,0,0,0,0,0,0,0,0,0,0,0,0,0,0,0,0,0,0,0,0,0,0,0,0,0,0,0,0,0,0,0,0,0,0,0,0,0,0,0,0,0,0,0,0,0,0,0,0,)
    time_debug15:                 0 -nan -nan% 0 (0,0,0,0,0,0,0,0,0,0,0,0,0,0,0,0,0,0,0,0,0,0,0,0,0,0,0,0,0,0,0,0,0,0,0,0,0,0,0,0,0,0,0,0,0,0,0,0,0,)
    time_rec_loop_tryRead:        0 -nan -nan% 0 (0,0,0,0,0,0,0,0,0,0,0,0,0,0,0,0,0,0,0,0,0,0,0,0,0,0,0,0,0,0,0,0,0,0,0,0,0,0,0,0,0,0,0,0,0,0,0,0,0,)
    time_rec_finding_empty_slot:  0 -nan -nan% 0 (0,0,0,0,0,0,0,0,0,0,0,0,0,0,0,0,0,0,0,0,0,0,0,0,0,0,0,0,0,0,0,0,0,0,0,0,0,0,0,0,0,0,0,0,0,0,0,0,0,)
    time_silo_validate1:          0 -nan -nan% 0 (0,0,0,0,0,0,0,0,0,0,0,0,0,0,0,0,0,0,0,0,0,0,0,0,0,0,0,0,0,0,0,0,0,0,0,0,0,0,0,0,0,0,0,0,0,0,0,0,0,)
    time_silo_validate2:          0 -nan -nan% 0 (0,0,0,0,0,0,0,0,0,0,0,0,0,0,0,0,0,0,0,0,0,0,0,0,0,0,0,0,0,0,0,0,0,0,0,0,0,0,0,0,0,0,0,0,0,0,0,0,0,)
    time_silo_validate3:          0 -nan -nan% 0 (0,0,0,0,0,0,0,0,0,0,0,0,0,0,0,0,0,0,0,0,0,0,0,0,0,0,0,0,0,0,0,0,0,0,0,0,0,0,0,0,0,0,0,0,0,0,0,0,0,)
    time_silo_validate4:          0 -nan -nan% 0 (0,0,0,0,0,0,0,0,0,0,0,0,0,0,0,0,0,0,0,0,0,0,0,0,0,0,0,0,0,0,0,0,0,0,0,0,0,0,0,0,0,0,0,0,0,0,0,0,0,)
    time_silo_validate5:          0 -nan -nan% 0 (0,0,0,0,0,0,0,0,0,0,0,0,0,0,0,0,0,0,0,0,0,0,0,0,0,0,0,0,0,0,0,0,0,0,0,0,0,0,0,0,0,0,0,0,0,0,0,0,0,)
    time_silo_validate6:          0 -nan -nan% 0 (0,0,0,0,0,0,0,0,0,0,0,0,0,0,0,0,0,0,0,0,0,0,0,0,0,0,0,0,0,0,0,0,0,0,0,0,0,0,0,0,0,0,0,0,0,0,0,0,0,)
    time_silo_validate7:          0 -nan -nan% 0 (0,0,0,0,0,0,0,0,0,0,0,0,0,0,0,0,0,0,0,0,0,0,0,0,0,0,0,0,0,0,0,0,0,0,0,0,0,0,0,0,0,0,0,0,0,0,0,0,0,)
    time_silo_validate8:          0 -nan -nan% 0 (0,0,0,0,0,0,0,0,0,0,0,0,0,0,0,0,0,0,0,0,0,0,0,0,0,0,0,0,0,0,0,0,0,0,0,0,0,0,0,0,0,0,0,0,0,0,0,0,0,)
    time_silo_validate9:          0 -nan -nan% 0 (0,0,0,0,0,0,0,0,0,0,0,0,0,0,0,0,0,0,0,0,0,0,0,0,0,0,0,0,0,0,0,0,0,0,0,0,0,0,0,0,0,0,0,0,0,0,0,0,0,)
    time_locktable_get:           58.1704 1.21188 117.527% 8705.93 (1.17375,1.18432,1.19851,1.18092,1.20608,1.18015,1.18725,1.24732,1.1936,1.20118,1.24523,1.2192,1.21341,1.24387,1.19718,1.22373,1.19023,1.19074,1.18376,1.20411,1.19008,1.19683,1.1862,1.19751,1.24387,1.19526,1.20076,1.20943,1.21652,1.20852,1.1843,1.27112,1.19687,1.27241,1.22368,1.27145,1.27726,1.20879,1.20567,1.21134,1.2064,1.19922,1.27852,1.20573,1.18924,1.22713,1.21225,1.21956,0,)
    time_locktable_get_validation:0 -nan -nan% 0 (0,0,0,0,0,0,0,0,0,0,0,0,0,0,0,0,0,0,0,0,0,0,0,0,0,0,0,0,0,0,0,0,0,0,0,0,0,0,0,0,0,0,0,0,0,0,0,0,0,)
    time_locktable_release:       8.93208 0.186085 18.0463% 1336.8 (0.108105,0.217407,0.202657,0.199251,0.202381,0.195801,0.143261,0.166314,0.19988,0.190324,0.150554,0.189253,0.187042,0.1653,0.194766,0.141067,0.210717,0.211351,0.197954,0.201829,0.199726,0.193504,0.147551,0.203023,0.176966,0.219708,0.205633,0.209066,0.210794,0.168031,0.145404,0.160951,0.226052,0.166061,0.203927,0.163277,0.156435,0.213589,0.216648,0.215502,0.203797,0.182531,0.137347,0.213802,0.15082,0.199827,0.210787,0.156105,0,)
    time_get_row_before:          2.91581 0.060746 5.89108% 436.387 (0.0737061,0.0540818,0.0543582,0.0598876,0.0559128,0.0611813,0.0692647,0.0608041,0.0594118,0.0571313,0.0608886,0.0550392,0.057021,0.0627821,0.0602003,0.0698484,0.0546382,0.0549493,0.0621854,0.0546085,0.0568254,0.0562255,0.0703389,0.0598272,0.060426,0.0608718,0.0590346,0.0594597,0.0589975,0.0686977,0.0743973,0.0588139,0.0568177,0.0584599,0.0575228,0.0593644,0.0603923,0.0605121,0.0587817,0.058455,0.0604851,0.0686421,0.066494,0.0575497,0.0728023,0.0574336,0.0580385,0.0622385,0,)
    time_get_row_after:           7.32266 0.152555 14.7946% 1095.93 (0.15742,0.154617,0.151566,0.153393,0.149485,0.155532,0.157637,0.147049,0.150998,0.15246,0.148664,0.151469,0.153543,0.144583,0.151779,0.148922,0.152797,0.150331,0.149922,0.150167,0.151991,0.15145,0.155524,0.15393,0.151583,0.153103,0.158837,0.150871,0.151291,0.15531,0.162681,0.148571,0.155338,0.149409,0.152772,0.149726,0.151762,0.15074,0.155158,0.150463,0.154496,0.154415,0.149555,0.154668,0.161191,0.15192,0.15319,0.15038,0,)
    time_log_create:              0 -nan -nan% 0 (0,0,0,0,0,0,0,0,0,0,0,0,0,0,0,0,0,0,0,0,0,0,0,0,0,0,0,0,0,0,0,0,0,0,0,0,0,0,0,0,0,0,0,0,0,0,0,0,0,)
    time_log_serialLogTxn:        0 -nan -nan% 0 (0,0,0,0,0,0,0,0,0,0,0,0,0,0,0,0,0,0,0,0,0,0,0,0,0,0,0,0,0,0,0,0,0,0,0,0,0,0,0,0,0,0,0,0,0,0,0,0,0,)
    time_cleanup_1:               0.0600916 0.00125191 0.121409% 8.99346 (0.00128096,0.00124457,0.00126824,0.00123886,0.00122602,0.00127705,0.00130153,0.00117326,0.00123139,0.00125836,0.00119775,0.00122673,0.0012257,0.0011541,0.00124598,0.00122199,0.00124525,0.00123619,0.00126001,0.00122751,0.00124918,0.00124735,0.00130075,0.00129376,0.00128607,0.00126624,0.00130632,0.00128693,0.00123825,0.00125987,0.00135596,0.0012293,0.00126227,0.00119794,0.00125744,0.00118155,0.00119687,0.00128948,0.00128136,0.00128652,0.00128698,0.00123823,0.00122385,0.00129112,0.00134081,0.00124847,0.00123065,0.00121668,0,)
    time_cleanup_2:               0.118305 0.00246469 0.239023% 17.7058 (0.00253351,0.00246524,0.00246154,0.00246969,0.00244121,0.00245662,0.00252262,0.0023183,0.0024501,0.00244666,0.00239542,0.00243452,0.00245142,0.0023185,0.00249397,0.00241261,0.00245949,0.00245996,0.0024655,0.00244477,0.00245287,0.0024857,0.0025403,0.00252142,0.0024944,0.00252197,0.00251477,0.00250839,0.00246465,0.00248799,0.00262815,0.00237413,0.0025178,0.00240669,0.00245183,0.00238687,0.00236544,0.00250655,0.00250707,0.00250437,0.00252607,0.0024836,0.00235079,0.00251849,0.00261497,0.0024416,0.00244648,0.00237998,0,)
    time_insideSLT1:              0 -nan -nan% 0 (0,0,0,0,0,0,0,0,0,0,0,0,0,0,0,0,0,0,0,0,0,0,0,0,0,0,0,0,0,0,0,0,0,0,0,0,0,0,0,0,0,0,0,0,0,0,0,0,0,)
    time_insideSLT2:              0 -nan -nan% 0 (0,0,0,0,0,0,0,0,0,0,0,0,0,0,0,0,0,0,0,0,0,0,0,0,0,0,0,0,0,0,0,0,0,0,0,0,0,0,0,0,0,0,0,0,0,0,0,0,0,)
    time_STLother:                0 -nan -nan% 0 (0,0,0,0,0,0,0,0,0,0,0,0,0,0,0,0,0,0,0,0,0,0,0,0,0,0,0,0,0,0,0,0,0,0,0,0,0,0,0,0,0,0,0,0,0,0,0,0,0,)
    time_logging_thread:          0 -nan -nan% 0 (0,0,0,0,0,0,0,0,0,0,0,0,0,0,0,0,0,0,0,0,0,0,0,0,0,0,0,0,0,0,0,0,0,0,0,0,0,0,0,0,0,0,0,0,0,0,0,0,0,)
    int_serialLogFail:            0 (0,0,0,0,0,0,0,0,0,0,0,0,0,0,0,0,0,0,0,0,0,0,0,0,0,0,0,0,0,0,0,0,0,0,0,0,0,0,0,0,0,0,0,0,0,0,0,0,0,)
Projected Disk Bandwidth Utilized - avg -nan real -nan
Total time measured 566.708
Total wall time observed 568.094
Estimated CPU_FREQ is 2.19464
