NUM_CORES_PER_SLOT=24
NUMA_NODE_NUM=2
HYPER_THREADING_FACTOR=2
Running in big-hash-table mode.

Using 1 disks.
g_flush_blocksize=1048576, g_log_buffer_size=52428800
Init parallelism 96
Stats initialized
Global manager initialized
reading schema file: ./benchmarks/TPCC_full_schema.txt
0 0x7f09e3140040 50000000 1
0 0x55eaed47bf80 500 1
0 0x55eaed47ef40 5000 1
0 0x7f09cd9ed040 15000000 1
0 0x7f09b829a040 15000000 1
0 0x7f0970a31040 50000000 1
TPCC schema initialized
TPCC Data Initialization Complete!
workload initialized!
Init time 650.842
Log Read Size: 419430400
Start Initializing Locktable, size 16777216
ltiSize=64
Locktable Initialized, size 16777216, schema table size 15728640
mem_allocator initialized!
Query Queue Init Time 12.539035
query_queue initialized!
sim_done = 1
sim_done = 7
sim_done = 25
sim_done = 29
sim_done = 34
sim_done = 35
sim_done = 10
sim_done = 41
sim_done = 45
sim_done = 46
sim_done = 15
sim_done = 23
sim_done = 18
sim_done = 27
sim_done = 26
sim_done = 32
sim_done = 6
sim_done = 9
sim_done = 38
sim_done = 41
sim_done = 13
sim_done = 43
sim_done = 47
sim_done = 19
sim_done = 48
sim_done = 3
sim_done = 22
sim_done = 22
sim_done = 29
sim_done = 2
sim_done = 20
sim_done = 37
sim_done = 4
sim_done = 41
sim_done = 42
sim_done = 25
sim_done = 32
sim_done = 18
sim_done = 15
sim_done = 16
sim_done = 44
sim_done = 30
sim_done = 33
sim_done = 37
sim_done = 5
sim_done = 11
sim_done = 12
sim_done = 9
PASS! SimTime = 2.01282e+09
=Worker Thread=
    Throughput:                   3.38613e+06
    MaxThr:                       3.37621e+06
    PerThdThr:                    3.38615e+06
    run_time:                     96.0896 (2.00702,2.00356,2.0011,2.00202,2.00065,1.99515,2.0064,2.00008,2.0046,1.99704,2.00565,2.00378,2.00091,2.00261,2.00468,1.99337,2.00056,2.00688,2.00549,2.00538,2.00723,2.00222,2.00434,1.99751,2.00085,1.99599,2.00407,2.00377,1.99406,1.99972,2.00775,1.99828,1.99945,2.00298,1.99488,1.99865,2.00316,2.00493,1.9922,2.00738,1.99856,1.99744,2.00147,2.00414,2.00755,2.00168,2.00588,2.00652,0,)
    log_bytes:                    0 (0,0,0,0,0,0,0,0,0,0,0,0,0,0,0,0,0,0,0,0,0,0,0,0,0,0,0,0,0,0,0,0,0,0,0,0,0,0,0,0,0,0,0,0,0,0,0,0,0,)
    log_dep_size:                 0 (0,0,0,0,0,0,0,0,0,0,0,0,0,0,0,0,0,0,0,0,0,0,0,0,0,0,0,0,0,0,0,0,0,0,0,0,0,0,0,0,0,0,0,0,0,0,0,0,0,)
    log_total_size:               0 (0,0,0,0,0,0,0,0,0,0,0,0,0,0,0,0,0,0,0,0,0,0,0,0,0,0,0,0,0,0,0,0,0,0,0,0,0,0,0,0,0,0,0,0,0,0,0,0,0,)
    latency:                      210.412 (4.39655,4.38855,4.38297,4.38474,4.38148,4.36995,4.39527,4.38052,4.39114,4.37421,4.39292,4.39077,4.3817,4.38698,4.37865,4.36579,4.37815,4.3979,4.37748,4.39183,4.39453,4.3852,4.37586,4.3743,4.38164,4.37129,4.38989,4.38792,4.367,4.38039,4.39752,4.3766,4.37859,4.38733,4.37152,4.37692,4.38687,4.39087,4.36371,4.3968,4.3767,4.37442,4.38276,4.38993,4.39616,4.38306,4.39269,4.39379,0,)

    num_commits:                  6.77859e+06 (150000,139936,139636,139943,140097,140021,139605,140545,140139,140411,139484,135891,139344,140056,139794,140040,139419,130518,140095,140567,139978,139750,140548,143251,143176,143371,143217,142545,143408,143402,143445,143064,143420,142830,132620,142851,142828,143197,143099,142818,143407,142348,143052,143030,142827,142440,143082,140043,0,)
    num_async_commits:            0 (0,0,0,0,0,0,0,0,0,0,0,0,0,0,0,0,0,0,0,0,0,0,0,0,0,0,0,0,0,0,0,0,0,0,0,0,0,0,0,0,0,0,0,0,0,0,0,0,0,)
    num_aborts:                   245472 (12,5172,6774,6349,6674,5435,3520,6028,2143,5494,2415,1133,2951,3074,6830,6703,5589,1186,3151,6535,5507,5849,3022,6362,6541,6518,4340,8031,6839,4200,6802,6702,8141,4011,1633,6254,2248,6440,3561,3908,6994,6716,6793,2573,8002,7914,7149,5254,0,)
    num_aborts_logging:           0 (0,0,0,0,0,0,0,0,0,0,0,0,0,0,0,0,0,0,0,0,0,0,0,0,0,0,0,0,0,0,0,0,0,0,0,0,0,0,0,0,0,0,0,0,0,0,0,0,0,)
    num_log_records:              0 (0,0,0,0,0,0,0,0,0,0,0,0,0,0,0,0,0,0,0,0,0,0,0,0,0,0,0,0,0,0,0,0,0,0,0,0,0,0,0,0,0,0,0,0,0,0,0,0,0,)
    log_data:                     0 (0,0,0,0,0,0,0,0,0,0,0,0,0,0,0,0,0,0,0,0,0,0,0,0,0,0,0,0,0,0,0,0,0,0,0,0,0,0,0,0,0,0,0,0,0,0,0,0,0,)
    num_latency_count:            7.02406e+06 (150012,145108,146410,146292,146771,145456,143125,146573,142282,145905,141899,137024,142295,143130,146624,146743,145008,131704,143246,147102,145485,145599,143570,149613,149717,149889,147557,150576,150247,147602,150247,149766,151561,146841,134253,149105,145076,149637,146660,146726,150401,149064,149845,145603,150829,150354,150231,145297,0,)
    num_raw_edges:                0 (0,0,0,0,0,0,0,0,0,0,0,0,0,0,0,0,0,0,0,0,0,0,0,0,0,0,0,0,0,0,0,0,0,0,0,0,0,0,0,0,0,0,0,0,0,0,0,0,0,)
    num_waw_edges:                0 (0,0,0,0,0,0,0,0,0,0,0,0,0,0,0,0,0,0,0,0,0,0,0,0,0,0,0,0,0,0,0,0,0,0,0,0,0,0,0,0,0,0,0,0,0,0,0,0,0,)
    num_war_edges:                0 (0,0,0,0,0,0,0,0,0,0,0,0,0,0,0,0,0,0,0,0,0,0,0,0,0,0,0,0,0,0,0,0,0,0,0,0,0,0,0,0,0,0,0,0,0,0,0,0,0,)
    int_num_log:                  0 (0,0,0,0,0,0,0,0,0,0,0,0,0,0,0,0,0,0,0,0,0,0,0,0,0,0,0,0,0,0,0,0,0,0,0,0,0,0,0,0,0,0,0,0,0,0,0,0,0,)
    int_debug_get_next:           0 (0,0,0,0,0,0,0,0,0,0,0,0,0,0,0,0,0,0,0,0,0,0,0,0,0,0,0,0,0,0,0,0,0,0,0,0,0,0,0,0,0,0,0,0,0,0,0,0,0,)
    int_debug1:                   0 (0,0,0,0,0,0,0,0,0,0,0,0,0,0,0,0,0,0,0,0,0,0,0,0,0,0,0,0,0,0,0,0,0,0,0,0,0,0,0,0,0,0,0,0,0,0,0,0,0,)
    int_debug2:                   0 (0,0,0,0,0,0,0,0,0,0,0,0,0,0,0,0,0,0,0,0,0,0,0,0,0,0,0,0,0,0,0,0,0,0,0,0,0,0,0,0,0,0,0,0,0,0,0,0,0,)
    int_debug3:                   0 (0,0,0,0,0,0,0,0,0,0,0,0,0,0,0,0,0,0,0,0,0,0,0,0,0,0,0,0,0,0,0,0,0,0,0,0,0,0,0,0,0,0,0,0,0,0,0,0,0,)
    int_debug4:                   6.85759e+07 (1103349,1356202,1563265,1590803,1558240,1351887,1190580,1508161,1410559,1474132,1366454,1238188,1091378,1383375,1601776,1553852,1503698,1276356,1111100,1572022,1559432,1449180,1165757,1474781,1399047,1469504,1253026,1626584,1581742,1211171,1606306,1573770,1621214,1428398,1310808,1595056,1345758,1436204,1120510,1130820,1592763,1497565,1449333,1485775,1633444,1614542,1617830,1520198,0,)
    int_debug5:                   4.80224e+07 (1049331,992757,994730,994596,995700,991726,984861,994883,983808,994341,983525,954347,983652,985366,995874,996195,993070,916252,985318,995896,994972,995191,986294,1016408,1017720,1018178,1008984,1019376,1018292,1009184,1018249,1017571,1021364,1008879,932750,1016714,1005623,1018619,1007702,1008612,1019672,1017882,1018520,1006555,1020495,1019866,1018876,993626,0,)
    int_debug6:                   2.12658e+07 (227738,391453,523475,520079,534452,390414,402504,403152,474681,381755,465063,462135,412767,442975,527687,524980,420741,447874,395757,519649,392494,396882,407592,400809,398478,408954,416706,534938,410137,415132,530587,406025,535116,478790,452516,411474,466828,411354,409197,410904,412609,405634,405022,499321,505022,534768,546846,392352,0,)
    int_debug7:                   185196 (16,5841,4779,5208,4566,6081,758,6900,119,7668,280,125,114,64,4141,4798,7030,76,859,4894,6910,6526,304,6610,7031,6195,732,5243,7171,833,4390,7211,5009,596,67,6034,62,6634,945,126,7208,7235,6754,121,4316,5095,4692,6829,0,)
    int_debug8:                   0 (0,0,0,0,0,0,0,0,0,0,0,0,0,0,0,0,0,0,0,0,0,0,0,0,0,0,0,0,0,0,0,0,0,0,0,0,0,0,0,0,0,0,0,0,0,0,0,0,0,)
    int_debug9:                   4.74295e+07 (1049280,979477,978900,979447,979575,979461,978955,980297,979384,980107,978873,951791,978462,979552,979320,979427,978591,913459,979599,980275,979486,979281,980266,1000982,1000967,1001451,1000957,1000135,1001235,1001148,1001286,1000965,1001342,1000440,929092,1000568,1000560,1001102,1000742,1000397,1001241,999694,1000655,1000454,1000621,999853,1000823,979525,0,)
    int_debug10:                  6.08968e+07 (1050768,1253737,1260013,1298377,1242849,1262803,1164985,1382791,1214522,1361738,1181664,1067357,1040842,1202818,1284616,1251908,1387484,1093319,1089980,1271514,1448542,1335088,1143634,1373460,1285482,1364263,1210653,1309302,1454932,1180529,1311758,1463017,1322930,1218909,1142125,1483296,1152495,1325557,1096823,1096312,1465274,1389150,1330056,1276951,1341181,1298958,1287399,1424618,0,)
    int_psnflush:                 0 (0,0,0,0,0,0,0,0,0,0,0,0,0,0,0,0,0,0,0,0,0,0,0,0,0,0,0,0,0,0,0,0,0,0,0,0,0,0,0,0,0,0,0,0,0,0,0,0,0,)
    int_flush_time_interval:      0 (0,0,0,0,0,0,0,0,0,0,0,0,0,0,0,0,0,0,0,0,0,0,0,0,0,0,0,0,0,0,0,0,0,0,0,0,0,0,0,0,0,0,0,0,0,0,0,0,0,)
    int_flush_half_full:          0 (0,0,0,0,0,0,0,0,0,0,0,0,0,0,0,0,0,0,0,0,0,0,0,0,0,0,0,0,0,0,0,0,0,0,0,0,0,0,0,0,0,0,0,0,0,0,0,0,0,)
    int_rec_fail_to_insert:       0 (0,0,0,0,0,0,0,0,0,0,0,0,0,0,0,0,0,0,0,0,0,0,0,0,0,0,0,0,0,0,0,0,0,0,0,0,0,0,0,0,0,0,0,0,0,0,0,0,0,)
    int_num_get_row:              4.78048e+07 (1049320,988083,988469,988653,989502,986892,981935,989493,981850,989393,981370,953217,981321,982727,989546,989960,988078,915069,982769,989875,990044,989990,983897,1010825,1011844,1012524,1005498,1012082,1012304,1005805,1011928,1011702,1013998,1005558,931120,1011307,1003630,1013059,1004839,1005561,1013558,1012053,1012581,1004276,1013268,1012766,1012241,989025,0,)
    int_locktable_volume:         8.18279e+07 (1154008,1739604,1890793,1866039,1838964,1733942,1282743,1778681,1742060,1798851,1742685,1674010,1299822,1732471,1900905,1819877,1751512,1616995,1284867,1869385,1776104,1766588,1272036,1797255,1813676,1789123,1331472,1946405,1815853,1315419,1858659,1806500,1900771,1812456,1628572,1789397,1799067,1795025,1310174,1310649,1811145,1793888,1809954,1795537,1903695,1923659,1899180,1737432,0,)
    int_aux_bytes:                0 (0,0,0,0,0,0,0,0,0,0,0,0,0,0,0,0,0,0,0,0,0,0,0,0,0,0,0,0,0,0,0,0,0,0,0,0,0,0,0,0,0,0,0,0,0,0,0,0,0,)
    int_nonzero:                  0 (0,0,0,0,0,0,0,0,0,0,0,0,0,0,0,0,0,0,0,0,0,0,0,0,0,0,0,0,0,0,0,0,0,0,0,0,0,0,0,0,0,0,0,0,0,0,0,0,0,)
    num_log_entries:              0 (0,0,0,0,0,0,0,0,0,0,0,0,0,0,0,0,0,0,0,0,0,0,0,0,0,0,0,0,0,0,0,0,0,0,0,0,0,0,0,0,0,0,0,0,0,0,0,0,0,)
    time_ts_alloc:                0 -nan -nan% 0 (0,0,0,0,0,0,0,0,0,0,0,0,0,0,0,0,0,0,0,0,0,0,0,0,0,0,0,0,0,0,0,0,0,0,0,0,0,0,0,0,0,0,0,0,0,0,0,0,0,)
    time_man:                     63.9238 1.33175 146.355% 9430.25 (1.2518,1.30889,1.32802,1.32747,1.32973,1.30556,1.32873,1.31212,1.34542,1.29816,1.34116,1.34329,1.32688,1.3474,1.34007,1.32902,1.30307,1.34724,1.32303,1.33496,1.31079,1.32131,1.3192,1.31601,1.32745,1.3305,1.33826,1.33927,1.3179,1.33905,1.35809,1.33326,1.34959,1.36413,1.35942,1.33197,1.36532,1.34328,1.3274,1.3534,1.32567,1.322,1.32314,1.36812,1.35294,1.35518,1.35722,1.30187,0,)
    time_cleanup:                 38.3759 0.799499 87.8629% 5661.35 (0.66487,0.755869,0.815664,0.815555,0.816132,0.776718,0.80724,0.787009,0.831751,0.753418,0.822603,0.821582,0.795846,0.832231,0.828885,0.823242,0.754287,0.798769,0.781779,0.831101,0.75893,0.798927,0.789235,0.794301,0.770637,0.790616,0.77837,0.817643,0.776198,0.796053,0.82859,0.805542,0.828949,0.844992,0.799629,0.798483,0.844618,0.809498,0.767954,0.807844,0.778226,0.773829,0.782066,0.843935,0.826107,0.828568,0.839793,0.781853,0,)
    time_txn:                     0 -nan -nan% 0 (0,0,0,0,0,0,0,0,0,0,0,0,0,0,0,0,0,0,0,0,0,0,0,0,0,0,0,0,0,0,0,0,0,0,0,0,0,0,0,0,0,0,0,0,0,0,0,0,0,)
    time_index:                   2.71122 0.0564838 6.20742% 399.968 (0.0614434,0.0555951,0.0555765,0.0587023,0.0550862,0.0562108,0.0560838,0.0557249,0.0544362,0.0568382,0.0560893,0.0529334,0.0550461,0.0547239,0.055887,0.0566334,0.0557382,0.0508354,0.0555274,0.0551637,0.0558288,0.0559173,0.0547418,0.0672671,0.0564375,0.0562145,0.0558828,0.056513,0.0572984,0.0572357,0.0556054,0.0569416,0.0563605,0.0544579,0.0514203,0.0569811,0.056531,0.0563958,0.0566031,0.056517,0.0568568,0.058271,0.0581997,0.0561526,0.0569574,0.0569464,0.0562457,0.0661647,0,)
    time_log:                     0.0593657 0.00123679 0.13592% 8.75783 (0.00131509,0.00123074,0.00122378,0.00122955,0.00123554,0.00122501,0.00123009,0.00123835,0.00122636,0.00123755,0.00122368,0.00119849,0.00122267,0.00122597,0.00123974,0.00121916,0.00121957,0.00114126,0.00123393,0.00123923,0.00122228,0.00122298,0.00123237,0.00124638,0.00124561,0.00126077,0.00124482,0.00125496,0.00124992,0.00124872,0.00125811,0.00124423,0.00124502,0.00124614,0.00116815,0.00124598,0.00124706,0.00124841,0.00124896,0.00124634,0.00124848,0.00124435,0.00125741,0.00124636,0.00124896,0.00124133,0.00124882,0.00124705,0,)
    time_io:                      0 -nan -nan% 0 (0,0,0,0,0,0,0,0,0,0,0,0,0,0,0,0,0,0,0,0,0,0,0,0,0,0,0,0,0,0,0,0,0,0,0,0,0,0,0,0,0,0,0,0,0,0,0,0,0,)
    time_wait_io:                 0 -nan -nan% 0 (0,0,0,0,0,0,0,0,0,0,0,0,0,0,0,0,0,0,0,0,0,0,0,0,0,0,0,0,0,0,0,0,0,0,0,0,0,0,0,0,0,0,0,0,0,0,0,0,0,)
    time_phase1_add_graph:        0 -nan -nan% 0 (0,0,0,0,0,0,0,0,0,0,0,0,0,0,0,0,0,0,0,0,0,0,0,0,0,0,0,0,0,0,0,0,0,0,0,0,0,0,0,0,0,0,0,0,0,0,0,0,0,)
    time_recover_txn:             0 -nan -nan% 0 (0,0,0,0,0,0,0,0,0,0,0,0,0,0,0,0,0,0,0,0,0,0,0,0,0,0,0,0,0,0,0,0,0,0,0,0,0,0,0,0,0,0,0,0,0,0,0,0,0,)
    time_lv_overhead:             0 -nan -nan% 0 (0,0,0,0,0,0,0,0,0,0,0,0,0,0,0,0,0,0,0,0,0,0,0,0,0,0,0,0,0,0,0,0,0,0,0,0,0,0,0,0,0,0,0,0,0,0,0,0,0,)
    time_state_malloc:            0 -nan -nan% 0 (0,0,0,0,0,0,0,0,0,0,0,0,0,0,0,0,0,0,0,0,0,0,0,0,0,0,0,0,0,0,0,0,0,0,0,0,0,0,0,0,0,0,0,0,0,0,0,0,0,)
    time_phase1_1:                4.68083 0.0975174 10.7169% 690.532 (0.104649,0.0961961,0.0995577,0.099335,0.0989384,0.0995166,0.0972801,0.0975479,0.097839,0.0994042,0.0963651,0.0926726,0.0975337,0.0997376,0.0996238,0.10162,0.0992076,0.0903291,0.0977659,0.10207,0.0974043,0.0966828,0.101926,0.0983779,0.0964214,0.0940254,0.094532,0.0986913,0.0966714,0.0954539,0.105902,0.0951502,0.0987246,0.0941906,0.0888546,0.0991332,0.0949412,0.0948278,0.094095,0.0947105,0.095082,0.0984441,0.0968133,0.0950128,0.101879,0.0987934,0.0977077,0.0991964,0,)
    time_phase1_2:                4.68261 0.0975545 10.721% 690.795 (0.130035,0.108581,0.0888948,0.0914058,0.0886945,0.0989781,0.0961241,0.0972397,0.0841825,0.108057,0.0874938,0.095626,0.0948506,0.0884594,0.0888566,0.0894695,0.10634,0.106066,0.0990791,0.0864226,0.106648,0.0973107,0.0932652,0.107178,0.106699,0.102778,0.100048,0.0913705,0.103534,0.0971923,0.0897922,0.0990048,0.0908878,0.0879973,0.109142,0.0965426,0.088733,0.0975944,0.107474,0.0956162,0.104201,0.101579,0.104338,0.0871177,0.0907559,0.0916702,0.0903948,0.108892,0,)
    time_phase2:                  6.59 0.137292 15.088% 972.178 (0.221271,0.166873,0.115493,0.114672,0.117782,0.143577,0.128403,0.139137,0.107884,0.164083,0.115176,0.13816,0.133679,0.120329,0.118303,0.113884,0.164227,0.171643,0.149157,0.112866,0.163609,0.141161,0.127645,0.134804,0.167501,0.147408,0.148443,0.118325,0.151938,0.138032,0.119004,0.136803,0.117087,0.112267,0.180171,0.133513,0.11531,0.137249,0.163747,0.13592,0.154168,0.14597,0.148039,0.113106,0.116856,0.117988,0.117083,0.130255,0,)
    time_phase3:                  9.85728 0.20536 22.5685% 1454.18 (0.225449,0.217679,0.220586,0.219313,0.219225,0.220346,0.216712,0.219628,0.216293,0.219191,0.217638,0.215116,0.216522,0.212019,0.214784,0.215416,0.220935,0.209844,0.216981,0.219049,0.219135,0.21855,0.218964,0.194047,0.192552,0.192658,0.193273,0.195342,0.194385,0.192987,0.193857,0.194934,0.192451,0.190365,0.184177,0.194326,0.191442,0.192868,0.190083,0.19258,0.194115,0.196055,0.196325,0.192233,0.193358,0.191468,0.19349,0.218533,0,)
    time_phase1_1_raw:            19.6242 0.408838 44.9302% 2895.03 (0.387211,0.401642,0.40969,0.410123,0.407161,0.399418,0.409948,0.402909,0.420743,0.393456,0.416354,0.401183,0.41145,0.404717,0.400764,0.394776,0.400111,0.388484,0.406832,0.397882,0.402009,0.39616,0.413955,0.402507,0.402619,0.40928,0.42749,0.415911,0.404148,0.420346,0.415744,0.408883,0.411888,0.424473,0.396065,0.413765,0.420146,0.412261,0.411657,0.427008,0.410165,0.415396,0.410535,0.425304,0.420738,0.417395,0.413603,0.409915,0,)
    time_phase1_2_raw:            0.854146 0.0177947 1.95559% 126.006 (0.0178909,0.0175542,0.0175903,0.0176758,0.0175509,0.0176706,0.017444,0.017778,0.0170407,0.0175807,0.0171312,0.0163319,0.0173836,0.0172494,0.017759,0.0173678,0.0176897,0.015587,0.0174576,0.0175334,0.0177142,0.0178243,0.0193299,0.0181335,0.0180405,0.0181897,0.0178541,0.0203068,0.0182926,0.0180144,0.0176361,0.0182612,0.0179904,0.0177924,0.0160672,0.0183193,0.0173993,0.0181836,0.0179328,0.0178767,0.0181874,0.0180435,0.0184196,0.0173653,0.0199396,0.018213,0.0178869,0.017665,0,)
    time_phase2_raw:              0.399132 0.00831524 0.913824% 58.8813 (0.00833926,0.00827109,0.00828546,0.00834221,0.00824632,0.00832419,0.00823409,0.00839891,0.00788904,0.00827729,0.0080412,0.0075271,0.00822671,0.00801972,0.00834993,0.00815288,0.0083358,0.00722606,0.00818494,0.00824393,0.00836064,0.00839532,0.00814974,0.00863572,0.00850246,0.00863113,0.00845265,0.00858776,0.00868357,0.00847992,0.00826916,0.00866826,0.00854697,0.008366,0.00745607,0.00856842,0.00802152,0.00862782,0.00840392,0.00846957,0.0086489,0.00862329,0.00879456,0.00803104,0.00853349,0.00860493,0.00830284,0.00839992,0,)
    time_phase3_raw:              0 -nan -nan% 0 (0,0,0,0,0,0,0,0,0,0,0,0,0,0,0,0,0,0,0,0,0,0,0,0,0,0,0,0,0,0,0,0,0,0,0,0,0,0,0,0,0,0,0,0,0,0,0,0,0,)
    time_recover_full:            0 -nan -nan% 0 (0,0,0,0,0,0,0,0,0,0,0,0,0,0,0,0,0,0,0,0,0,0,0,0,0,0,0,0,0,0,0,0,0,0,0,0,0,0,0,0,0,0,0,0,0,0,0,0,0,)
    time_recover1:                0 -nan -nan% 0 (0,0,0,0,0,0,0,0,0,0,0,0,0,0,0,0,0,0,0,0,0,0,0,0,0,0,0,0,0,0,0,0,0,0,0,0,0,0,0,0,0,0,0,0,0,0,0,0,0,)
    time_recover2:                0 -nan -nan% 0 (0,0,0,0,0,0,0,0,0,0,0,0,0,0,0,0,0,0,0,0,0,0,0,0,0,0,0,0,0,0,0,0,0,0,0,0,0,0,0,0,0,0,0,0,0,0,0,0,0,)
    time_recover3:                0 -nan -nan% 0 (0,0,0,0,0,0,0,0,0,0,0,0,0,0,0,0,0,0,0,0,0,0,0,0,0,0,0,0,0,0,0,0,0,0,0,0,0,0,0,0,0,0,0,0,0,0,0,0,0,)
    time_recover4:                0 -nan -nan% 0 (0,0,0,0,0,0,0,0,0,0,0,0,0,0,0,0,0,0,0,0,0,0,0,0,0,0,0,0,0,0,0,0,0,0,0,0,0,0,0,0,0,0,0,0,0,0,0,0,0,)
    time_recover5:                0 -nan -nan% 0 (0,0,0,0,0,0,0,0,0,0,0,0,0,0,0,0,0,0,0,0,0,0,0,0,0,0,0,0,0,0,0,0,0,0,0,0,0,0,0,0,0,0,0,0,0,0,0,0,0,)
    time_recover6:                0 -nan -nan% 0 (0,0,0,0,0,0,0,0,0,0,0,0,0,0,0,0,0,0,0,0,0,0,0,0,0,0,0,0,0,0,0,0,0,0,0,0,0,0,0,0,0,0,0,0,0,0,0,0,0,)
    time_recover7:                0 -nan -nan% 0 (0,0,0,0,0,0,0,0,0,0,0,0,0,0,0,0,0,0,0,0,0,0,0,0,0,0,0,0,0,0,0,0,0,0,0,0,0,0,0,0,0,0,0,0,0,0,0,0,0,)
    time_recover8:                0 -nan -nan% 0 (0,0,0,0,0,0,0,0,0,0,0,0,0,0,0,0,0,0,0,0,0,0,0,0,0,0,0,0,0,0,0,0,0,0,0,0,0,0,0,0,0,0,0,0,0,0,0,0,0,)
    time_debug_get_next:          0 -nan -nan% 0 (0,0,0,0,0,0,0,0,0,0,0,0,0,0,0,0,0,0,0,0,0,0,0,0,0,0,0,0,0,0,0,0,0,0,0,0,0,0,0,0,0,0,0,0,0,0,0,0,0,)
    time_debug0:                  8.23192 0.171498 18.8472% 1214.4 (0.139823,0.16216,0.177354,0.177677,0.177275,0.165279,0.173026,0.165427,0.189436,0.162055,0.183003,0.181686,0.176826,0.191183,0.178308,0.178564,0.1625,0.177763,0.170989,0.177675,0.162425,0.168113,0.171265,0.171461,0.16327,0.164892,0.165504,0.171004,0.16234,0.168061,0.176092,0.173841,0.1699,0.189454,0.170577,0.171444,0.183681,0.177743,0.162866,0.169428,0.162005,0.160432,0.163124,0.181956,0.17226,0.171872,0.173329,0.165576,0,)
    time_debug1:                  13.3364 0.277841 30.534% 1967.42 (0.308165,0.275655,0.248671,0.249629,0.247025,0.285186,0.289395,0.291914,0.273403,0.280119,0.273328,0.279798,0.28202,0.283565,0.246233,0.249767,0.265086,0.267648,0.275539,0.266152,0.281092,0.299089,0.271724,0.295997,0.28724,0.293318,0.267894,0.253887,0.286082,0.281962,0.256742,0.299384,0.264101,0.286032,0.271869,0.294765,0.296089,0.296729,0.2794,0.303526,0.290129,0.28786,0.294792,0.273942,0.265511,0.261657,0.262994,0.294251,0,)
    time_debug2:                  4.14036 0.0862575 9.47948% 610.8 (0.0297361,0.0622364,0.114302,0.10947,0.110678,0.0668857,0.0868494,0.0664309,0.111467,0.0564995,0.109263,0.106975,0.0810544,0.106822,0.112632,0.109036,0.0649691,0.105719,0.0749268,0.107647,0.0574232,0.0640411,0.0852899,0.0671946,0.0615235,0.0664678,0.0846019,0.112694,0.0640054,0.0846473,0.111806,0.0655399,0.108022,0.110718,0.109306,0.0691451,0.109507,0.0676912,0.0689097,0.0749082,0.0620943,0.0617063,0.0619433,0.120158,0.111359,0.105788,0.118007,0.0622622,0,)
    time_debug3:                  0.153071 0.00318898 0.35046% 22.5815 (2.88873e-05,0.0036979,0.00442587,0.00326575,0.00596312,0.00408141,0.000541075,0.00533856,0.000195986,0.00458919,0.000415215,0.000946845,0.000204176,0.000235125,0.00426389,0.00316585,0.00405175,0.000185195,0.000624234,0.00251463,0.00524951,0.00862738,0.000746945,0.00594226,0.00413052,0.00441774,0.000526876,0.00357863,0.00404676,0.000658071,0.00309575,0.00833372,0.00347615,0.000521083,9.91609e-05,0.00384662,0.000330104,0.00436158,0.000782656,0.00029607,0.00435239,0.00442848,0.00443534,0.000340685,0.00665358,0.00639268,0.00621983,0.00844572,0,)
    time_debug4:                  3.72757 0.0776577 8.53438% 549.904 (0.0187132,0.0796075,0.0862669,0.0868486,0.0875687,0.0870257,0.0704793,0.0879017,0.0633321,0.0845069,0.0618114,0.0594098,0.0557343,0.0627814,0.0866867,0.0893527,0.0792226,0.0584678,0.0615163,0.0896951,0.0811168,0.0872526,0.0692999,0.0906565,0.0880483,0.0886363,0.0705224,0.0896348,0.0925148,0.070322,0.0913946,0.0836565,0.0936889,0.0666508,0.0640381,0.090777,0.0647413,0.0893797,0.059994,0.060882,0.0843213,0.0850499,0.0802832,0.0648563,0.0974764,0.0916268,0.0902474,0.0835719,0,)
    time_debug5:                  1.72727e-08 8.63636e-09 9.49114e-07% 2.54813e-06 (9.09091e-09,0,0,0,0,0,0,0,0,0,0,0,0,0,0,0,0,0,8.18182e-09,0,0,0,0,0,0,0,0,0,0,0,0,0,0,0,0,0,0,0,0,0,0,0,0,0,0,0,0,0,0,)
    time_debug6:                  0 -nan -nan% 0 (0,0,0,0,0,0,0,0,0,0,0,0,0,0,0,0,0,0,0,0,0,0,0,0,0,0,0,0,0,0,0,0,0,0,0,0,0,0,0,0,0,0,0,0,0,0,0,0,0,)
    time_debug7:                  0 -nan -nan% 0 (0,0,0,0,0,0,0,0,0,0,0,0,0,0,0,0,0,0,0,0,0,0,0,0,0,0,0,0,0,0,0,0,0,0,0,0,0,0,0,0,0,0,0,0,0,0,0,0,0,)
    time_debug8:                  1.83059 0.0381373 4.1912% 270.055 (0.0294767,0.0367677,0.0430433,0.0422498,0.0430225,0.0400007,0.0333449,0.0414829,0.0353229,0.0381912,0.0354397,0.0357069,0.0311809,0.03732,0.0414762,0.0448455,0.036291,0.0329505,0.0314404,0.0414838,0.0372179,0.0383451,0.0319833,0.0378736,0.0388077,0.0385983,0.0336409,0.0454168,0.0381187,0.0335934,0.0449858,0.0387725,0.0442759,0.039491,0.0349887,0.0379368,0.0376212,0.0404191,0.0322714,0.0341656,0.0390525,0.0377452,0.0370707,0.0377423,0.0450637,0.0423669,0.0437383,0.0382516,0,)
    time_debug9:                  0.598255 0.0124636 1.36972% 88.2565 (0.00930635,0.0135159,0.0131168,0.0137922,0.0134434,0.0130535,0.0103878,0.0135592,0.0108229,0.0141205,0.0109322,0.0101068,0.00963087,0.0107229,0.0134533,0.0132633,0.0135496,0.0100785,0.0104648,0.0139998,0.0135319,0.0136427,0.0101847,0.013706,0.0141427,0.0140043,0.010288,0.013789,0.0141301,0.0105689,0.0136147,0.0137019,0.0140503,0.0110875,0.010024,0.0137604,0.0113332,0.0140216,0.0104557,0.010064,0.0134439,0.0138494,0.0135988,0.010776,0.0140538,0.0138582,0.0139866,0.0132655,0,)
    time_debug10:                 0 -nan -nan% 0 (0,0,0,0,0,0,0,0,0,0,0,0,0,0,0,0,0,0,0,0,0,0,0,0,0,0,0,0,0,0,0,0,0,0,0,0,0,0,0,0,0,0,0,0,0,0,0,0,0,)
    time_debug11:                 16.1132 0.335692 36.8916% 2377.07 (0.325088,0.330748,0.34778,0.348508,0.350469,0.328476,0.315762,0.332205,0.334847,0.330577,0.334465,0.326742,0.325137,0.334894,0.348417,0.354736,0.330018,0.329375,0.325193,0.351827,0.332789,0.32794,0.325162,0.335267,0.337187,0.337286,0.329947,0.354122,0.341579,0.32891,0.349059,0.331107,0.350504,0.33814,0.315202,0.334885,0.331463,0.333389,0.332716,0.325134,0.340294,0.335742,0.333532,0.329811,0.347255,0.345859,0.347707,0.335945,0,)
    time_debug12:                 79.6443 1.65926 182.348% 11749.4 (1.67534,1.66547,1.64612,1.64624,1.64292,1.65977,1.68374,1.66079,1.66303,1.65952,1.6647,1.67076,1.66917,1.66102,1.64894,1.6314,1.66307,1.67139,1.67362,1.64636,1.6673,1.66714,1.67246,1.65493,1.65642,1.65158,1.66711,1.64206,1.64514,1.6639,1.65138,1.66008,1.64181,1.65824,1.67387,1.65706,1.66506,1.66461,1.65301,1.67579,1.65135,1.65483,1.66094,1.66786,1.65331,1.64875,1.65127,1.6637,0,)
    time_debug13:                 0 -nan -nan% 0 (0,0,0,0,0,0,0,0,0,0,0,0,0,0,0,0,0,0,0,0,0,0,0,0,0,0,0,0,0,0,0,0,0,0,0,0,0,0,0,0,0,0,0,0,0,0,0,0,0,)
    time_debug14:                 0 -nan -nan% 0 (0,0,0,0,0,0,0,0,0,0,0,0,0,0,0,0,0,0,0,0,0,0,0,0,0,0,0,0,0,0,0,0,0,0,0,0,0,0,0,0,0,0,0,0,0,0,0,0,0,)
    time_debug15:                 37.8441 0.788418 86.6452% 5582.89 (0.653931,0.745293,0.805015,0.803991,0.805405,0.766107,0.796786,0.77631,0.821063,0.742019,0.810965,0.811587,0.784718,0.821793,0.812605,0.812509,0.742954,0.789124,0.764018,0.82027,0.747442,0.7883,0.777789,0.783472,0.759834,0.779783,0.767741,0.806556,0.765325,0.785415,0.81779,0.794723,0.818038,0.83432,0.789866,0.787646,0.833977,0.798668,0.757312,0.797069,0.767253,0.762935,0.770929,0.833281,0.814948,0.817517,0.82876,0.770935,0,)
    time_rec_loop_tryRead:        0 -nan -nan% 0 (0,0,0,0,0,0,0,0,0,0,0,0,0,0,0,0,0,0,0,0,0,0,0,0,0,0,0,0,0,0,0,0,0,0,0,0,0,0,0,0,0,0,0,0,0,0,0,0,0,)
    time_rec_finding_empty_slot:  0 -nan -nan% 0 (0,0,0,0,0,0,0,0,0,0,0,0,0,0,0,0,0,0,0,0,0,0,0,0,0,0,0,0,0,0,0,0,0,0,0,0,0,0,0,0,0,0,0,0,0,0,0,0,0,)
    time_silo_validate1:          1.7865 0.0372187 4.09024% 263.55 (0.039514,0.0370882,0.0373778,0.0371589,0.0370226,0.037286,0.0368231,0.0372553,0.0357136,0.036991,0.0363403,0.0343757,0.0366833,0.0362841,0.0372549,0.0366364,0.0372886,0.0332243,0.0365756,0.0368689,0.0371484,0.0372471,0.0365179,0.0381108,0.0379843,0.0382798,0.0374404,0.0383808,0.0382291,0.0374785,0.037289,0.0381121,0.0379309,0.0374193,0.0336364,0.0380703,0.0366556,0.0381886,0.037464,0.0375445,0.03821,0.0383192,0.0384094,0.0365006,0.0381291,0.0385164,0.0375425,0.0379815,0,)
    time_silo_validate2:          0.416903 0.00868547 0.954511% 61.5029 (0.00804831,0.0078829,0.00925308,0.00958417,0.00979118,0.00815243,0.00810696,0.00818649,0.00817604,0.00800898,0.00814875,0.00738366,0.0078509,0.00826152,0.0108554,0.0108006,0.00803161,0.00803129,0.00794076,0.0111459,0.0080378,0.00811181,0.00779307,0.00831201,0.00835865,0.00837322,0.00808843,0.00951482,0.00923883,0.00818056,0.0103127,0.00823632,0.0109755,0.00819407,0.00755102,0.00821196,0.0080283,0.00835773,0.0080604,0.00810814,0.00863077,0.00839418,0.00866275,0.00780851,0.00993606,0.0112382,0.0101553,0.0083906,0,)
    time_silo_validate3:          31.1069 0.64806 71.2201% 4588.99 (0.530054,0.606716,0.656022,0.654564,0.655096,0.623703,0.669415,0.630794,0.69196,0.600933,0.680101,0.68661,0.660684,0.689699,0.66151,0.658894,0.603693,0.667576,0.638781,0.669349,0.606538,0.645063,0.652324,0.640709,0.614766,0.634291,0.638686,0.651078,0.619323,0.655208,0.663092,0.65007,0.661606,0.696719,0.666668,0.644176,0.699679,0.650825,0.62849,0.66574,0.621436,0.618121,0.625686,0.698785,0.658502,0.661161,0.674194,0.627785,0,)
    time_silo_validate4:          0.0606283 0.00126309 0.13881% 8.9441 (0.00131055,0.00123628,0.00137746,0.00132771,0.00125946,0.00123418,0.00126536,0.00131159,0.00123446,0.00127069,0.00123096,0.00119824,0.00122307,0.00123305,0.00124964,0.00126151,0.00124103,0.00116037,0.00125247,0.00125589,0.00123529,0.00130989,0.00127395,0.00125976,0.00124571,0.0012693,0.00124885,0.00132339,0.00125358,0.00125524,0.00131592,0.00125376,0.00126548,0.00128095,0.00116741,0.00124621,0.00130038,0.00125522,0.00126214,0.00125159,0.00125647,0.00125506,0.00126505,0.00127782,0.00130834,0.00132891,0.00127748,0.00125117,0,)
    time_silo_validate5:          33.9116 0.706492 77.6416% 5002.75 (0.584219,0.664054,0.717349,0.715616,0.716623,0.681126,0.722921,0.689644,0.744393,0.658746,0.733161,0.735748,0.714078,0.743295,0.725349,0.721978,0.662227,0.716589,0.691837,0.732575,0.665483,0.70509,0.705734,0.700782,0.675237,0.695908,0.693921,0.714961,0.681698,0.710809,0.726412,0.710766,0.72728,0.752848,0.715731,0.704889,0.753435,0.712786,0.683377,0.721778,0.683655,0.679711,0.687952,0.752631,0.72333,0.728266,0.737731,0.687874,0,)
    time_silo_validate6:          0.00498195 0.000103791 0.0114063% 0.734954 (7.08182e-07,0.000108851,0.000126827,0.000122865,0.00013038,0.000113004,6.15655e-05,0.000123345,3.69891e-05,0.000124256,4.38973e-05,2.31127e-05,4.88e-05,5.00791e-05,0.000128984,0.00013188,0.000125847,2.42245e-05,5.55727e-05,0.000123606,0.000129132,0.000139293,5.641e-05,0.000128288,0.000133782,0.000137475,7.217e-05,0.000152965,0.000145443,7.463e-05,0.000134155,0.000142306,0.000158111,7.98436e-05,3.30182e-05,0.000144824,4.15818e-05,0.000142744,6.20545e-05,7.33973e-05,0.000149059,0.000156373,0.000151746,4.68727e-05,0.000151291,0.000159036,0.000147217,0.000133941,0,)
    time_silo_validate7:          0 -nan -nan% 0 (0,0,0,0,0,0,0,0,0,0,0,0,0,0,0,0,0,0,0,0,0,0,0,0,0,0,0,0,0,0,0,0,0,0,0,0,0,0,0,0,0,0,0,0,0,0,0,0,0,)
    time_silo_validate8:          0.119629 0.00249228 0.273895% 17.6481 (0.0026981,0.00246671,0.00248447,0.00247883,0.00247902,0.00247508,0.00248263,0.00250149,0.00247185,0.00248497,0.00247318,0.00240938,0.00246386,0.00246419,0.00249368,0.00245279,0.00245213,0.00230386,0.00248773,0.00248692,0.00246617,0.0024604,0.00248066,0.00251091,0.00250403,0.00252709,0.00251432,0.00252956,0.00251743,0.00251218,0.00252558,0.00250255,0.00251251,0.00251578,0.00235583,0.0025068,0.00250748,0.00251379,0.00251463,0.00251571,0.00251434,0.00250818,0.00253077,0.00250914,0.00252054,0.00249987,0.00251863,0.00252359,0,)
    time_silo_validate9:          3.9275 0.0818229 8.99213% 579.398 (0.0697111,0.0811303,0.0875398,0.088252,0.0886517,0.084868,0.0738033,0.0865432,0.0766324,0.0831484,0.07776,0.0758152,0.0705909,0.0784477,0.087127,0.0903989,0.0806009,0.0725114,0.0721246,0.0875716,0.0818305,0.0830707,0.0719981,0.0825617,0.0844633,0.0837375,0.0737476,0.091442,0.0834815,0.0745316,0.0912437,0.0838154,0.0905991,0.0813924,0.0741016,0.082612,0.0804997,0.0857393,0.0738734,0.0752179,0.0834484,0.0830682,0.0828249,0.0806028,0.0914673,0.0890922,0.0908808,0.0829278,0,)
    time_locktable_get:           3.88101 0.0808544 8.88569% 572.54 (0.0743275,0.0777577,0.0790254,0.081335,0.0776647,0.0819916,0.0798856,0.0806566,0.072755,0.0874293,0.0843568,0.066216,0.0798352,0.0758308,0.0818828,0.0789577,0.0789912,0.0660411,0.0782517,0.0783352,0.079278,0.080915,0.0808307,0.0830606,0.0827628,0.0813074,0.0832621,0.0836135,0.0840435,0.0840169,0.0780375,0.0840238,0.083074,0.0798056,0.0694816,0.0932242,0.0742167,0.0833993,0.0804434,0.0825773,0.0840114,0.0848334,0.0869174,0.0936752,0.0863476,0.0835176,0.0787005,0.0901055,0,)
    time_locktable_get_validation:0 -nan -nan% 0 (0,0,0,0,0,0,0,0,0,0,0,0,0,0,0,0,0,0,0,0,0,0,0,0,0,0,0,0,0,0,0,0,0,0,0,0,0,0,0,0,0,0,0,0,0,0,0,0,0,)
    time_locktable_release:       0 -nan -nan% 0 (0,0,0,0,0,0,0,0,0,0,0,0,0,0,0,0,0,0,0,0,0,0,0,0,0,0,0,0,0,0,0,0,0,0,0,0,0,0,0,0,0,0,0,0,0,0,0,0,0,)
    time_get_row_before:          3.29933 0.0687361 7.55392% 486.728 (0.0911978,0.081838,0.061891,0.0668633,0.0665303,0.0679802,0.0582441,0.0661871,0.066453,0.0720461,0.0641967,0.066516,0.0693946,0.0683995,0.0637309,0.0601729,0.0786615,0.0800434,0.0766072,0.0566675,0.0815382,0.068404,0.070676,0.0637312,0.0795349,0.0697206,0.0773066,0.0623115,0.0710118,0.0691886,0.0703518,0.0621089,0.0581649,0.0611712,0.0742721,0.0707438,0.0656483,0.0700505,0.0709025,0.0688892,0.069776,0.0713381,0.0650076,0.066954,0.0662785,0.0667967,0.0613567,0.0624752,0,)
    time_get_row_after:           19.1782 0.399545 43.909% 2829.23 (0.438433,0.410171,0.388179,0.380459,0.386147,0.395642,0.4,0.395146,0.390615,0.402045,0.386327,0.40458,0.398324,0.387395,0.382467,0.383281,0.407919,0.417325,0.402989,0.38558,0.407815,0.389967,0.394982,0.392127,0.411714,0.40609,0.41629,0.392986,0.403958,0.406709,0.398112,0.398834,0.396641,0.395054,0.431604,0.386727,0.397313,0.397617,0.425022,0.41104,0.410925,0.409305,0.4065,0.380083,0.391473,0.393562,0.394462,0.388233,0,)
    time_log_create:              0.0602636 0.00125549 0.137975% 8.89029 (0.00138302,0.00123598,0.00126069,0.00124928,0.00124348,0.00125007,0.00125253,0.00126314,0.00124548,0.00124742,0.0012495,0.00121088,0.0012412,0.00123822,0.00125394,0.00123363,0.00123256,0.00116259,0.0012538,0.00124769,0.00124389,0.00123743,0.00124829,0.00126453,0.00125842,0.00126632,0.0012695,0.0012746,0.00126751,0.00126346,0.00126748,0.00125832,0.00126749,0.00126964,0.00118767,0.00126082,0.00126042,0.00126537,0.00126567,0.00126937,0.00126586,0.00126383,0.00127336,0.00126278,0.00127158,0.00125854,0.00126981,0.00127655,0,)
    time_log_serialLogTxn:        0 -nan -nan% 0 (0,0,0,0,0,0,0,0,0,0,0,0,0,0,0,0,0,0,0,0,0,0,0,0,0,0,0,0,0,0,0,0,0,0,0,0,0,0,0,0,0,0,0,0,0,0,0,0,0,)
    time_cleanup_1:               0.063408 0.001321 0.145174% 9.35416 (0.00135204,0.00132974,0.00131898,0.00132657,0.00132952,0.00131345,0.00131036,0.00132474,0.00127781,0.00131414,0.00128917,0.00124046,0.00129581,0.00129428,0.0013324,0.00132464,0.00130336,0.00117356,0.00131115,0.00132271,0.00131441,0.00130944,0.0013052,0.00135366,0.00134571,0.00133827,0.00133223,0.00135701,0.00136136,0.00132688,0.00136391,0.0013538,0.00135934,0.00132192,0.00120322,0.00133167,0.0012993,0.00134176,0.00133041,0.00132419,0.0013504,0.00134917,0.00137334,0.00131566,0.00136078,0.00134201,0.00135095,0.00130706,0,)
    time_cleanup_2:               0.127424 0.00265467 0.291741% 18.798 (0.00269572,0.00259667,0.00261744,0.00262169,0.00261747,0.00259689,0.0025707,0.00262678,0.00268348,0.00261278,0.00287191,0.00245988,0.00282736,0.00257587,0.00276667,0.00267946,0.00308175,0.00236361,0.00286505,0.00264915,0.00294176,0.00260995,0.00255245,0.002671,0.00265249,0.0026582,0.00260025,0.00268605,0.00266791,0.00260884,0.00266712,0.00264156,0.00268089,0.00262017,0.00239706,0.00267181,0.00260551,0.00266177,0.00259519,0.00261459,0.0026647,0.00265736,0.00265877,0.00260428,0.00268786,0.00268039,0.00267308,0.00261283,0,)
    time_insideSLT1:              0 -nan -nan% 0 (0,0,0,0,0,0,0,0,0,0,0,0,0,0,0,0,0,0,0,0,0,0,0,0,0,0,0,0,0,0,0,0,0,0,0,0,0,0,0,0,0,0,0,0,0,0,0,0,0,)
    time_insideSLT2:              0 -nan -nan% 0 (0,0,0,0,0,0,0,0,0,0,0,0,0,0,0,0,0,0,0,0,0,0,0,0,0,0,0,0,0,0,0,0,0,0,0,0,0,0,0,0,0,0,0,0,0,0,0,0,0,)
    time_STLother:                0 -nan -nan% 0 (0,0,0,0,0,0,0,0,0,0,0,0,0,0,0,0,0,0,0,0,0,0,0,0,0,0,0,0,0,0,0,0,0,0,0,0,0,0,0,0,0,0,0,0,0,0,0,0,0,)
    time_logging_thread:          0 -nan -nan% 0 (0,0,0,0,0,0,0,0,0,0,0,0,0,0,0,0,0,0,0,0,0,0,0,0,0,0,0,0,0,0,0,0,0,0,0,0,0,0,0,0,0,0,0,0,0,0,0,0,0,)
    int_serialLogFail:            0 (0,0,0,0,0,0,0,0,0,0,0,0,0,0,0,0,0,0,0,0,0,0,0,0,0,0,0,0,0,0,0,0,0,0,0,0,0,0,0,0,0,0,0,0,0,0,0,0,0,)
Projected Disk Bandwidth Utilized - avg -nan real -nan
Total time measured 658.746
Total wall time observed 660.357
Estimated CPU_FREQ is 2.19463
