NUM_CORES_PER_SLOT=24
NUMA_NODE_NUM=2
HYPER_THREADING_FACTOR=2
Using SIMD
MM_MAX=_mm512_max_epu32
SIMD_PREFIX=__m512i
MAX_LOGGER_NUM_SIMD=16
Running in big-hash-table mode.

Using 1 disks.
g_flush_blocksize=1048576, g_log_buffer_size=52428800
Init parallelism 96
Stats initialized
Global manager initialized
reading schema file: ./benchmarks/TPCC_full_schema.txt
0 0x7ff6504f9040 50000000 1
0 0x559498d75680 500 1
0 0x559498d78640 5000 1
0 0x7ff63ada6040 15000000 1
0 0x7ff625653040 15000000 1
0 0x7ff5dddea040 50000000 1
TPCC schema initialized
TPCC Data Initialization Complete!
workload initialized!
Init time 760.162
Queue Buffer Length1092266
Log Read Size: 419430400
Log buffer size 52428800
log file:		/mnt/pmem0/logs/TD_log0_1_TPCC_0.500000.data
/mnt/pmem0/logs/TD_log0_1_TPCC_0.500000.data
Start Initializing Locktable, size 2097152
ltiSize=64
Locktable Initialized, size 2097152, schema table size 10485760
mem_allocator initialized!
Query Queue Init Time 0.885033
query_queue initialized!
Setting logger 0 to CPU node 0
PSN Flush Frequency: 1000
sim_done = 1
sim_done = 3
sim_done = 2
sim_done = 4
sim_done = 5
sim_done = 6
Destructor 0. flush size=50402816 (2138046464 to 2188449280)
PASS! SimTime = 2.53717e+09
=Worker Thread=
    Throughput:                   344955
    MaxThr:                       344955
    PerThdThr:                    352977
    run_time:                     14.8747 (2.4791,2.4791,2.47902,2.47923,2.47919,2.47909,0,)
    log_bytes:                    2.18845 (0,0,0,0,0,0,2.18845,)
    log_dep_size:                 0 (0,0,0,0,0,0,0,)
    log_total_size:               2.04596 (0.34985,0.34699,0.334163,0.334131,0.346731,0.334098,0,)
    latency:                      58651.9 (10139.8,9892.04,9569.91,9593.58,9830.12,9626.53,0,)

    num_commits:                  875073 (150000,148657,142873,142938,147839,142766,0,)
    num_async_commits:            854422 (146534,145199,139415,139512,144415,139347,0,)
    num_aborts:                   2735 (1,366,789,757,397,425,0,)
    num_aborts_logging:           0 (0,0,0,0,0,0,0,)
    num_log_records:              0 (0,0,0,0,0,0,0,)
    log_data:                     0 (0,0,0,0,0,0,0,)
    num_latency_count:            854422 (146534,145199,139415,139512,144415,139347,0,)
    num_raw_edges:                0 (0,0,0,0,0,0,0,)
    num_waw_edges:                0 (0,0,0,0,0,0,0,)
    num_war_edges:                0 (0,0,0,0,0,0,0,)
    int_num_log:                  875073 (150000,148657,142873,142938,147839,142766,0,)
    int_debug_get_next:           0 (0,0,0,0,0,0,0,)
    int_debug1:                   0 (0,0,0,0,0,0,0,)
    int_debug2:                   2.13497e+09 (0,0,0,0,0,0,2134971904,)
    int_debug3:                   2040 (0,0,0,0,0,0,2040,)
    int_debug4:                   1.67883e+07 (2027704,2706545,2971623,3309022,3043684,2729754,0,)
    int_debug5:                   1.14075e+07 (1942543,1933181,1867864,1867637,1933728,1862587,0,)
    int_debug6:                   981916 (135688,166466,169372,168476,168905,173009,0,)
    int_debug7:                   141251 (3714,26529,27509,24672,21509,37318,0,)
    int_debug8:                   0 (0,0,0,0,0,0,0,)
    int_debug9:                   1.14048e+07 (1942542,1932815,1867075,1866880,1933331,1862162,0,)
    int_debug10:                  1.65812e+07 (2010009,2683359,2928538,3267366,3021856,2670087,0,)
    int_psnflush:                 0 (0,0,0,0,0,0,0,)
    int_flush_time_interval:      0 (0,0,0,0,0,0,0,)
    int_flush_half_full:          2039 (0,0,0,0,0,0,2039,)
    int_rec_fail_to_insert:       0 (0,0,0,0,0,0,0,)
    int_num_get_row:              1.14049e+07 (1942542,1932830,1867098,1866908,1933350,1862175,0,)
    int_locktable_volume:         2.10374e+07 (2135764,3469996,3983219,3983274,3478742,3986416,0,)
    int_aux_bytes:                7.00058e+06 (1200000,1189256,1142984,1143504,1182712,1142128,0,)
    int_nonzero:                  0 (0,0,0,0,0,0,0,)
    num_log_entries:              875073 (150000,148657,142873,142938,147839,142766,0,)
    time_ts_alloc:                0 -nan -nan% 0 (0,0,0,0,0,0,0,)
    time_man:                     10.3917 1.73196 153.696% 11875.3 (1.71336,1.70757,1.74284,1.76449,1.7362,1.72729,0,)
    time_cleanup:                 2.37057 0.395095 35.0612% 2709 (0.367057,0.402791,0.398421,0.40473,0.399376,0.398196,0,)
    time_txn:                     0 -nan -nan% 0 (0,0,0,0,0,0,0,)
    time_index:                   0.406295 0.0677158 6.00917% 464.298 (0.0663826,0.0693493,0.0644835,0.0653095,0.0667573,0.0740125,0,)
    time_log:                     0.0267677 0.00446129 0.3959% 30.5891 (0.00366209,0.00946979,0.00334179,0.00336136,0.00355464,0.00337807,0,)
    time_io:                      2.51455 2.51455 223.144% 2873.54 (0,0,0,0,0,0,2.51455,)
    time_wait_io:                 0 -nan -nan% 0 (0,0,0,0,0,0,0,)
    time_phase1_add_graph:        0 -nan -nan% 0 (0,0,0,0,0,0,0,)
    time_recover_txn:             0 -nan -nan% 0 (0,0,0,0,0,0,0,)
    time_lv_overhead:             0.433085 0.0721809 6.40541% 494.913 (0.0561978,0.073406,0.0729981,0.0794423,0.0782628,0.0727782,0,)
    time_state_malloc:            0 -nan -nan% 0 (0,0,0,0,0,0,0,)
    time_phase1_1:                2.10362 0.350603 31.1129% 2403.94 (0.332291,0.356137,0.355639,0.35556,0.35332,0.350673,0,)
    time_phase1_2:                0.872599 0.145433 12.9059% 997.173 (0.162311,0.150658,0.142509,0.135677,0.143964,0.13748,0,)
    time_phase2:                  2.60315 0.433858 38.501% 2974.77 (0.467866,0.459423,0.404092,0.408373,0.454008,0.409383,0,)
    time_phase3:                  1.0794 0.1799 15.9645% 1233.5 (0.179827,0.183403,0.175857,0.173609,0.178952,0.187751,0,)
    time_phase1_1_raw:            5.18622 0.864369 76.7051% 5926.61 (0.814566,0.815122,0.909566,0.924515,0.841098,0.881349,0,)
    time_phase1_2_raw:            0.0904639 0.0150773 1.33798% 103.379 (0.0152648,0.0154922,0.0147335,0.014761,0.0152911,0.0149214,0,)
    time_phase2_raw:              0.0546849 0.00911415 0.808799% 62.4918 (0.00846805,0.00875927,0.00853124,0.00846583,0.00875646,0.011704,0,)
    time_phase3_raw:              0 -nan -nan% 0 (0,0,0,0,0,0,0,)
    time_recover_full:            0 -nan -nan% 0 (0,0,0,0,0,0,0,)
    time_recover1:                0 -nan -nan% 0 (0,0,0,0,0,0,0,)
    time_recover2:                0 -nan -nan% 0 (0,0,0,0,0,0,0,)
    time_recover3:                0 -nan -nan% 0 (0,0,0,0,0,0,0,)
    time_recover4:                0 -nan -nan% 0 (0,0,0,0,0,0,0,)
    time_recover5:                0 -nan -nan% 0 (0,0,0,0,0,0,0,)
    time_recover6:                0 -nan -nan% 0 (0,0,0,0,0,0,0,)
    time_recover7:                0 -nan -nan% 0 (0,0,0,0,0,0,0,)
    time_recover8:                0 -nan -nan% 0 (0,0,0,0,0,0,0,)
    time_debug_get_next:          0 -nan -nan% 0 (0,0,0,0,0,0,0,)
    time_debug0:                  1.94761 0.324602 28.8055% 2225.66 (0.326649,0.328577,0.318428,0.31796,0.323966,0.33203,0,)
    time_debug1:                  4.69394 0.782324 69.4243% 5364.06 (0.81501,0.744413,0.804994,0.809522,0.775626,0.744378,0,)
    time_debug2:                  0.373585 0.0622641 5.52539% 426.918 (0.0483679,0.0619477,0.0661978,0.0657227,0.0643732,0.0669753,0,)
    time_debug3:                  0.173771 0.0289618 2.57011% 198.579 (0.00365972,0.0323799,0.02835,0.0280653,0.0261498,0.0551664,0,)
    time_debug4:                  3.06049 0.510082 45.2652% 3497.41 (0.56188,0.483632,0.521151,0.521771,0.520006,0.45205,0,)
    time_debug5:                  0.0249311 0.00415519 0.368736% 28.4903 (0.00426769,0.00421063,0.00404471,0.00397847,0.00406661,0.00436301,0,)
    time_debug6:                  0 -nan -nan% 0 (0,0,0,0,0,0,0,)
    time_debug7:                  1.48323 0.247205 21.9372% 1694.98 (0.331792,0.240285,0.225071,0.227285,0.254454,0.204342,0,)
    time_debug8:                  0.446702 0.0744503 6.6068% 510.473 (0.0634627,0.0757451,0.0791137,0.0791679,0.0742381,0.0749741,0,)
    time_debug9:                  0.429662 0.0716103 6.35477% 491.001 (0.0567705,0.070096,0.0749009,0.0797056,0.0764108,0.0717777,0,)
    time_debug10:                 0 -nan -nan% 0 (0,0,0,0,0,0,0,)
    time_debug11:                 2.10371 0.350619 31.1143% 2404.04 (0.365616,0.358511,0.337897,0.333188,0.352212,0.356289,0,)
    time_debug12:                 12.7327 2.12211 188.318% 14550.4 (2.10718,2.11404,2.1348,2.13975,2.12039,2.11651,0,)
    time_debug13:                 0 -nan -nan% 0 (0,0,0,0,0,0,0,)
    time_debug14:                 0 -nan -nan% 0 (0,0,0,0,0,0,0,)
    time_debug15:                 0 -nan -nan% 0 (0,0,0,0,0,0,0,)
    time_rec_loop_tryRead:        0 -nan -nan% 0 (0,0,0,0,0,0,0,)
    time_rec_finding_empty_slot:  0 -nan -nan% 0 (0,0,0,0,0,0,0,)
    time_silo_validate1:          0 -nan -nan% 0 (0,0,0,0,0,0,0,)
    time_silo_validate2:          0 -nan -nan% 0 (0,0,0,0,0,0,0,)
    time_silo_validate3:          0 -nan -nan% 0 (0,0,0,0,0,0,0,)
    time_silo_validate4:          0 -nan -nan% 0 (0,0,0,0,0,0,0,)
    time_silo_validate5:          0 -nan -nan% 0 (0,0,0,0,0,0,0,)
    time_silo_validate6:          0 -nan -nan% 0 (0,0,0,0,0,0,0,)
    time_silo_validate7:          0 -nan -nan% 0 (0,0,0,0,0,0,0,)
    time_silo_validate8:          0 -nan -nan% 0 (0,0,0,0,0,0,0,)
    time_silo_validate9:          0 -nan -nan% 0 (0,0,0,0,0,0,0,)
    time_locktable_get:           7.36521 1.22754 108.933% 8416.68 (1.22346,1.1972,1.24683,1.25023,1.21991,1.22758,0,)
    time_locktable_get_validation:0 -nan -nan% 0 (0,0,0,0,0,0,0,)
    time_locktable_release:       1.11246 0.18541 16.4535% 1271.28 (0.1573,0.185564,0.194672,0.199449,0.19013,0.185343,0,)
    time_get_row_before:          0.444531 0.0740884 6.57469% 507.993 (0.0807164,0.0765048,0.0693751,0.0696779,0.0773301,0.0709264,0,)
    time_get_row_after:           0.958733 0.159789 14.1798% 1095.6 (0.160972,0.163007,0.156246,0.157748,0.161042,0.159718,0,)
    time_log_create:              0.119199 0.0198665 1.76297% 136.216 (0.0195329,0.0204601,0.0187586,0.0201623,0.01983,0.0204549,0,)
    time_log_serialLogTxn:        0.921203 0.153534 13.6248% 1052.72 (0.154684,0.154973,0.15105,0.151151,0.154173,0.155172,0,)
    time_cleanup_1:               0.00650616 0.00108436 0.0962273% 7.43499 (0.00111012,0.0011029,0.00106067,0.00105088,0.00110149,0.0010801,0,)
    time_cleanup_2:               0.043156 0.00719267 0.638285% 49.3171 (0.00733865,0.00736211,0.00702505,0.00696891,0.00713469,0.00732661,0,)
    time_insideSLT1:              0.249435 0.0415725 3.68919% 285.045 (0.0427125,0.0423634,0.0402143,0.0400591,0.0408063,0.0432791,0,)
    time_insideSLT2:              0.327098 0.0545164 4.83784% 373.795 (0.0561093,0.0552441,0.0528061,0.0526573,0.0539595,0.056322,0,)
    time_STLother:                0.00717032 0.00119505 0.10605% 8.19397 (0.00118828,0.0012252,0.00119877,0.00115749,0.00119877,0.00120182,0,)
    time_logging_thread:          2.53678 2.53678 225.116% 2898.93 (0,0,0,0,0,0,2.53678,)
    int_serialLogFail:            8452 (1401,1415,1401,1402,1425,1408,0,)
Projected Disk Bandwidth Utilized - avg 8.70313e+08 real 8.70313e+08
Total time measured 763.166
Total wall time observed 765.031
Estimated CPU_FREQ is 2.19464
