NUM_CORES_PER_SLOT=24
NUMA_NODE_NUM=2
HYPER_THREADING_FACTOR=2
Using SIMD
MM_MAX=_mm512_max_epu32
SIMD_PREFIX=__m512i
MAX_LOGGER_NUM_SIMD=16
Running in big-hash-table mode.

Using 1 disks.
g_flush_blocksize=1048576, g_log_buffer_size=52428800
Init parallelism 96
Stats initialized
Global manager initialized
reading schema file: ./benchmarks/TPCC_full_schema.txt
0 0x7f7bb28f8040 50000000 1
0 0x5648e4fa3680 500 1
0 0x5648e4fa6640 5000 1
0 0x7f7b9d1a5040 15000000 1
0 0x7f7b87a52040 15000000 1
0 0x7f7b401e9040 50000000 1
TPCC schema initialized
TPCC Data Initialization Complete!
workload initialized!
Init time 705.349
Queue Buffer Length1092266
Log Read Size: 419430400
Log buffer size 52428800
log file:		/mnt/ramdisk/logs/TD_log0_1_TPCC_0.500000.data
/mnt/ramdisk/logs/TD_log0_1_TPCC_0.500000.data
Start Initializing Locktable, size 2097152
ltiSize=64
Locktable Initialized, size 2097152, schema table size 10485760
mem_allocator initialized!
Query Queue Init Time 0.876394
query_queue initialized!
Setting logger 0 to CPU node 0
PSN Flush Frequency: 1000
sim_done = 1
sim_done = 2
sim_done = 3
sim_done = 4
sim_done = 5
sim_done = 6
Destructor 0. flush size=50772480 (2129657856 to 2180430336)
PASS! SimTime = 3.18316e+09
=Worker Thread=
    Throughput:                   273940
    MaxThr:                       273940
    PerThdThr:                    276894
    run_time:                     18.8929 (3.14882,3.14886,3.1487,3.1489,3.1489,3.14872,0,)
    log_bytes:                    2.18043 (0,0,0,0,0,0,2.18043,)
    log_dep_size:                 0 (0,0,0,0,0,0,0,)
    log_total_size:               2.03849 (0.350634,0.338116,0.337738,0.343883,0.338013,0.330105,0,)
    latency:                      137842 (23707.3,22864.9,22751.3,23245.7,22851.4,22421.2,0,)

    num_commits:                  871889 (150000,144913,144170,147233,144730,140843,0,)
    num_async_commits:            851031 (146391,141412,140794,143746,141341,137347,0,)
    num_aborts:                   1487 (0,386,531,11,559,0,0,)
    num_aborts_logging:           0 (0,0,0,0,0,0,0,)
    num_log_records:              0 (0,0,0,0,0,0,0,)
    log_data:                     0 (0,0,0,0,0,0,0,)
    num_latency_count:            851031 (146391,141412,140794,143746,141341,137347,0,)
    num_raw_edges:                0 (0,0,0,0,0,0,0,)
    num_waw_edges:                0 (0,0,0,0,0,0,0,)
    num_war_edges:                0 (0,0,0,0,0,0,0,)
    int_num_log:                  871889 (150000,144913,144170,147233,144730,140843,0,)
    int_debug_get_next:           0 (0,0,0,0,0,0,0,)
    int_debug1:                   0 (0,0,0,0,0,0,0,)
    int_debug2:                   2.11856e+09 (0,0,0,0,0,0,2118564352,)
    int_debug3:                   2032 (0,0,0,0,0,0,2032,)
    int_debug4:                   1.97117e+07 (2101347,3877060,4107886,2327395,4149978,3148004,0,)
    int_debug5:                   1.13486e+07 (1948790,1883033,1885041,1910662,1885415,1835697,0,)
    int_debug6:                   930428 (131954,162701,164334,135654,164999,170786,0,)
    int_debug7:                   146943 (4931,23861,29019,6937,36492,45703,0,)
    int_debug8:                   0 (0,0,0,0,0,0,0,)
    int_debug9:                   1.13472e+07 (1948790,1882647,1884510,1910651,1884856,1835697,0,)
    int_debug10:                  1.92806e+07 (2077556,3792902,4025541,2302228,4060745,3021677,0,)
    int_psnflush:                 0 (0,0,0,0,0,0,0,)
    int_flush_time_interval:      0 (0,0,0,0,0,0,0,)
    int_flush_half_full:          2031 (0,0,0,0,0,0,2031,)
    int_rec_fail_to_insert:       0 (0,0,0,0,0,0,0,)
    int_num_get_row:              1.13472e+07 (1948790,1882658,1884521,1910651,1884870,1835697,0,)
    int_locktable_volume:         2.5879e+07 (2249851,5289629,5299852,2511702,5310380,5217562,0,)
    int_aux_bytes:                6.97511e+06 (1200000,1159304,1153360,1177864,1157840,1126744,0,)
    int_nonzero:                  0 (0,0,0,0,0,0,0,)
    num_log_entries:              871889 (150000,144913,144170,147233,144730,140843,0,)
    time_ts_alloc:                0 -nan -nan% 0 (0,0,0,0,0,0,0,)
    time_man:                     14.6714 2.44524 170.843% 16827.2 (2.42326,2.45572,2.45193,2.44009,2.44586,2.45457,0,)
    time_cleanup:                 7.56617 1.26103 88.1049% 8677.9 (1.24068,1.27566,1.27874,1.23929,1.2824,1.24939,0,)
    time_txn:                     0 -nan -nan% 0 (0,0,0,0,0,0,0,)
    time_index:                   0.3417 0.0569501 3.97896% 391.908 (0.057513,0.0570793,0.056924,0.0560727,0.057838,0.0562734,0,)
    time_log:                     0.0194969 0.00324948 0.227033% 22.3616 (0.00341775,0.00321173,0.00315093,0.00335246,0.00320104,0.00316294,0,)
    time_io:                      1.55877 1.55877 108.907% 1787.81 (0,0,0,0,0,0,1.55877,)
    time_wait_io:                 0 -nan -nan% 0 (0,0,0,0,0,0,0,)
    time_phase1_add_graph:        0 -nan -nan% 0 (0,0,0,0,0,0,0,)
    time_recover_txn:             0 -nan -nan% 0 (0,0,0,0,0,0,0,)
    time_lv_overhead:             0.365148 0.0608579 4.25199% 418.801 (0.048757,0.0689826,0.072632,0.0518457,0.0666489,0.0562814,0,)
    time_state_malloc:            0 -nan -nan% 0 (0,0,0,0,0,0,0,)
    time_phase1_1:                1.95529 0.325882 22.7686% 2242.59 (0.301903,0.341703,0.347261,0.296414,0.35275,0.315261,0,)
    time_phase1_2:                0.819974 0.136662 9.54826% 940.457 (0.143834,0.133996,0.135919,0.139651,0.130108,0.136466,0,)
    time_phase2:                  2.42909 0.404848 28.2857% 2786 (0.440706,0.398409,0.385842,0.423192,0.379528,0.401408,0,)
    time_phase3:                  1.00014 0.166691 11.6463% 1147.1 (0.173075,0.163168,0.165462,0.167378,0.167333,0.163728,0,)
    time_phase1_1_raw:            4.56388 0.760647 53.1445% 5234.48 (0.729098,0.758965,0.761662,0.777763,0.761988,0.774409,0,)
    time_phase1_2_raw:            0.0908584 0.0151431 1.05801% 104.209 (0.0154353,0.0150851,0.0150872,0.0153074,0.0150646,0.0148788,0,)
    time_phase2_raw:              0.0525166 0.00875277 0.611534% 60.2331 (0.00823585,0.00825628,0.00837177,0.00822823,0.00832796,0.0110965,0,)
    time_phase3_raw:              0 -nan -nan% 0 (0,0,0,0,0,0,0,)
    time_recover_full:            0 -nan -nan% 0 (0,0,0,0,0,0,0,)
    time_recover1:                0 -nan -nan% 0 (0,0,0,0,0,0,0,)
    time_recover2:                0 -nan -nan% 0 (0,0,0,0,0,0,0,)
    time_recover3:                0 -nan -nan% 0 (0,0,0,0,0,0,0,)
    time_recover4:                0 -nan -nan% 0 (0,0,0,0,0,0,0,)
    time_recover5:                0 -nan -nan% 0 (0,0,0,0,0,0,0,)
    time_recover6:                0 -nan -nan% 0 (0,0,0,0,0,0,0,)
    time_recover7:                0 -nan -nan% 0 (0,0,0,0,0,0,0,)
    time_recover8:                0 -nan -nan% 0 (0,0,0,0,0,0,0,)
    time_debug_get_next:          0 -nan -nan% 0 (0,0,0,0,0,0,0,)
    time_debug0:                  1.77969 0.296615 20.7238% 2041.19 (0.310569,0.285006,0.29073,0.301894,0.288288,0.303203,0,)
    time_debug1:                  4.0336 0.672266 46.9696% 4626.27 (0.682863,0.687372,0.672064,0.705312,0.651805,0.634182,0,)
    time_debug2:                  0.331985 0.0553308 3.86582% 380.765 (0.0437721,0.0591437,0.0585968,0.0496835,0.057175,0.0636135,0,)
    time_debug3:                  0.170858 0.0284763 1.98957% 195.963 (0.00492176,0.0213519,0.0261818,0.0112384,0.0411461,0.0660178,0,)
    time_debug4:                  2.67175 0.445292 31.1114% 3064.32 (0.463009,0.46093,0.443754,0.481168,0.423043,0.399845,0,)
    time_debug5:                  0.0270637 0.00451062 0.315146% 31.0403 (0.00476701,0.00453024,0.00446128,0.00442817,0.00450652,0.00437049,0,)
    time_debug6:                  0 -nan -nan% 0 (0,0,0,0,0,0,0,)
    time_debug7:                  1.49049 0.248416 17.3562% 1709.5 (0.356412,0.218555,0.210688,0.309869,0.20183,0.193142,0,)
    time_debug8:                  0.419925 0.0699875 4.88985% 481.627 (0.0626451,0.0771737,0.0771559,0.0612463,0.077325,0.0643789,0,)
    time_debug9:                  0.418738 0.0697896 4.87603% 480.265 (0.0542504,0.0775299,0.0803732,0.0587295,0.0812989,0.066556,0,)
    time_debug10:                 0 -nan -nan% 0 (0,0,0,0,0,0,0,)
    time_debug11:                 2.78243 0.463739 32.4003% 3191.27 (0.458309,0.473641,0.47207,0.437996,0.493428,0.446989,0,)
    time_debug12:                 16.0743 2.67906 187.179% 18436.2 (2.68429,2.66919,2.67055,2.70494,2.6495,2.69586,0,)
    time_debug13:                 0 -nan -nan% 0 (0,0,0,0,0,0,0,)
    time_debug14:                 0 -nan -nan% 0 (0,0,0,0,0,0,0,)
    time_debug15:                 0 -nan -nan% 0 (0,0,0,0,0,0,0,)
    time_rec_loop_tryRead:        0 -nan -nan% 0 (0,0,0,0,0,0,0,)
    time_rec_finding_empty_slot:  0 -nan -nan% 0 (0,0,0,0,0,0,0,)
    time_silo_validate1:          0 -nan -nan% 0 (0,0,0,0,0,0,0,)
    time_silo_validate2:          0 -nan -nan% 0 (0,0,0,0,0,0,0,)
    time_silo_validate3:          0 -nan -nan% 0 (0,0,0,0,0,0,0,)
    time_silo_validate4:          0 -nan -nan% 0 (0,0,0,0,0,0,0,)
    time_silo_validate5:          0 -nan -nan% 0 (0,0,0,0,0,0,0,)
    time_silo_validate6:          0 -nan -nan% 0 (0,0,0,0,0,0,0,)
    time_silo_validate7:          0 -nan -nan% 0 (0,0,0,0,0,0,0,)
    time_silo_validate8:          0 -nan -nan% 0 (0,0,0,0,0,0,0,)
    time_silo_validate9:          0 -nan -nan% 0 (0,0,0,0,0,0,0,)
    time_locktable_get:           6.48749 1.08125 75.5442% 7440.73 (1.07142,1.08139,1.07602,1.0968,1.06689,1.09498,0,)
    time_locktable_get_validation:0 -nan -nan% 0 (0,0,0,0,0,0,0,)
    time_locktable_release:       1.06112 0.176854 12.3563% 1217.04 (0.153101,0.193323,0.196295,0.155477,0.197262,0.165664,0,)
    time_get_row_before:          0.448755 0.0747925 5.22557% 514.693 (0.0801054,0.0734172,0.0705013,0.0780725,0.0708103,0.0758482,0,)
    time_get_row_after:           0.863363 0.143894 10.0535% 990.222 (0.148424,0.13931,0.14174,0.144574,0.145598,0.143718,0,)
    time_log_create:              0.109319 0.0182198 1.27297% 125.382 (0.0187571,0.0182579,0.0181929,0.0182293,0.0183205,0.0175613,0,)
    time_log_serialLogTxn:        6.18735 1.03123 72.0492% 7096.49 (1.03298,1.02929,1.02975,1.03089,1.032,1.03243,0,)
    time_cleanup_1:               0.00643716 0.00107286 0.074958% 7.383 (0.00110701,0.00107163,0.00106386,0.00109009,0.00106178,0.0010428,0,)
    time_cleanup_2:               0.0450875 0.00751458 0.525025% 51.7124 (0.00797549,0.00743798,0.00746572,0.00734746,0.007581,0.00727983,0,)
    time_insideSLT1:              0.247684 0.0412806 2.88417% 284.077 (0.0411581,0.0405609,0.0402425,0.0410148,0.0408387,0.0438687,0,)
    time_insideSLT2:              0.317044 0.0528407 3.69185% 363.629 (0.0531032,0.0521447,0.0518206,0.0525699,0.0523965,0.0550093,0,)
    time_STLother:                0.00694144 0.00115691 0.0808302% 7.96138 (0.00116607,0.00119278,0.00112846,0.00115553,0.00117054,0.00112805,0,)
    time_logging_thread:          3.18277 3.18277 222.373% 3650.43 (0,0,0,0,0,0,3.18277,)
    int_serialLogFail:            94023 (15683,15666,15661,15681,15693,15639,0,)
Projected Disk Bandwidth Utilized - avg 1.39881e+09 real 1.39881e+09
Total time measured 709.141
Total wall time observed 710.874
Estimated CPU_FREQ is 2.19464
