NUM_CORES_PER_SLOT=24
NUMA_NODE_NUM=2
HYPER_THREADING_FACTOR=2
Using SIMD
MM_MAX=_mm512_max_epu32
SIMD_PREFIX=__m512i
MAX_LOGGER_NUM_SIMD=16
Running in big-hash-table mode.

Using 1 disks.
g_flush_blocksize=1048576, g_log_buffer_size=52428800
Init parallelism 96
Stats initialized
Global manager initialized
reading schema file: ./benchmarks/TPCC_full_schema.txt
0 0x7fedf9057040 50000000 1
0 0x55dfa5634680 500 1
0 0x55dfa5637640 5000 1
0 0x7fede3904040 15000000 1
0 0x7fedce1b1040 15000000 1
0 0x7fed86948040 50000000 1
TPCC schema initialized
TPCC Data Initialization Complete!
workload initialized!
Init time 643.965
Queue Buffer Length1092266
Log Read Size: 419430400
Log buffer size 52428800
log file:		/home/guest/dbx1000_logging/logs/TD_log0_1_TPCC_0.500000.data
/home/guest/dbx1000_logging/logs/TD_log0_1_TPCC_0.500000.data
Start Initializing Locktable, size 2097152
ltiSize=64
Locktable Initialized, size 2097152, schema table size 10485760
mem_allocator initialized!
Query Queue Init Time 0.874471
query_queue initialized!
Setting logger 0 to CPU node 0
PSN Flush Frequency: 1000
sim_done = 1
sim_done = 2
sim_done = 3
sim_done = 4
sim_done = 5
sim_done = 6
Destructor 0. flush size=50327552 (2040528896 to 2090856448)
PASS! SimTime = 8.11414e+09
=Worker Thread=
    Throughput:                   103081
    MaxThr:                       103081
    PerThdThr:                    105706
    run_time:                     47.4733 (7.91203,7.91246,7.91197,7.91241,7.91241,7.91206,0,)
    log_bytes:                    2.09086 (0,0,0,0,0,0,2.09086,)
    log_dep_size:                 0 (0,0,0,0,0,0,0,)
    log_total_size:               1.95469 (0.34985,0.322174,0.323452,0.321452,0.322306,0.315459,0,)
    latency:                      356430 (63841.8,58586.1,58821.4,58624.2,58723.2,57833.5,0,)

    num_commits:                  836369 (150000,137562,138153,137683,138043,134928,0,)
    num_async_commits:            815801 (146248,134252,134768,134352,134659,131522,0,)
    num_aborts:                   45 (0,14,4,0,21,6,0,)
    num_aborts_logging:           0 (0,0,0,0,0,0,0,)
    num_log_records:              0 (0,0,0,0,0,0,0,)
    log_data:                     0 (0,0,0,0,0,0,0,)
    num_latency_count:            815801 (146248,134252,134768,134352,134659,131522,0,)
    num_raw_edges:                0 (0,0,0,0,0,0,0,)
    num_waw_edges:                0 (0,0,0,0,0,0,0,)
    num_war_edges:                0 (0,0,0,0,0,0,0,)
    int_num_log:                  836369 (150000,137562,138153,137683,138043,134928,0,)
    int_debug_get_next:           0 (0,0,0,0,0,0,0,)
    int_debug1:                   0 (0,0,0,0,0,0,0,)
    int_debug2:                   2.04682e+09 (0,0,0,0,0,0,2046816256,)
    int_debug3:                   1947 (0,0,0,0,0,0,1947,)
    int_debug4:                   2.25362e+07 (2109031,4555290,4349823,3974220,4018340,3529506,0,)
    int_debug5:                   1.08641e+07 (1943916,1791342,1798191,1785539,1791314,1753780,0,)
    int_debug6:                   998977 (130687,165959,164865,196216,169308,171942,0,)
    int_debug7:                   161628 (4049,26071,25989,20637,37167,47715,0,)
    int_debug8:                   0 (0,0,0,0,0,0,0,)
    int_debug9:                   1.0864e+07 (1943916,1791328,1798187,1785539,1791293,1753774,0,)
    int_debug10:                  2.17807e+07 (2083054,4436474,4219484,3789491,3888833,3363357,0,)
    int_psnflush:                 0 (0,0,0,0,0,0,0,)
    int_flush_time_interval:      0 (0,0,0,0,0,0,0,)
    int_flush_half_full:          1946 (0,0,0,0,0,0,1946,)
    int_rec_fail_to_insert:       0 (0,0,0,0,0,0,0,)
    int_num_get_row:              1.0864e+07 (1943916,1791328,1798187,1785539,1791293,1753774,0,)
    int_locktable_volume:         3.16e+07 (2275231,5880786,5892722,5852431,5889212,5809628,0,)
    int_aux_bytes:                6.69095e+06 (1200000,1100496,1105224,1101464,1104344,1079424,0,)
    int_nonzero:                  0 (0,0,0,0,0,0,0,)
    num_log_entries:              836369 (150000,137562,138153,137683,138043,134928,0,)
    time_ts_alloc:                0 -nan -nan% 0 (0,0,0,0,0,0,0,)
    time_man:                     40.3744 6.72907 187.102% 48273.4 (6.66447,6.75614,6.74017,6.74577,6.72873,6.73912,0,)
    time_cleanup:                 28.1165 4.68608 130.297% 33617.3 (4.66367,4.7119,4.69744,4.68532,4.68977,4.66841,0,)
    time_txn:                     0 -nan -nan% 0 (0,0,0,0,0,0,0,)
    time_index:                   0.680078 0.113346 3.1516% 813.131 (0.119218,0.113059,0.113351,0.112429,0.11207,0.109952,0,)
    time_log:                     0.060966 0.010161 0.282527% 72.8936 (0.0102262,0.00908112,0.00935909,0.00916991,0.00915747,0.0139722,0,)
    time_io:                      8.05638 8.05638 224.008% 9632.56 (0,0,0,0,0,0,8.05638,)
    time_wait_io:                 0 -nan -nan% 0 (0,0,0,0,0,0,0,)
    time_phase1_add_graph:        0 -nan -nan% 0 (0,0,0,0,0,0,0,)
    time_recover_txn:             0 -nan -nan% 0 (0,0,0,0,0,0,0,)
    time_lv_overhead:             0.91649 0.152748 4.24718% 1095.8 (0.139686,0.166413,0.162644,0.159581,0.143187,0.14498,0,)
    time_state_malloc:            0 -nan -nan% 0 (0,0,0,0,0,0,0,)
    time_phase1_1:                4.74711 0.791184 21.9989% 5675.85 (0.747101,0.809398,0.807475,0.800005,0.803347,0.77978,0,)
    time_phase1_2:                1.48943 0.248238 6.90227% 1780.82 (0.259831,0.242684,0.245013,0.243653,0.252032,0.246214,0,)
    time_phase2:                  4.34232 0.72372 20.1231% 5191.87 (0.781526,0.709843,0.725442,0.722708,0.685282,0.71752,0,)
    time_phase3:                  1.64757 0.274595 7.63514% 1969.91 (0.287422,0.269947,0.271609,0.2708,0.272216,0.275579,0,)
    time_phase1_1_raw:            7.28307 1.21385 33.7511% 8707.96 (1.13727,1.21948,1.2138,1.21547,1.24698,1.25007,0,)
    time_phase1_2_raw:            0.285059 0.0475098 1.32101% 340.829 (0.0505136,0.0470371,0.0472322,0.0467184,0.0471202,0.0464375,0,)
    time_phase2_raw:              0.168116 0.0280194 0.779081% 201.007 (0.0280574,0.0271391,0.0274466,0.0269707,0.0271013,0.0314011,0,)
    time_phase3_raw:              0 -nan -nan% 0 (0,0,0,0,0,0,0,)
    time_recover_full:            0 -nan -nan% 0 (0,0,0,0,0,0,0,)
    time_recover1:                0 -nan -nan% 0 (0,0,0,0,0,0,0,)
    time_recover2:                0 -nan -nan% 0 (0,0,0,0,0,0,0,)
    time_recover3:                0 -nan -nan% 0 (0,0,0,0,0,0,0,)
    time_recover4:                0 -nan -nan% 0 (0,0,0,0,0,0,0,)
    time_recover5:                0 -nan -nan% 0 (0,0,0,0,0,0,0,)
    time_recover6:                0 -nan -nan% 0 (0,0,0,0,0,0,0,)
    time_recover7:                0 -nan -nan% 0 (0,0,0,0,0,0,0,)
    time_recover8:                0 -nan -nan% 0 (0,0,0,0,0,0,0,)
    time_debug_get_next:          0 -nan -nan% 0 (0,0,0,0,0,0,0,)
    time_debug0:                  2.52462 0.42077 11.6996% 3018.55 (0.43399,0.401402,0.412268,0.415304,0.408704,0.452956,0,)
    time_debug1:                  7.09013 1.18169 32.8569% 8477.27 (1.19456,1.20326,1.20263,1.19384,1.16885,1.12699,0,)
    time_debug2:                  0.539388 0.089898 2.49962% 644.916 (0.0562037,0.0938556,0.0892585,0.112251,0.0921735,0.0956454,0,)
    time_debug3:                  0.367869 0.0613115 1.70477% 439.84 (0.00715576,0.0591929,0.04928,0.0531127,0.0844036,0.114724,0,)
    time_debug4:                  4.697 0.782833 21.7667% 5615.94 (0.803638,0.821928,0.802811,0.775089,0.783304,0.710226,0,)
    time_debug5:                  0.0586911 0.00978184 0.271985% 70.1736 (0.0104682,0.00976448,0.009701,0.00959685,0.00972398,0.0094365,0,)
    time_debug6:                  0 -nan -nan% 0 (0,0,0,0,0,0,0,)
    time_debug7:                  2.1428 0.357134 9.93014% 2562.03 (0.529403,0.332798,0.334514,0.313166,0.330461,0.302461,0,)
    time_debug8:                  0.8909 0.148483 4.12859% 1065.2 (0.143871,0.150196,0.148672,0.149114,0.151424,0.147624,0,)
    time_debug9:                  1.38706 0.231176 6.42787% 1658.43 (0.182742,0.251293,0.250945,0.238165,0.240755,0.223157,0,)
    time_debug10:                 0 -nan -nan% 0 (0,0,0,0,0,0,0,)
    time_debug11:                 7.45857 1.24309 34.5643% 8917.79 (1.26582,1.23179,1.25659,1.24855,1.26073,1.19508,0,)
    time_debug12:                 39.9064 6.65106 184.933% 47713.8 (6.62704,6.66244,6.63766,6.64646,6.63334,6.69944,0,)
    time_debug13:                 0 -nan -nan% 0 (0,0,0,0,0,0,0,)
    time_debug14:                 0 -nan -nan% 0 (0,0,0,0,0,0,0,)
    time_debug15:                 0 -nan -nan% 0 (0,0,0,0,0,0,0,)
    time_rec_loop_tryRead:        0 -nan -nan% 0 (0,0,0,0,0,0,0,)
    time_rec_finding_empty_slot:  0 -nan -nan% 0 (0,0,0,0,0,0,0,)
    time_silo_validate1:          0 -nan -nan% 0 (0,0,0,0,0,0,0,)
    time_silo_validate2:          0 -nan -nan% 0 (0,0,0,0,0,0,0,)
    time_silo_validate3:          0 -nan -nan% 0 (0,0,0,0,0,0,0,)
    time_silo_validate4:          0 -nan -nan% 0 (0,0,0,0,0,0,0,)
    time_silo_validate5:          0 -nan -nan% 0 (0,0,0,0,0,0,0,)
    time_silo_validate6:          0 -nan -nan% 0 (0,0,0,0,0,0,0,)
    time_silo_validate7:          0 -nan -nan% 0 (0,0,0,0,0,0,0,)
    time_silo_validate8:          0 -nan -nan% 0 (0,0,0,0,0,0,0,)
    time_silo_validate9:          0 -nan -nan% 0 (0,0,0,0,0,0,0,)
    time_locktable_get:           11.0732 1.84554 51.3154% 13239.7 (1.79,1.84866,1.84448,1.86506,1.84493,1.8801,0,)
    time_locktable_get_validation:0 -nan -nan% 0 (0,0,0,0,0,0,0,)
    time_locktable_release:       2.95767 0.492945 13.7064% 3536.32 (0.445495,0.513127,0.511765,0.497496,0.506868,0.482917,0,)
    time_get_row_before:          0.730448 0.121741 3.38503% 873.357 (0.132297,0.120415,0.119763,0.120141,0.11879,0.119043,0,)
    time_get_row_after:           1.40063 0.233438 6.49076% 1674.65 (0.242731,0.22743,0.23188,0.234567,0.233008,0.231011,0,)
    time_log_create:              0.366821 0.0611368 1.69991% 438.587 (0.0638098,0.071198,0.0587222,0.058128,0.0577208,0.0572419,0,)
    time_log_serialLogTxn:        24.1714 4.02857 112.015% 28900.4 (4.04505,4.02601,4.02481,4.02896,4.02342,4.02319,0,)
    time_cleanup_1:               0.0206732 0.00344553 0.0958033% 24.7178 (0.00369238,0.00339552,0.00340084,0.00341194,0.00343823,0.0033343,0,)
    time_cleanup_2:               0.115094 0.0191824 0.533368% 137.612 (0.0203998,0.0191979,0.019134,0.0188601,0.0190971,0.0184055,0,)
    time_insideSLT1:              0.40299 0.0671651 1.86753% 481.833 (0.0727959,0.0667417,0.0673394,0.0662368,0.066344,0.0635326,0,)
    time_insideSLT2:              0.519331 0.0865552 2.40667% 620.936 (0.0932676,0.0859181,0.0865394,0.0854643,0.0855436,0.0825981,0,)
    time_STLother:                0.0226302 0.00377169 0.104872% 27.0576 (0.00405029,0.00384309,0.00376144,0.00367745,0.00363856,0.00365933,0,)
    time_logging_thread:          8.11368 8.11368 225.601% 9701.07 (0,0,0,0,0,0,8.11368,)
    int_serialLogFail:            356413 (59496,59409,59332,59456,59379,59341,0,)
Projected Disk Bandwidth Utilized - avg 2.59528e+08 real 2.59528e+08
Total time measured 652.547
Total wall time observed 654.144
Estimated CPU_FREQ is 2.19463
