NUM_CORES_PER_SLOT=24
NUMA_NODE_NUM=2
HYPER_THREADING_FACTOR=2
Using SIMD
MM_MAX=_mm512_max_epu32
SIMD_PREFIX=__m512i
MAX_LOGGER_NUM_SIMD=16
Running in big-hash-table mode.

Using 1 disks.
g_flush_blocksize=1048576, g_log_buffer_size=524288000
Init parallelism 96
Stats initialized
Global manager initialized
reading schema file: ./benchmarks/TPCC_full_schema.txt
0 0x7f21d8987040 50000000 1
0 0x564f9c4f8680 500 1
0 0x564f9c4fb640 5000 1
0 0x7f21c3234040 15000000 1
0 0x7f21adae1040 15000000 1
0 0x7f2166278040 50000000 1
TPCC schema initialized
TPCC Data Initialization Complete!
workload initialized!
Init time 759.594
Queue Buffer Length10922666
Log Read Size: 419430400
Log buffer size 524288000
log file:		/mnt/ramdisk/logs/TD_log0_1_TPCC_0.500000.data
/mnt/ramdisk/logs/TD_log0_1_TPCC_0.500000.data
Start Initializing Locktable, size 2097152
ltiSize=64
Locktable Initialized, size 2097152, schema table size 10485760
mem_allocator initialized!
Query Queue Init Time 0.888648
query_queue initialized!
Setting logger 0 to CPU node 0
PSN Flush Frequency: 1000
sim_done = 1
sim_done = 2
sim_done = 3
sim_done = 4
sim_done = 5
sim_done = 6
Destructor 0. flush size=517375488 (1621098496 to 2138473984)
PASS! SimTime = 2.6374e+09
=Worker Thread=
    Throughput:                   324622
    MaxThr:                       324622
    PerThdThr:                    355857
    run_time:                     14.4333 (2.40361,2.41123,2.4037,2.40383,2.40388,2.40703,0,)
    log_bytes:                    2.13847 (0,0,0,0,0,0,2.13847,)
    log_dep_size:                 0 (0,0,0,0,0,0,0,)
    log_total_size:               2.12083 (0.370057,0.355864,0.353594,0.352672,0.341002,0.347637,0,)
    latency:                      618812 (106752,103602,106818,101080,99099.2,101461,0,)

    num_commits:                  856028 (150000,143168,142448,142132,138189,140091,0,)
    num_async_commits:            646829 (110994,108043,109705,106517,105130,106440,0,)
    num_aborts:                   48949 (8044,8588,8451,8243,7546,8077,0,)
    num_aborts_logging:           48209 (8044,8530,8242,8047,7325,8021,0,)
    num_log_records:              856028 (150000,143168,142448,142132,138189,140091,0,)
    log_data:                     0 (0,0,0,0,0,0,0,)
    num_latency_count:            646829 (110994,108043,109705,106517,105130,106440,0,)
    num_raw_edges:                0 (0,0,0,0,0,0,0,)
    num_waw_edges:                0 (0,0,0,0,0,0,0,)
    num_war_edges:                0 (0,0,0,0,0,0,0,)
    int_num_log:                  904237 (158044,151698,150690,150179,145514,148112,0,)
    int_debug_get_next:           0 (0,0,0,0,0,0,0,)
    int_debug1:                   0 (0,0,0,0,0,0,0,)
    int_debug2:                   1.65927e+09 (0,0,0,0,0,0,1659274752,)
    int_debug3:                   1547 (0,0,0,0,0,0,1547,)
    int_debug4:                   1.32016e+07 (1270615,2268900,2509199,2870134,2421351,1861402,0,)
    int_debug5:                   6.48831e+06 (1107563,1070946,1082369,1139841,1042269,1045324,0,)
    int_debug6:                   623140 (97418,105010,107348,107371,103795,102198,0,)
    int_debug7:                   488831 (87109,80884,79677,80929,77787,82445,0,)
    int_debug8:                   0 (0,0,0,0,0,0,0,)
    int_debug9:                   5.98322e+06 (1046202,999967,997438,992835,965983,980793,0,)
    int_debug10:                  1.2279e+07 (1245159,2136174,2320708,2555025,2262168,1759796,0,)
    int_psnflush:                 0 (0,0,0,0,0,0,0,)
    int_flush_time_interval:      0 (0,0,0,0,0,0,0,)
    int_flush_half_full:          1546 (0,0,0,0,0,0,1546,)
    int_rec_fail_to_insert:       0 (0,0,0,0,0,0,0,)
    int_num_get_row:              6.43553e+06 (1107562,1067804,1071445,1114131,1031852,1042732,0,)
    int_locktable_volume:         1.69975e+07 (1339185,2614758,3544851,3670551,3332062,2496118,0,)
    int_aux_bytes:                7.2339e+06 (1264352,1213584,1205520,1201432,1164112,1184896,0,)
    int_nonzero:                  0 (0,0,0,0,0,0,0,)
    num_log_entries:              904237 (158044,151698,150690,150179,145514,148112,0,)
    time_ts_alloc:                0 -nan -nan% 0 (0,0,0,0,0,0,0,)
    time_man:                     8.60452 1.43409 131.155% 10051.7 (1.43557,1.43146,1.45919,1.44702,1.42361,1.40767,0,)
    time_cleanup:                 5.44122 0.906869 82.938% 6356.35 (0.868855,0.89573,0.94085,0.942946,0.924034,0.868801,0,)
    time_txn:                     0 -nan -nan% 0 (0,0,0,0,0,0,0,)
    time_index:                   0.390254 0.0650423 5.94846% 455.889 (0.0674802,0.0645311,0.0636557,0.0659775,0.061977,0.0666322,0,)
    time_log:                     0.668742 0.111457 10.1933% 781.216 (0.113828,0.116002,0.108496,0.114807,0.106807,0.108801,0,)
    time_io:                      1.3912 1.3912 127.232% 1625.18 (0,0,0,0,0,0,1.3912,)
    time_wait_io:                 0 -nan -nan% 0 (0,0,0,0,0,0,0,)
    time_phase1_add_graph:        0 -nan -nan% 0 (0,0,0,0,0,0,0,)
    time_recover_txn:             0 -nan -nan% 0 (0,0,0,0,0,0,0,)
    time_lv_overhead:             0.147576 0.0245961 2.24944% 172.397 (0.0240454,0.0249453,0.0250233,0.0248931,0.0246022,0.0240672,0,)
    time_state_malloc:            0 -nan -nan% 0 (0,0,0,0,0,0,0,)
    time_phase1_1:                0.513417 0.0855696 7.82579% 599.767 (0.0881614,0.0858864,0.0851293,0.0844676,0.0823658,0.0874069,0,)
    time_phase1_2:                0.79899 0.133165 12.1786% 933.369 (0.142912,0.141386,0.127794,0.131801,0.125214,0.129883,0,)
    time_phase2:                  1.20289 0.200482 18.3352% 1405.2 (0.225246,0.208883,0.190126,0.183368,0.187326,0.207944,0,)
    time_phase3:                  1.02317 0.170528 15.5957% 1195.25 (0.176962,0.169818,0.169725,0.168048,0.164559,0.174058,0,)
    time_phase1_1_raw:            2.06486 0.344143 31.4737% 2412.14 (0.354956,0.341215,0.346638,0.339162,0.329075,0.353811,0,)
    time_phase1_2_raw:            0.0958794 0.0159799 1.46145% 112.005 (0.0164765,0.0158794,0.0159804,0.0157867,0.0156504,0.016106,0,)
    time_phase2_raw:              0.0491819 0.00819698 0.749657% 57.4536 (0.00843667,0.00816445,0.00830392,0.00805846,0.00805217,0.00816623,0,)
    time_phase3_raw:              0 -nan -nan% 0 (0,0,0,0,0,0,0,)
    time_recover_full:            0 -nan -nan% 0 (0,0,0,0,0,0,0,)
    time_recover1:                0 -nan -nan% 0 (0,0,0,0,0,0,0,)
    time_recover2:                0 -nan -nan% 0 (0,0,0,0,0,0,0,)
    time_recover3:                0 -nan -nan% 0 (0,0,0,0,0,0,0,)
    time_recover4:                0 -nan -nan% 0 (0,0,0,0,0,0,0,)
    time_recover5:                0 -nan -nan% 0 (0,0,0,0,0,0,0,)
    time_recover6:                0 -nan -nan% 0 (0,0,0,0,0,0,0,)
    time_recover7:                0 -nan -nan% 0 (0,0,0,0,0,0,0,)
    time_recover8:                0 -nan -nan% 0 (0,0,0,0,0,0,0,)
    time_debug_get_next:          0 -nan -nan% 0 (0,0,0,0,0,0,0,)
    time_debug0:                  0.679872 0.113312 10.363% 794.218 (0.115936,0.114126,0.114766,0.11263,0.109622,0.112791,0,)
    time_debug1:                  2.00564 0.334273 30.571% 2342.96 (0.284835,0.32898,0.353268,0.351731,0.353725,0.333099,0,)
    time_debug2:                  0.0668554 0.0111426 1.01905% 78.0996 (0.00636656,0.0122825,0.0133279,0.0125945,0.0124775,0.00980654,0,)
    time_debug3:                  0.518728 0.0864546 7.90673% 605.97 (0.101879,0.0826013,0.0963506,0.0930541,0.089559,0.0552837,0,)
    time_debug4:                  0.902879 0.15048 13.7622% 1054.73 (0.0613845,0.143992,0.179778,0.179938,0.180159,0.157629,0,)
    time_debug5:                  0.0247122 0.0041187 0.376677% 28.8684 (0.00419154,0.00414972,0.00410643,0.00399508,0.00410242,0.004167,0,)
    time_debug6:                  0 -nan -nan% 0 (0,0,0,0,0,0,0,)
    time_debug7:                  0 -nan -nan% 0 (0,0,0,0,0,0,0,)
    time_debug8:                  0.258989 0.0431648 3.94765% 302.547 (0.0430737,0.0405744,0.0451133,0.0441949,0.0439329,0.0420998,0,)
    time_debug9:                  0.247491 0.0412485 3.77239% 289.115 (0.031233,0.0414623,0.0447527,0.0454476,0.0445869,0.0400084,0,)
    time_debug10:                 0 -nan -nan% 0 (0,0,0,0,0,0,0,)
    time_debug11:                 2.09915 0.349858 31.9964% 2452.2 (0.357951,0.356662,0.347115,0.357166,0.338115,0.34214,0,)
    time_debug12:                 10.2359 1.70598 156.02% 11957.4 (1.72407,1.69586,1.7285,1.70248,1.68432,1.70063,0,)
    time_debug13:                 0 -nan -nan% 0 (0,0,0,0,0,0,0,)
    time_debug14:                 0 -nan -nan% 0 (0,0,0,0,0,0,0,)
    time_debug15:                 5.30041 0.883402 80.7918% 6191.87 (0.847001,0.867939,0.919707,0.91519,0.90299,0.847588,0,)
    time_rec_loop_tryRead:        0 -nan -nan% 0 (0,0,0,0,0,0,0,)
    time_rec_finding_empty_slot:  0 -nan -nan% 0 (0,0,0,0,0,0,0,)
    time_silo_validate1:          0.177992 0.0296654 2.71305% 207.928 (0.0320179,0.0291237,0.0293171,0.0289982,0.0289445,0.0295907,0,)
    time_silo_validate2:          0.0431982 0.0071997 0.658451% 50.4636 (0.00745988,0.00702356,0.00727833,0.00712188,0.00707255,0.00724202,0,)
    time_silo_validate3:          3.44277 0.573794 52.4765% 4021.79 (0.538389,0.566165,0.606669,0.59811,0.593657,0.539776,0,)
    time_silo_validate4:          0.0929533 0.0154922 1.41684% 108.587 (0.0161007,0.0148581,0.0157166,0.0154578,0.0151173,0.0157028,0,)
    time_silo_validate5:          3.83611 0.639352 58.4721% 4481.29 (0.606971,0.62919,0.671717,0.665984,0.65738,0.604869,0,)
    time_silo_validate6:          1.96218e-05 3.92436e-06 0.000358904% 0.0229219 (0,1.7e-06,5.25545e-06,4.77636e-06,6.43636e-06,1.45364e-06,0,)
    time_silo_validate7:          0.0120717 0.00201194 0.184003% 14.1019 (0.0020416,0.00197316,0.00202383,0.00205151,0.00192504,0.00205653,0,)
    time_silo_validate8:          0.752788 0.125465 11.4744% 879.396 (0.13042,0.123665,0.12449,0.124697,0.123692,0.125824,0,)
    time_silo_validate9:          1.45221 0.242035 22.1354% 1696.45 (0.237989,0.236774,0.245962,0.247149,0.243678,0.24066,0,)
    time_locktable_get:           0.445767 0.0742944 6.79462% 520.738 (0.073193,0.0704962,0.0742995,0.0689953,0.0803206,0.078462,0,)
    time_locktable_get_validation:3.37837 0.563062 51.4949% 3946.56 (0.526935,0.555251,0.595769,0.588811,0.582951,0.528652,0,)
    time_locktable_release:       0 -nan -nan% 0 (0,0,0,0,0,0,0,)
    time_get_row_before:          0.436353 0.0727256 6.65113% 509.742 (0.0796036,0.0753485,0.0705238,0.0690683,0.0692981,0.0725111,0,)
    time_get_row_after:           2.37463 0.395772 36.1954% 2774.01 (0.430008,0.405448,0.388979,0.381374,0.365255,0.403567,0,)
    time_log_create:              0.130497 0.0217495 1.9891% 152.445 (0.0222066,0.0197746,0.0215409,0.0221536,0.0223717,0.0224494,0,)
    time_log_serialLogTxn:        0 -nan -nan% 0 (0,0,0,0,0,0,0,)
    time_cleanup_1:               0.00744525 0.00124088 0.113485% 8.69744 (0.00128921,0.00123799,0.00123939,0.00121887,0.00121931,0.00124048,0,)
    time_cleanup_2:               0.0444748 0.00741246 0.677909% 51.9548 (0.00760036,0.00738337,0.0074256,0.00728433,0.00738427,0.00739684,0,)
    time_insideSLT1:              0.511353 0.0852256 7.79432% 597.356 (0.0890804,0.085644,0.0845433,0.0842048,0.0831274,0.0847535,0,)
    time_insideSLT2:              0.573552 0.0955921 8.7424% 670.016 (0.0999496,0.0959754,0.0948263,0.0944977,0.093176,0.0951273,0,)
    time_STLother:                0.0084237 0.00140395 0.128399% 9.84045 (0.00137341,0.00141593,0.00145311,0.00139615,0.00138625,0.00139884,0,)
    time_logging_thread:          2.637 2.637 241.167% 3080.5 (0,0,0,0,0,0,2.637,)
    int_serialLogFail:            48209 (8044,8530,8242,8047,7325,8021,0,)
Projected Disk Bandwidth Utilized - avg 1.53715e+09 real 1.53715e+09
Total time measured 762.774
Total wall time observed 764.638
Estimated CPU_FREQ is 2.19464
