NUM_CORES_PER_SLOT=24
NUMA_NODE_NUM=2
HYPER_THREADING_FACTOR=2
Using SIMD
MM_MAX=_mm512_max_epu32
SIMD_PREFIX=__m512i
MAX_LOGGER_NUM_SIMD=16
Running in big-hash-table mode.

Using 1 disks.
g_flush_blocksize=1048576, g_log_buffer_size=524288000
Init parallelism 96
Stats initialized
Global manager initialized
reading schema file: ./benchmarks/TPCC_full_schema.txt
0 0x7f0be7bc5040 50000000 1
0 0x5649fb930680 500 1
0 0x5649fb933640 5000 1
0 0x7f0bd2472040 15000000 1
0 0x7f0bbcd1f040 15000000 1
0 0x7f0b754b6040 50000000 1
TPCC schema initialized
TPCC Data Initialization Complete!
workload initialized!
Init time 809.73
Queue Buffer Length10922666
Log Read Size: 419430400
Log buffer size 524288000
log file:		/mnt/pmem0/logs/TD_log0_1_TPCC_0.500000.data
/mnt/pmem0/logs/TD_log0_1_TPCC_0.500000.data
Start Initializing Locktable, size 2097152
ltiSize=64
Locktable Initialized, size 2097152, schema table size 10485760
mem_allocator initialized!
Query Queue Init Time 0.873301
query_queue initialized!
Setting logger 0 to CPU node 0
PSN Flush Frequency: 1000
sim_done = 1
sim_done = 3
sim_done = 4
sim_done = 2
sim_done = 5
sim_done = 6
Destructor 0. flush size=349954560 (1869611008 to 2219565568)
PASS! SimTime = 2.486e+09
=Worker Thread=
    Throughput:                   357299
    MaxThr:                       357299
    PerThdThr:                    422238
    run_time:                     12.6198 (2.10329,2.10333,2.10329,2.10333,2.10334,2.10325,0,)
    log_bytes:                    2.21957 (0,0,0,0,0,0,2.21957,)
    log_dep_size:                 0 (0,0,0,0,0,0,0,)
    log_total_size:               2.07496 (0.350312,0.3454,0.346885,0.345341,0.340045,0.34698,0,)
    latency:                      244085 (41047.4,40672,40848.4,40552.6,39976.6,40988,0,)

    num_commits:                  888096 (150000,147753,148393,147923,145529,148498,0,)
    num_async_commits:            747291 (125694,124461,125020,124632,122569,124915,0,)
    num_aborts:                   1048 (47,242,323,251,0,185,0,)
    num_aborts_logging:           0 (0,0,0,0,0,0,0,)
    num_log_records:              888096 (150000,147753,148393,147923,145529,148498,0,)
    log_data:                     0 (0,0,0,0,0,0,0,)
    num_latency_count:            747291 (125694,124461,125020,124632,122569,124915,0,)
    num_raw_edges:                0 (0,0,0,0,0,0,0,)
    num_waw_edges:                0 (0,0,0,0,0,0,0,)
    num_war_edges:                0 (0,0,0,0,0,0,0,)
    int_num_log:                  888096 (150000,147753,148393,147923,145529,148498,0,)
    int_debug_get_next:           0 (0,0,0,0,0,0,0,)
    int_debug1:                   0 (0,0,0,0,0,0,0,)
    int_debug2:                   1.98888e+09 (0,0,0,0,0,0,1988878848,)
    int_debug3:                   1784 (0,0,0,0,0,0,1784,)
    int_debug4:                   1.19035e+07 (1235813,2202251,1957448,2490645,2130698,1886665,0,)
    int_debug5:                   6.30892e+06 (1051017,1056971,1063893,1058749,1020864,1057427,0,)
    int_debug6:                   755584 (104732,134576,120077,135115,139449,121635,0,)
    int_debug7:                   461385 (82768,74201,76721,74726,73287,79682,0,)
    int_debug8:                   0 (0,0,0,0,0,0,0,)
    int_debug9:                   6.21013e+06 (1048476,1033701,1038162,1033631,1017733,1038425,0,)
    int_debug10:                  1.19121e+07 (1283850,2180816,1968064,2464138,2123541,1891665,0,)
    int_psnflush:                 0 (0,0,0,0,0,0,0,)
    int_flush_time_interval:      0 (0,0,0,0,0,0,0,)
    int_flush_half_full:          1783 (0,0,0,0,0,0,1783,)
    int_rec_fail_to_insert:       0 (0,0,0,0,0,0,0,)
    int_num_get_row:              6.25955e+06 (1050545,1044685,1050185,1045513,1019461,1049161,0,)
    int_locktable_volume:         1.55827e+07 (1309447,3208552,2441368,3210906,2959370,2453067,0,)
    int_aux_bytes:                7.10477e+06 (1200000,1182024,1187144,1183384,1164232,1187984,0,)
    int_nonzero:                  0 (0,0,0,0,0,0,0,)
    num_log_entries:              888096 (150000,147753,148393,147923,145529,148498,0,)
    time_ts_alloc:                0 -nan -nan% 0 (0,0,0,0,0,0,0,)
    time_man:                     8.84097 1.4735 154.124% 9954.97 (1.44209,1.48449,1.48267,1.49174,1.48528,1.45469,0,)
    time_cleanup:                 5.55805 0.926342 96.8928% 6258.39 (0.877357,0.959916,0.931082,0.962104,0.933543,0.894047,0,)
    time_txn:                     0 -nan -nan% 0 (0,0,0,0,0,0,0,)
    time_index:                   0.329923 0.0549872 5.75151% 371.495 (0.0551403,0.0522892,0.0517207,0.0520744,0.0514814,0.0672172,0,)
    time_log:                     0.688204 0.114701 11.9974% 774.921 (0.118926,0.112711,0.113709,0.112554,0.117545,0.112759,0,)
    time_io:                      2.46226 2.46226 257.545% 2772.51 (0,0,0,0,0,0,2.46226,)
    time_wait_io:                 0 -nan -nan% 0 (0,0,0,0,0,0,0,)
    time_phase1_add_graph:        0 -nan -nan% 0 (0,0,0,0,0,0,0,)
    time_recover_txn:             0 -nan -nan% 0 (0,0,0,0,0,0,0,)
    time_lv_overhead:             0.17871 0.029785 3.11543% 201.228 (0.0251003,0.0304431,0.0316596,0.030878,0.0323372,0.0282917,0,)
    time_state_malloc:            0 -nan -nan% 0 (0,0,0,0,0,0,0,)
    time_phase1_1:                0.544857 0.0908094 9.49841% 613.511 (0.0983673,0.0902082,0.0890716,0.088862,0.0863945,0.0919529,0,)
    time_phase1_2:                0.745455 0.124242 12.9954% 839.385 (0.134819,0.116862,0.120837,0.117115,0.133887,0.121935,0,)
    time_phase2:                  1.18134 0.19689 20.5942% 1330.19 (0.216612,0.179554,0.192103,0.180651,0.211096,0.201326,0,)
    time_phase3:                  1.03691 0.172819 18.0764% 1167.57 (0.173541,0.171503,0.171226,0.171304,0.170293,0.179047,0,)
    time_phase1_1_raw:            2.15498 0.359163 37.5674% 2426.51 (0.348408,0.353559,0.369442,0.357204,0.351812,0.374552,0,)
    time_phase1_2_raw:            0.0908611 0.0151435 1.58397% 102.31 (0.0153913,0.0151394,0.015237,0.0148753,0.0148034,0.0154147,0,)
    time_phase2_raw:              0.0443808 0.00739679 0.773684% 49.9729 (0.00740399,0.00727292,0.00769,0.00707657,0.00728909,0.00764818,0,)
    time_phase3_raw:              0 -nan -nan% 0 (0,0,0,0,0,0,0,)
    time_recover_full:            0 -nan -nan% 0 (0,0,0,0,0,0,0,)
    time_recover1:                0 -nan -nan% 0 (0,0,0,0,0,0,0,)
    time_recover2:                0 -nan -nan% 0 (0,0,0,0,0,0,0,)
    time_recover3:                0 -nan -nan% 0 (0,0,0,0,0,0,0,)
    time_recover4:                0 -nan -nan% 0 (0,0,0,0,0,0,0,)
    time_recover5:                0 -nan -nan% 0 (0,0,0,0,0,0,0,)
    time_recover6:                0 -nan -nan% 0 (0,0,0,0,0,0,0,)
    time_recover7:                0 -nan -nan% 0 (0,0,0,0,0,0,0,)
    time_recover8:                0 -nan -nan% 0 (0,0,0,0,0,0,0,)
    time_debug_get_next:          0 -nan -nan% 0 (0,0,0,0,0,0,0,)
    time_debug0:                  0.772135 0.128689 13.4605% 869.427 (0.130126,0.127262,0.131501,0.127135,0.126327,0.129784,0,)
    time_debug1:                  1.97043 0.328405 34.3503% 2218.71 (0.291405,0.346477,0.331771,0.344069,0.332836,0.323872,0,)
    time_debug2:                  0.132946 0.0221577 2.31764% 149.698 (0.0110136,0.0263734,0.0199771,0.0267792,0.0291987,0.0196044,0,)
    time_debug3:                  0.539977 0.0899962 9.41336% 608.017 (0.0939409,0.101323,0.0946438,0.105087,0.0902874,0.0546958,0,)
    time_debug4:                  0.808441 0.13474 14.0935% 910.308 (0.0628274,0.160799,0.130276,0.16088,0.154862,0.138797,0,)
    time_debug5:                  0.0252176 0.00420293 0.439615% 28.3951 (0.00425588,0.00424564,0.00413357,0.00418234,0.00409615,0.00430398,0,)
    time_debug6:                  0 -nan -nan% 0 (0,0,0,0,0,0,0,)
    time_debug7:                  0 -nan -nan% 0 (0,0,0,0,0,0,0,)
    time_debug8:                  0.277402 0.0462337 4.83591% 312.356 (0.0448791,0.0471835,0.0466665,0.0476102,0.0445774,0.0464854,0,)
    time_debug9:                  0.229828 0.0383047 4.00656% 258.787 (0.029903,0.0409781,0.0392607,0.0423453,0.0389226,0.0384183,0,)
    time_debug10:                 0 -nan -nan% 0 (0,0,0,0,0,0,0,)
    time_debug11:                 2.21764 0.369606 38.6598% 2497.07 (0.388905,0.37364,0.364883,0.375316,0.358603,0.35629,0,)
    time_debug12:                 10.3683 1.72804 180.749% 11674.7 (1.70858,1.72414,1.73267,1.72233,1.73922,1.74133,0,)
    time_debug13:                 0 -nan -nan% 0 (0,0,0,0,0,0,0,)
    time_debug14:                 0 -nan -nan% 0 (0,0,0,0,0,0,0,)
    time_debug15:                 5.43106 0.905176 94.6789% 6115.39 (0.853783,0.940545,0.911743,0.94274,0.9077,0.874545,0,)
    time_rec_loop_tryRead:        0 -nan -nan% 0 (0,0,0,0,0,0,0,)
    time_rec_finding_empty_slot:  0 -nan -nan% 0 (0,0,0,0,0,0,0,)
    time_silo_validate1:          0.16379 0.0272983 2.85533% 184.428 (0.0287257,0.0270131,0.0271319,0.027,0.0264957,0.0274233,0,)
    time_silo_validate2:          0.0385634 0.00642724 0.672271% 43.4226 (0.00646937,0.00641145,0.00641626,0.00641344,0.00634462,0.00650828,0,)
    time_silo_validate3:          3.57224 0.595374 62.2744% 4022.36 (0.551798,0.627041,0.60349,0.628704,0.603912,0.557298,0,)
    time_silo_validate4:          0.0964169 0.0160695 1.68082% 108.566 (0.0160798,0.0163779,0.0154975,0.0163021,0.0158317,0.0163277,0,)
    time_silo_validate5:          3.95044 0.658407 68.8675% 4448.21 (0.615831,0.6905,0.666372,0.692061,0.664574,0.621104,0,)
    time_silo_validate6:          3.12309e-05 6.24618e-06 0.000653333% 0.0351661 (2.14909e-06,6.52273e-06,9.74e-06,7.53182e-06,0,5.28727e-06,0,)
    time_silo_validate7:          0 -nan -nan% 0 (0,0,0,0,0,0,0,)
    time_silo_validate8:          0.779396 0.129899 13.5871% 877.603 (0.13086,0.12947,0.128851,0.128617,0.128513,0.133083,0,)
    time_silo_validate9:          1.48058 0.246764 25.8108% 1667.14 (0.237949,0.250039,0.245362,0.250671,0.243127,0.253436,0,)
    time_locktable_get:           0.427709 0.0712848 7.45619% 481.602 (0.0725956,0.0706467,0.0700481,0.0722053,0.0666228,0.0755902,0,)
    time_locktable_get_validation:3.51413 0.585688 61.2613% 3956.92 (0.542099,0.617443,0.594031,0.619156,0.594016,0.547381,0,)
    time_locktable_release:       0 -nan -nan% 0 (0,0,0,0,0,0,0,)
    time_get_row_before:          0.429606 0.071601 7.48926% 483.738 (0.0770401,0.0677674,0.0712266,0.0675003,0.0750785,0.0709931,0,)
    time_get_row_after:           2.50907 0.418179 43.7403% 2825.23 (0.429086,0.399996,0.424453,0.403777,0.423628,0.428132,0,)
    time_log_create:              0.122773 0.0204622 2.14028% 138.243 (0.0193595,0.0202737,0.0186988,0.0195502,0.021238,0.0236527,0,)
    time_log_serialLogTxn:        0 -nan -nan% 0 (0,0,0,0,0,0,0,)
    time_cleanup_1:               0.00665799 0.00110966 0.116068% 7.49692 (0.00110887,0.00109929,0.00112295,0.00110656,0.00108567,0.00113464,0,)
    time_cleanup_2:               0.0430037 0.00716729 0.749679% 48.4224 (0.00729341,0.00718217,0.00708081,0.00715614,0.00699218,0.00729902,0,)
    time_insideSLT1:              0.524617 0.0874361 9.14557% 590.721 (0.0899536,0.0876745,0.0879125,0.0868257,0.0852107,0.0870395,0,)
    time_insideSLT2:              0.595068 0.0991781 10.3738% 670.05 (0.101671,0.099375,0.0997302,0.0985224,0.0967775,0.0989924,0,)
    time_STLother:                0.00756843 0.0012614 0.131939% 8.52208 (0.00127955,0.00124922,0.0012876,0.00127422,0.00123133,0.00124651,0,)
    time_logging_thread:          2.48558 2.48558 259.985% 2798.78 (0,0,0,0,0,0,2.48558,)
    int_serialLogFail:            0 (0,0,0,0,0,0,0,)
Projected Disk Bandwidth Utilized - avg 9.01435e+08 real 9.01435e+08
Total time measured 812.651
Total wall time observed 814.641
Estimated CPU_FREQ is 2.19463
