NUM_CORES_PER_SLOT=24
NUMA_NODE_NUM=2
HYPER_THREADING_FACTOR=2
Using SIMD
MM_MAX=_mm512_max_epu32
SIMD_PREFIX=__m512i
MAX_LOGGER_NUM_SIMD=16
Running in big-hash-table mode.

Using 1 disks.
g_flush_blocksize=1048576, g_log_buffer_size=524288000
Init parallelism 96
Stats initialized
Global manager initialized
reading schema file: ./benchmarks/TPCC_full_schema.txt
0 0x7ff76399a040 50000000 1
0 0x56239d0ec680 500 1
0 0x56239d0ef640 5000 1
0 0x7ff74e247040 15000000 1
0 0x7ff738af4040 15000000 1
0 0x7ff6f128b040 50000000 1
TPCC schema initialized
TPCC Data Initialization Complete!
workload initialized!
Init time 765.456
Queue Buffer Length10922666
Log Read Size: 419430400
Log buffer size 524288000
log file:		/home/guest/dbx1000_logging/logs/TD_log0_1_TPCC_0.500000.data
/home/guest/dbx1000_logging/logs/TD_log0_1_TPCC_0.500000.data
Start Initializing Locktable, size 2097152
ltiSize=64
Locktable Initialized, size 2097152, schema table size 10485760
mem_allocator initialized!
Query Queue Init Time 0.889747
query_queue initialized!
Setting logger 0 to CPU node 0
PSN Flush Frequency: 1000
sim_done = 1
sim_done = 2
sim_done = 3
sim_done = 4
sim_done = 5
sim_done = 6
Destructor 0. flush size=520443904 (1703936000 to 2224379904)
PASS! SimTime = 8.5993e+09
=Worker Thread=
    Throughput:                   103471
    MaxThr:                       103471
    PerThdThr:                    134796
    run_time:                     39.6034 (6.59696,6.5971,6.59736,6.60696,6.60036,6.60469,0,)
    log_bytes:                    2.22438 (0,0,0,0,0,0,2.22438,)
    log_dep_size:                 0 (0,0,0,0,0,0,0,)
    log_total_size:               6.12051 (1.02241,1.03351,1.02978,1.0105,1.0109,1.01341,0,)
    latency:                      2.42269e+06 (409709,400265,406252,403549,403359,399551,0,)

    num_commits:                  889730 (150000,148884,149707,146149,146696,148294,0,)
    num_async_commits:            680368 (115743,112259,113683,113110,112935,112638,0,)
    num_aborts:                   1.57443e+06 (260351,269563,262519,261381,261667,258947,0,)
    num_aborts_logging:           1.57368e+06 (260351,269383,262322,261222,261458,258947,0,)
    num_log_records:              889730 (150000,148884,149707,146149,146696,148294,0,)
    log_data:                     0 (0,0,0,0,0,0,0,)
    num_latency_count:            680368 (115743,112259,113683,113110,112935,112638,0,)
    num_raw_edges:                0 (0,0,0,0,0,0,0,)
    num_waw_edges:                0 (0,0,0,0,0,0,0,)
    num_war_edges:                0 (0,0,0,0,0,0,0,)
    int_num_log:                  2.46341e+06 (410351,418267,412029,407371,408154,407241,0,)
    int_debug_get_next:           0 (0,0,0,0,0,0,0,)
    int_debug1:                   0 (0,0,0,0,0,0,0,)
    int_debug2:                   1.82802e+09 (0,0,0,0,0,0,1828018176,)
    int_debug3:                   1626 (0,0,0,0,0,0,1626,)
    int_debug4:                   4.87404e+07 (4177171,9666431,10387523,9914326,9133131,5461851,0,)
    int_debug5:                   1.84458e+07 (3056652,3126969,3116761,3053686,3061731,3030047,0,)
    int_debug6:                   580253 (96185,98039,99275,97206,97988,91560,0,)
    int_debug7:                   501818 (88333,82389,82076,81095,81912,86013,0,)
    int_debug8:                   0 (0,0,0,0,0,0,0,)
    int_debug9:                   6.22361e+06 (1050482,1042371,1045617,1022981,1025158,1037000,0,)
    int_debug10:                  1.54574e+07 (1401438,3035235,3324318,3103584,2856979,1735836,0,)
    int_psnflush:                 0 (0,0,0,0,0,0,0,)
    int_flush_time_interval:      0 (0,0,0,0,0,0,0,)
    int_flush_half_full:          1625 (0,0,0,0,0,0,1625,)
    int_rec_fail_to_insert:       0 (0,0,0,0,0,0,0,)
    int_num_get_row:              1.8379e+07 (3056645,3110338,3099578,3038884,3043558,3030023,0,)
    int_locktable_volume:         6.61014e+07 (4581485,13994291,14107276,13854812,13860814,5702744,0,)
    int_aux_bytes:                1.97073e+07 (3282808,3346136,3296232,3258968,3265232,3257928,0,)
    int_nonzero:                  0 (0,0,0,0,0,0,0,)
    num_log_entries:              2.46341e+06 (410351,418267,412029,407371,408154,407241,0,)
    time_ts_alloc:                0 -nan -nan% 0 (0,0,0,0,0,0,0,)
    time_man:                     16.3619 2.72698 90.8914% 18389.7 (2.61519,2.76953,2.77087,2.76458,2.73338,2.70832,0,)
    time_cleanup:                 11.0909 1.84849 61.611% 12465.5 (1.71505,1.89324,1.88401,1.92409,1.86561,1.80894,0,)
    time_txn:                     0 -nan -nan% 0 (0,0,0,0,0,0,0,)
    time_index:                   0.945879 0.157646 5.25442% 1063.11 (0.165375,0.159598,0.153913,0.153166,0.15166,0.162167,0,)
    time_log:                     0.760245 0.126708 4.22322% 854.467 (0.130782,0.125021,0.123461,0.129398,0.121602,0.129983,0,)
    time_io:                      8.5251 8.5251 284.145% 9581.67 (0,0,0,0,0,0,8.5251,)
    time_wait_io:                 0 -nan -nan% 0 (0,0,0,0,0,0,0,)
    time_phase1_add_graph:        0 -nan -nan% 0 (0,0,0,0,0,0,0,)
    time_recover_txn:             0 -nan -nan% 0 (0,0,0,0,0,0,0,)
    time_lv_overhead:             0.400534 0.0667557 2.225% 450.175 (0.0680658,0.0674709,0.0675773,0.0660762,0.0652704,0.0660734,0,)
    time_state_malloc:            0 -nan -nan% 0 (0,0,0,0,0,0,0,)
    time_phase1_1:                1.14641 0.191069 6.36841% 1288.5 (0.19554,0.194419,0.188748,0.185611,0.190386,0.191709,0,)
    time_phase1_2:                1.70987 0.284978 9.49845% 1921.79 (0.298678,0.281761,0.27671,0.288559,0.27214,0.292021,0,)
    time_phase2:                  2.36957 0.394928 13.1631% 2663.24 (0.423119,0.387353,0.384892,0.382967,0.379998,0.411238,0,)
    time_phase3:                  2.07696 0.34616 11.5377% 2334.37 (0.354921,0.347578,0.343167,0.336827,0.342242,0.352226,0,)
    time_phase1_1_raw:            3.40691 0.567818 18.9256% 3829.15 (0.564334,0.568495,0.58499,0.539769,0.563834,0.585487,0,)
    time_phase1_2_raw:            0.484679 0.0807798 2.69243% 544.748 (0.0839884,0.0810628,0.078618,0.0793878,0.07895,0.0826719,0,)
    time_phase2_raw:              0.244834 0.0408057 1.36007% 275.178 (0.0423961,0.0407986,0.0397792,0.0401335,0.0392541,0.0424727,0,)
    time_phase3_raw:              0 -nan -nan% 0 (0,0,0,0,0,0,0,)
    time_recover_full:            0 -nan -nan% 0 (0,0,0,0,0,0,0,)
    time_recover1:                0 -nan -nan% 0 (0,0,0,0,0,0,0,)
    time_recover2:                0 -nan -nan% 0 (0,0,0,0,0,0,0,)
    time_recover3:                0 -nan -nan% 0 (0,0,0,0,0,0,0,)
    time_recover4:                0 -nan -nan% 0 (0,0,0,0,0,0,0,)
    time_recover5:                0 -nan -nan% 0 (0,0,0,0,0,0,0,)
    time_recover6:                0 -nan -nan% 0 (0,0,0,0,0,0,0,)
    time_recover7:                0 -nan -nan% 0 (0,0,0,0,0,0,0,)
    time_recover8:                0 -nan -nan% 0 (0,0,0,0,0,0,0,)
    time_debug_get_next:          0 -nan -nan% 0 (0,0,0,0,0,0,0,)
    time_debug0:                  1.47312 0.24552 8.18329% 1655.69 (0.239814,0.251169,0.253863,0.246941,0.245047,0.236285,0,)
    time_debug1:                  3.96129 0.660215 22.0053% 4452.24 (0.532695,0.70631,0.6966,0.729718,0.680158,0.615811,0,)
    time_debug2:                  0.0585686 0.00976143 0.325353% 65.8274 (0.0071603,0.0113106,0.0119678,0.0114396,0.011347,0.0053433,0,)
    time_debug3:                  0.608651 0.101442 3.3811% 684.085 (0.102432,0.0910815,0.098039,0.0983129,0.111624,0.107161,0,)
    time_debug4:                  1.77136 0.295226 9.84002% 1990.89 (0.163762,0.33332,0.320406,0.355417,0.321362,0.277089,0,)
    time_debug5:                  0.0607312 0.0101219 0.337366% 68.258 (0.0101215,0.0124822,0.00926238,0.00957363,0.00940888,0.00988257,0,)
    time_debug6:                  0 -nan -nan% 0 (0,0,0,0,0,0,0,)
    time_debug7:                  0 -nan -nan% 0 (0,0,0,0,0,0,0,)
    time_debug8:                  0.343031 0.0571718 1.90556% 385.545 (0.057114,0.0575303,0.0579542,0.0579593,0.057951,0.0545222,0,)
    time_debug9:                  0.424827 0.0708046 2.35995% 477.479 (0.0525923,0.0780257,0.076109,0.0785282,0.0746251,0.064947,0,)
    time_debug10:                 0 -nan -nan% 0 (0,0,0,0,0,0,0,)
    time_debug11:                 3.85835 0.643058 21.4334% 4336.54 (0.626996,0.675808,0.638733,0.651781,0.643199,0.621828,0,)
    time_debug12:                 20.7568 3.45947 115.306% 23329.4 (3.40646,3.47765,3.48592,3.46212,3.43264,3.49205,0,)
    time_debug13:                 0 -nan -nan% 0 (0,0,0,0,0,0,0,)
    time_debug14:                 0 -nan -nan% 0 (0,0,0,0,0,0,0,)
    time_debug15:                 10.6495 1.77491 59.1585% 11969.3 (1.6384,1.81607,1.81567,1.84693,1.79615,1.73624,0,)
    time_rec_loop_tryRead:        0 -nan -nan% 0 (0,0,0,0,0,0,0,)
    time_rec_finding_empty_slot:  0 -nan -nan% 0 (0,0,0,0,0,0,0,)
    time_silo_validate1:          0.526698 0.087783 2.92584% 591.975 (0.0947273,0.0873038,0.0848528,0.0862445,0.0848188,0.0887505,0,)
    time_silo_validate2:          0.198188 0.0330314 1.10095% 222.751 (0.0333056,0.0357768,0.0316913,0.0326526,0.0315508,0.0332113,0,)
    time_silo_validate3:          6.92244 1.15374 38.4547% 7780.39 (1.0207,1.19689,1.19779,1.22163,1.18063,1.10481,0,)
    time_silo_validate4:          0.227344 0.0378907 1.26291% 255.521 (0.0372004,0.0353145,0.0366595,0.0373256,0.039706,0.0411384,0,)
    time_silo_validate5:          8.10637 1.35106 45.0315% 9111.05 (1.22518,1.39385,1.38921,1.41628,1.37506,1.30679,0,)
    time_silo_validate6:          1.87245e-05 4.68114e-06 0.000156024% 0.0210452 (0,4.24364e-06,5.09091e-06,3.85727e-06,5.53273e-06,0,0,)
    time_silo_validate7:          0.587195 0.0978658 3.26191% 659.97 (0.0999286,0.0936705,0.0959157,0.0983925,0.0944064,0.104881,0,)
    time_silo_validate8:          0.901708 0.150285 5.00905% 1013.46 (0.154445,0.146476,0.148447,0.148352,0.146518,0.15747,0,)
    time_silo_validate9:          1.95587 0.325979 10.865% 2198.27 (0.313285,0.328539,0.330543,0.332257,0.326677,0.324571,0,)
    time_locktable_get:           1.17006 0.195011 6.49979% 1315.08 (0.194834,0.189923,0.212131,0.185008,0.190466,0.197704,0,)
    time_locktable_get_validation:6.61356 1.10226 36.7388% 7433.22 (0.967677,1.14503,1.14778,1.17031,1.13023,1.05253,0,)
    time_locktable_release:       0 -nan -nan% 0 (0,0,0,0,0,0,0,)
    time_get_row_before:          0.877676 0.146279 4.87556% 986.452 (0.152979,0.14598,0.145074,0.143066,0.141546,0.149031,0,)
    time_get_row_after:           3.67711 0.612852 20.4266% 4132.84 (0.630212,0.616108,0.602603,0.586333,0.608979,0.632876,0,)
    time_log_create:              0.590162 0.0983603 3.27839% 663.305 (0.101888,0.0923635,0.0964066,0.0994616,0.0953803,0.104662,0,)
    time_log_serialLogTxn:        0 -nan -nan% 0 (0,0,0,0,0,0,0,)
    time_cleanup_1:               0.0335585 0.00559309 0.18642% 37.7177 (0.00583285,0.00570078,0.00539374,0.00549627,0.00543276,0.00570212,0,)
    time_cleanup_2:               0.150289 0.0250481 0.834865% 168.915 (0.0255775,0.0275378,0.023767,0.0243559,0.0241501,0.0249004,0,)
    time_insideSLT1:              0.554725 0.0924542 3.08154% 623.476 (0.0955574,0.0907339,0.0908327,0.0903723,0.0895293,0.0976998,0,)
    time_insideSLT2:              0.628586 0.104764 3.49184% 706.49 (0.107882,0.103237,0.103119,0.10249,0.101642,0.110216,0,)
    time_STLother:                0.0379953 0.00633255 0.211067% 42.7043 (0.00637272,0.00681494,0.00639894,0.00610612,0.00600492,0.00629767,0,)
    time_logging_thread:          8.59887 8.59887 286.604% 9664.58 (0,0,0,0,0,0,8.59887,)
    int_serialLogFail:            1.57368e+06 (260351,269383,262322,261222,261458,258947,0,)
Projected Disk Bandwidth Utilized - avg 2.60921e+08 real 2.60921e+08
Total time measured 774.496
Total wall time observed 776.391
Estimated CPU_FREQ is 2.19463
