stem-- --------cpu--------
n   cs  us  sy  id  wa  st
52 84111  10   3  87   0   0
86 75169  14   3  83   0   0
3 66478  11   2  87   0   0
8 61312  11   1  87   0   0
5 60451  12   2  86   0   0
3 59701  11   2  87   0   0
8 59960  12   2  86   0   0
5 58327   9   2  89   0   0
9 58013  11   2  87   0   0
6 57748  11   2  87   0   0
7 57184   9   2  89   0   0
8 55695   9   2  89   0   0
4 56673  11   2  88   0   0
8 56931  10   2  88   0   0
6 57793  11   2  87   0   0
2 57532  10   2  88   0   0
8 57898  10   2  88   0   0
2 57382  10   2  88   0   0
2 56068  10   1  89   0   0
stem-- --------cpu--------
n   cs  us  sy  id  wa  st
8 59006  10   2  88   0   0
0 57850  10   2  88   0   0
0 57221  11   2  88   0   0
2 59491  10   2  88   0   0
3 57910  10   2  88   0   0
7 57646  10   2  88   0   0
2 57370  11   1  88   0   0
0 57723  10   1  88   0   0
4 57088  11   2  87   0   0
9 57335  11   2  87   0   0
8 57882  12   2  86   0   0
7 57925  10   2  89   0   0
9 57837  11   2  88   0   0
7 56908  10   1  88   0   0
2 57475  10   2  88   0   0
5 57574   9   2  89   0   0
0 58016  10   2  88   0   0
5 57423  11   2  87   0   0
9 58573  10   2  88   0   0
5 57473  10   2  88   0   0
1 58257  11   2  87   0   0
stem-- --------cpu--------
n   cs  us  sy  id  wa  st
7 57485  10   2  89   0   0
6 57240  10   2  88   0   0
6 58196   9   2  89   0   0
2 57380   9   1  90   0   0
7 57427  11   1  88   0   0
4 57334  11   2  87   0   0
3 58052  10   2  88   0   0
1 57420  10   2  88   0   0
8 58233  11   2  87   0   0
8 58406  10   2  88   0   0
3 57649  10   2  89   0   0
0 58145  10   2  88   0   0
3 57707   9   2  88   0   0
0 57863  11   2  87   0   0
4 57326  11   2  87   0   0
4 57721   8   1  90   0   0
6 57850  10   2  88   0   0
5 57987  10   2  89   0   0
0 57792  11   2  87   0   0
7 58039  12   2  87   0   0
8 57244  10   2  88   0   0
stem-- --------cpu--------
n   cs  us  sy  id  wa  st
5 57515  12   2  86   0   0
1 58253  10   2  88   0   0
0 57857  11   2  87   0   0
9 57468   9   2  89   0   0
7 57733  12   2  87   0   0
2 57659  11   2  87   0   0
2 57710  11   1  88   0   0
0 57742  11   1  88   0   0
9 57314  11   2  88   0   0
1 58313   9   1  89   0   0
7 58154  10   2  88   0   0
1 57337  10   2  89   0   0
4 56980  10   2  88   0   0
0 57870  11   2  87   0   0
3 57956   9   2  89   0   0
6 57516  10   2  88   0   0
4 57603  11   2  87   0   0
7 59146   9   2  89   0   0
1 57647  11   2  88   0   0
1 57202  11   2  88   0   0
0 57788  10   2  88   0   0
stem-- --------cpu--------
n   cs  us  sy  id  wa  st
9 58729  10   2  88   0   0
7 58036  10   2  88   0   0
0 57883  11   2  87   0   0
1 57445  10   2  88   0   0
4 57598   9   1  89   0   0
5 57310  10   2  88   0   0
9 57967  10   2  88   0   0
3 57465  11   1  88   0   0
2 58314  11   2  87   0   0
2 56929  10   2  89   0   0
9 58343  10   2  88   0   0
6 57540  10   1  88   0   0
8 57911   9   2  89   0   0
9 57838  12   2  87   0   0
2 57854  10   2  89   0   0
3 58103  10   2  88   0   0
2 57394  12   2  87   0   0
9 57452   9   2  89   0   0
4 57366  10   1  89   0   0
8 58020  10   2  88   0   0
0 57664  12   1  87   0   0
stem-- --------cpu--------
n   cs  us  sy  id  wa  st
1 57917  10   2  89   0   0
8 57402  10   2  88   0   0
7 57777  11   2  87   0   0
3 58106  10   2  89   0   0
7 57871  11   1  88   0   0
9 57217   9   2  90   0   0
6 57842   9   2  90   0   0
4 57777  11   2  88   0   0
4 58703  11   2  87   0   0
4 57476  10   2  88   0   0
5 57533   8   2  90   0   0
4 57741  11   2  87   0   0
3 57642   9   2  89   0   0
4 57993  11   2  87   0   0
9 57381   9   2  89   0   0
9 57465  10   2  88   0   0
8 58296  10   2  88   0   0
1 57791  11   1  88   0   0
3 57016  10   2  89   0   0
8 57406  12   2  87   0   0
0 58056  11   2  87   0   0
stem-- --------cpu--------
n   cs  us  sy  id  wa  st
7 57491  10   2  88   0   0
3 57850  10   1  89   0   0
5 57984  10   1  88   0   0
8 57480  10   2  88   0   0
0 57582  10   2  88   0   0
8 57222  10   1  88   0   0
4 57410  11   2  87   0   0
6 57524  10   1  88   0   0
6 58457  12   2  86   0   0
8 57862   9   2  89   0   0
3 57805  12   2  86   0   0
2 58165  12   2  86   0   0
6 57142  10   2  88   0   0
4 57675  12   1  87   0   0
1 57321  10   2  89   0   0
7 57314  10   2  89   0   0
4 57400  11   2  88   0   0
3 57374  10   2  88   0   0
3 59079  10   2  88   0   0
3 57641  10   2  89   0   0
6 58404  10   2  88   0   0
stem-- --------cpu--------
n   cs  us  sy  id  wa  st
3 57371  11   1  88   0   0
5 58638  11   2  87   0   0
4 58126   9   2  89   0   0
6 57356   9   2  89   0   0
9 57405  10   2  88   0   0
6 58691   9   1  89   0   0
5 57486  11   2  88   0   0
7 58164  11   2  87   0   0
0 57582  11   1  88   0   0
6 58363  10   2  88   0   0
6 57824   9   1  90   0   0
0 58381   9   2  89   0   0
3 58821  10   2  88   0   0
2 58149   7   1  91   0   0
2 57944   8   2  90   0   0
5 58074   7   1  92   0   0
3 59088   6   1  92   0   0
7 59745   6   1  93   0   0
6 58637   5   1  93   0   0
2 59099   3   1  96   0   0
4 58760   4   1  95   0   0
stem-- --------cpu--------
n   cs  us  sy  id  wa  st
3 58479   4   1  95   0   0
3 58978   4   1  95   0   0
0 58715   3   1  96   0   0
4 57998   3   1  96   0   0
6 58137   3   1  95   0   0
0 57289   2   1  97   0   0
9 58194   2   1  97   0   0
6 58414   2   1  96   0   0
7 58588   3   1  96   0   0
1 58736   2   2  96   0   0
1 58317   2   1  97   0   0
6 59348   2   2  96   0   0
6 60252   2   2  96   0   0
6 59877   2   1  96   0   0
0 58421   2   1  96   0   0
0 59624   2   1  97   0   0
4 59671   3   2  96   0   0
2 59595   2   1  96   0   0
2 58853   2   2  96   0   0
8 59731   3   1  96   0   0
9 59688   2   2  96   0   0
stem-- --------cpu--------
n   cs  us  sy  id  wa  st
0 59609   3   2  95   0   0
2 59766   3   1  96   0   0
7 58982   3   1  95   0   0
1 59639   3   1  96   0   0
1 58477   3   1  96   0   0
8 59617   3   1  95   0   0
4 58617   2   2  96   0   0
3 58203   2   1  97   0   0
5 58430   3   1  96   0   0
5 58062   2   1  97   0   0
1 58972   2   1  97   0   0
6 59211   3   1  96   0   0
9 58206   2   1  97   0   0
9 58152   2   1  97   0   0
5 59026   2   1  97   0   0
3 59727   2   1  97   0   0
0 58521   2   1  96   0   0
8 58087   3   1  96   0   0
6 58174   2   1  96   0   0
2 59014   2   1  96   0   0
8 58365   2   1  97   0   0
stem-- --------cpu--------
n   cs  us  sy  id  wa  st
5 58436   2   1  97   0   0
4 58743   3   1  96   0   0
9 57934   2   1  97   0   0
7 58163   2   1  97   0   0
5 58477   2   1  97   0   0
3 58188   2   1  96   0   0
8 59297   3   1  96   0   0
4 58683   3   2  96   0   0
9 58703   2   1  97   0   0
7 59110   3   2  96   0   0
8 60094   2   1  97   0   0
7 59970   2   1  97   0   0
6 59821   2   1  97   0   0
9 60068   2   1  96   0   0
0 60175   2   1  96   0   0
8 59736   3   1  95   0   0
5 59805   3   1  96   0   0
7 60351   3   1  95   0   0
6 60318   2   1  97   0   0
8 60338   2   2  96   0   0
1 59640   2   2  96   0   0
stem-- --------cpu--------
n   cs  us  sy  id  wa  st
8 60473   3   1  96   0   0
6 60226   2   1  96   0   0
6 60401   3   1  95   0   0
0 59359   2   1  97   0   0
9 60530   2   1  96   0   0
9 59480   3   1  96   0   0
1 59683   2   1  97   0   0
4 59505   2   1  96   0   0
5 58437   2   1  97   0   0
6 59143   2   1  97   0   0
3 58948   2   1  96   0   0
5 58369   2   1  97   0   0
4 58714   3   1  96   0   0
4 58911   2   1  97   0   0
0 58235   3   1  96   0   0
0 58326   2   1  97   0   0
0 58929   2   1  97   0   0
0 58329   2   1  97   0   0
0 58223   2   1  97   0   0
7 58902   3   1  96   0   0
6 58712   2   1  97   0   0
stem-- --------cpu--------
n   cs  us  sy  id  wa  st
6 59951   2   1  97   0   0
1 58397   2   1  96   0   0
4 59560   3   1  96   0   0
5 58930   2   1  97   0   0
0 58809   2   1  96   0   0
7 59091   2   1  97   0   0
1 59396   2   1  97   0   0
8 59181   2   1  96   0   0
1 59509   2   1  97   0   0
5 59441   2   1  96   0   0
5 60115   2   2  96   0   0
9 59500   3   1  96   0   0
5 60956   3   1  96   0   0
7 60014   3   1  96   0   0
4 59748   3   1  96   0   0
4 60355   2   1  96   0   0
3 59854   3   1  96   0   0
6 59869   2   1  97   0   0
0 59897   2   1  97   0   0
3 59911   2   1  97   0   0
7 61010   2   1  96   0   0
stem-- --------cpu--------
n   cs  us  sy  id  wa  st
3 59375   3   1  96   0   0
2 59826   3   1  96   0   0
9 59724   3   1  96   0   0
4 60552   3   2  96   0   0
3 60036   3   2  96   0   0
4 59734   3   1  96   0   0
6 59654   2   1  97   0   0
6 59378   2   1  97   0   0
6 59711   2   1  97   0   0
6 59321   2   1  97   0   0
2 58943   2   1  96   0   0
8 58637   2   1  96   0   0
6 58453   3   1  96   0   0
5 58889   2   1  97   0   0
1 58466   2   1  97   0   0
5 59142   2   1  97   0   0
4 58977   3   1  96   0   0
1 58463   2   1  96   0   0
8 58887   2   1  97   0   0
4 59279   2   1  97   0   0
3 58565   2   1  97   0   0
stem-- --------cpu--------
n   cs  us  sy  id  wa  st
6 58873   2   1  97   0   0
1 59122   2   1  97   0   0
5 59681   2   1  97   0   0
3 58373   2   1  96   0   0
7 59252   3   1  96   0   0
0 58890   3   1  96   0   0
4 59511   2   1  96   0   0
4 59418   2   1  97   0   0
2 59748   3   1  96   0   0
4 59584   2   1  97   0   0
0 60139   2   1  97   0   0
5 59158   1   1  97   0   0
5 58547   3   1  96   0   0
0 58784   3   2  96   0   0
3 59407   2   1  96   0   0
5 58953   3   1  96   0   0
6 59194   3   2  96   0   0
3 59096   2   1  96   0   0
9 59090   3   1  96   0   0
1 59817   2   1  97   0   0
1 59274   3   1  96   0   0
stem-- --------cpu--------
n   cs  us  sy  id  wa  st
3 59245   3   1  95   0   0
0 59568   3   1  96   0   0
9 58601   3   1  95   0   0
3 58675   2   1  96   0   0
0 59405   2   1  97   0   0
0 59092   3   1  96   0   0
7 58587   3   1  96   0   0
1 58587   2   1  97   0   0
9 58502   2   1  97   0   0
7 60016   2   1  97   0   0
6 58606   2   1  97   0   0
4 57677   2   1  97   0   0
0 58565   2   1  96   0   0
5 58198   2   1  97   0   0
3 57575   3   1  96   0   0
2 57781   2   1  96   0   0
3 57994   1   1  97   0   0
7 58569   3   1  96   0   0
7 57614   2   1  97   0   0
6 57926   2   1  97   0   0
8 57926   2   1  97   0   0
stem-- --------cpu--------
n   cs  us  sy  id  wa  st
5 58246   2   1  97   0   0
9 57956   2   1  97   0   0
1 57304   3   1  96   0   0
2 57934   2   1  97   0   0
4 58442   2   1  97   0   0
2 58036   2   1  96   0   0
2 58964   2   1  97   0   0
8 58640   3   1  96   0   0
4 58758   2   1  97   0   0
5 58547   2   1  97   0   0
2 58263   2   1  97   0   0
9 58432   2   1  97   0   0
0 59302   2   1  97   0   0
9 59206   2   1  97   0   0
9 58513   2   1  96   0   0
1 59326   2   1  97   0   0
8 59415   2   1  97   0   0
3 58532   2   1  97   0   0
1 58549   2   1  96   0   0
3 59611   3   1  96   0   0
8 59751   3   1  96   0   0
stem-- --------cpu--------
n   cs  us  sy  id  wa  st
1 58391   3   2  95   0   0
1 59590   3   1  96   0   0
4 58796   2   1  96   0   0
9 59797   3   2  96   0   0
3 59687   3   1  96   0   0
8 59210   3   1  96   0   0
2 59189   2   1  96   0   0
3 59214   2   1  96   0   0
0 57984   2   1  97   0   0
0 58783   2   1  97   0   0
5 58919   2   1  96   0   0
4 59231   2   1  97   0   0
4 58891   2   1  97   0   0
0 58536   2   1  96   0   0
1 59465   2   1  97   0   0
5 58659   2   1  96   0   0
4 58941   2   1  97   0   0
8 59417   2   1  96   0   0
5 59073   2   1  97   0   0
8 59236   3   1  96   0   0
1 58916   2   1  97   0   0
stem-- --------cpu--------
n   cs  us  sy  id  wa  st
8 59186   2   1  97   0   0
9 59185   2   1  97   0   0
7 59632   3   1  96   0   0
6 58971   2   1  97   0   0
0 58391   2   1  97   0   0
8 59415   3   1  96   0   0
2 61104   2   1  97   0   0
6 58851   2   1  97   0   0
8 59605   2   1  97   0   0
7 59884   3   1  96   0   0
3 61082   2   1  97   0   0
1 59394   3   1  96   0   0
6 60115   2   1  97   0   0
7 60010   2   1  96   0   0
8 60923   2   1  96   0   0
1 60594   2   1  97   0   0
3 59726   2   1  96   0   0
6 61243   3   1  96   0   0
4 60213   2   1  96   0   0
9 60414   3   1  96   0   0
7 60121   3   1  96   0   0
stem-- --------cpu--------
n   cs  us  sy  id  wa  st
9 59723   3   1  96   0   0
2 60097   2   2  96   0   0
7 59668   3   1  96   0   0
3 59593   2   1  96   0   0
0 59862   2   1  97   0   0
8 59086   2   1  97   0   0
0 59723   2   1  96   0   0
2 59132   2   1  97   0   0
2 59039   2   1  97   0   0
4 59841   2   1  96   0   0
9 58908   3   1  96   0   0
6 59042   2   1  97   0   0
9 58179   2   1  96   0   0
4 59351   2   1  96   0   0
9 58957   3   1  96   0   0
4 58805   3   1  96   0   0
2 58443   3   1  96   0   0
8 59191   2   1  97   0   0
6 58756   2   1  97   0   0
0 58346   2   1  97   0   0
0 58947   2   2  96   0   0
stem-- --------cpu--------
n   cs  us  sy  id  wa  st
8 58164   2   1  97   0   0
7 58299   2   1  97   0   0
1 58322   2   1  96   0   0
0 58042   2   1  97   0   0
8 59126   2   1  96   0   0
5 59228   3   1  96   0   0
8 58973   2   1  96   0   0
5 59057   2   1  96   0   0
9 59533   2   1  97   0   0
2 59743   2   1  97   0   0
3 59900   3   1  96   0   0
8 59791   3   2  96   0   0
6 59884   2   1  97   0   0
3 59810   3   1  95   0   0
1 60475   2   1  96   0   0
4 59380   2   1  97   0   0
8 60427   3   1  96   0   0
8 59753   2   2  96   0   0
8 59637   3   1  96   0   0
9 59784   2   1  96   0   0
3 60028   3   2  96   0   0
stem-- --------cpu--------
n   cs  us  sy  id  wa  st
1 60364   3   1  96   0   0
7 59143   2   1  97   0   0
2 59708   2   1  96   0   0
6 60402   1   1  97   0   0
8 59206   3   1  96   0   0
1 60073   2   1  97   0   0
9 59360   2   1  96   0   0
1 59859   2   1  97   0   0
6 59141   2   2  96   0   0
8 59235   3   1  96   0   0
5 58903   3   1  96   0   0
6 59981   2   1  96   0   0
9 59019   2   1  96   0   0
6 59104   2   1  97   0   0
7 58969   2   1  96   0   0
8 59497   2   1  97   0   0
5 58940   2   1  97   0   0
0 58799   2   1  97   0   0
5 57787   2   1  96   0   0
6 57919   2   1  96   0   0
4 58487   2   1  97   0   0
stem-- --------cpu--------
n   cs  us  sy  id  wa  st
0 57965   2   1  97   0   0
3 57817   2   1  97   0   0
4 58595   2   2  96   0   0
5 57196   1   1  98   0   0
7 58522   2   1  96   0   0
9 58430   2   1  97   0   0
4 58723   2   1  97   0   0
6 57549   2   1  97   0   0
3 58434   2   1  97   0   0
0 58918   3   1  96   0   0
8 59024   3   1  96   0   0
5 58017   2   1  97   0   0
2 58955   3   1  95   0   0
1 58967   3   1  96   0   0
1 59585   3   1  96   0   0
1 58590   2   1  96   0   0
1 58692   3   1  95   0   0
1 59309   2   2  96   0   0
2 59154   2   1  96   0   0
5 58256   2   1  96   0   0
8 59320   2   1  97   0   0
stem-- --------cpu--------
n   cs  us  sy  id  wa  st
9 58254   3   2  95   0   0
0 59052   2   1  97   0   0
6 58129   2   1  97   0   0
4 58517   3   1  96   0   0
6 58202   2   1  96   0   0
7 58938   2   1  97   0   0
0 58409   2   1  97   0   0
2 57996   3   2  96   0   0
8 57991   2   1  97   0   0
6 57731   1   1  97   0   0
5 57370   3   1  96   0   0
4 58878   2   1  97   0   0
3 57798   3   1  96   0   0
7 58211   2   2  96   0   0
1 58480   2   1  97   0   0
5 58009   3   1  96   0   0
9 58524   2   1  97   0   0
8 58216   2   2  96   0   0
7 58037   3   1  96   0   0
1 58497   2   2  97   0   0
7 57980   2   1  96   0   0
stem-- --------cpu--------
n   cs  us  sy  id  wa  st
5 59117   2   1  97   0   0
3 58595   3   1  96   0   0
8 57706   2   1  97   0   0
9 58534   2   1  97   0   0
4 58378   2   1  96   0   0
0 58169   2   1  97   0   0
9 57548   2   1  97   0   0
9 58312   2   1  96   0   0
0 58716   2   1  97   0   0
4 58233   2   1  96   0   0
0 58807   3   1  96   0   0
1 58270   2   1  96   0   0
1 58164   2   1  97   0   0
8 58532   2   1  96   0   0
2 58410   3   1  96   0   0
0 58890   2   1  97   0   0
6 59825   3   1  96   0   0
1 57770   3   1  96   0   0
0 58412   3   1  96   0   0
3 58792   2   1  96   0   0
6 58865   3   1  96   0   0
stem-- --------cpu--------
n   cs  us  sy  id  wa  st
2 57726   2   1  97   0   0
6 58810   2   1  96   0   0
2 58607   3   1  96   0   0
2 59268   3   1  96   0   0
2 58695   2   1  97   0   0
8 59063   2   1  97   0   0
5 59424   2   1  97   0   0
5 59535   2   1  97   0   0
3 58932   2   1  97   0   0
2 59792   2   1  97   0   0
0 59237   2   1  97   0   0
6 60202   2   1  96   0   0
9 58415   2   1  96   0   0
2 59326   2   1  96   0   0
2 59653   3   1  96   0   0
4 59485   2   1  97   0   0
9 58888   3   2  96   0   0
9 59383   3   1  96   0   0
4 59839   2   1  97   0   0
4 59525   2   1  97   0   0
7 59668   3   1  96   0   0
stem-- --------cpu--------
n   cs  us  sy  id  wa  st
6 59149   2   1  97   0   0
0 59622   2   1  96   0   0
8 59875   2   1  97   0   0
6 59674   2   1  97   0   0
7 58990   2   1  96   0   0
7 59151   2   1  97   0   0
1 59982   2   1  96   0   0
9 59500   3   1  96   0   0
3 59877   3   1  96   0   0
6 60022   2   1  96   0   0
9 60001   3   2  96   0   0
0 59724   2   1  96   0   0
4 59998   3   2  96   0   0
5 60787   2   1  96   0   0
1 60511   2   1  96   0   0
9 61438   2   1  97   0   0
8 60669   2   1  97   0   0
3 61562   3   2  96   0   0
9 62535   3   1  96   0   0
9 62519   2   1  97   0   0
9 62605   3   2  95   0   0
stem-- --------cpu--------
n   cs  us  sy  id  wa  st
1 63280   2   1  96   0   0
5 63663   2   1  96   0   0
9 64202   2   1  97   0   0
4 65121   3   1  96   0   0
3 64592   3   2  95   0   0
2 66325   4   1  95   0   0
5 68258   2   2  97   0   0
8 70139   2   1  96   0   0
5 73229   3   2  95   0   0
6 79414   3   2  95   0   0
53 77857   2   2  96   0   0
38 238024   8  28  63   0   0
812 689453   2  46  52   0   0
110 675768   2  45  52   0   0
703 696850   2  47  51   0   0
254 697812   2  47  51   0   0
051 699037   2  47  51   0   0
520 910399   6  22  72   0   0
810 1215308   7   3  90   0   0
936 1230021   7   3  90   0   0
590 1218664   8   3  90   0   0
stem-- --------cpu--------
n   cs  us  sy  id  wa  st
354 1227975   7   2  90   0   0
266 1218712   7   3  90   0   0
130 1227529   8   3  89   0   0
848 1217279   7   3  90   0   0
592 1230170   7   2  90   0   0
349 1227776   8   2  90   0   0
619 1228106   8   2  90   0   0
863 1230198   7   3  91   0   0
610 1227532   8   2  89   0   0
552 1229263   7   2  91   0   0
754 1227281   8   3  90   0   0
936 1228984   8   2  89   0   0
233 1228596   7   3  90   0   0
034 1223294   8   3  89   0   0
816 1228481   7   2  90   0   0
529 1227935   8   2  90   0   0
065 1230157   7   2  90   0   0
970 1222903   7   3  90   0   0
095 1226337   7   3  90   0   0
311 1230415   7   3  90   0   0
690 1238306   7   3  90   0   0
stem-- --------cpu--------
n   cs  us  sy  id  wa  st
182 1238712   7   3  90   0   0
979 1226444   7   3  90   0   0
062 1233833   8   3  89   0   0
815 1230970   7   3  90   0   0
094 1231921   8   3  89   0   0
3367 475187   3   2  95   0   0
