stem-- --------cpu--------
n   cs  us  sy  id  wa  st
3  324   0   1  99   0   0
55 81338   9   3  89   0   0
2 74638  10   2  88   0   0
1 66881  10   2  88   0   0
3 61678  11   2  88   0   0
6 61290  10   2  87   0   0
8 59924   8   2  90   0   0
3 59315  10   2  88   0   0
0 58804   7   2  91   0   0
4 57893   8   2  90   0   0
6 57318   9   2  89   0   0
3 58312   9   2  89   0   0
5 56626   7   2  91   0   0
3 56488   9   2  90   0   0
3 57419   9   2  90   0   0
6 57596   8   2  90   0   0
3 57594   8   2  91   0   0
5 57239   8   2  90   0   0
5 57783   9   2  89   0   0
1 57533   9   2  89   0   0
stem-- --------cpu--------
n   cs  us  sy  id  wa  st
6 57408   8   2  90   0   0
0 57837  10   2  88   0   0
8 56544   7   2  91   0   0
2 58161  10   1  89   0   0
3 57895  10   2  89   0   0
9 58133  10   2  89   0   0
9 57652   9   2  89   0   0
2 57529   9   2  89   0   0
9 59666   9   2  89   0   0
0 58504   8   2  90   0   0
8 58344   9   2  90   0   0
5 59132  10   2  88   0   0
2 57869   7   1  92   0   0
8 58059   9   2  89   0   0
6 58835   9   2  89   0   0
1 60582  10   1  89   0   0
3 57869   9   2  89   0   0
2 59153   8   2  90   0   0
1 56078   9   2  89   0   0
5 59588   9   2  90   0   0
0 59018   8   2  90   0   0
stem-- --------cpu--------
n   cs  us  sy  id  wa  st
6 57533  10   2  89   0   0
9 58937   9   2  90   0   0
9 59228   9   1  90   0   0
6 57311   9   2  89   0   0
4 59260  10   2  88   0   0
9 59067   9   2  89   0   0
6 57062   8   2  90   0   0
2 58583   9   2  89   0   0
6 58842  10   2  88   0   0
5 56982  10   2  89   0   0
9 58454   9   2  89   0   0
3 57840   9   2  89   0   0
4 57933   7   1  91   0   0
9 59647   8   2  89   0   0
0 58130   8   2  90   0   0
2 58972   8   2  90   0   0
2 58815   8   2  90   0   0
3 57619   8   2  90   0   0
7 59472   9   2  90   0   0
8 58786   8   2  90   0   0
9 58384  10   2  88   0   0
stem-- --------cpu--------
n   cs  us  sy  id  wa  st
8 59119  11   2  88   0   0
6 59091   8   2  91   0   0
0 57447   9   2  89   0   0
2 58954   8   2  90   0   0
3 58987   8   2  90   0   0
7 57734  10   2  88   0   0
6 59125   8   2  90   0   0
5 57358   9   2  89   0   0
7 59195   8   2  90   0   0
0 59067   8   2  90   0   0
5 57767   9   2  90   0   0
4 59300  10   2  89   0   0
3 58863  10   2  88   0   0
0 58037   8   2  90   0   0
4 58942   7   2  91   0   0
6 58841   9   2  89   0   0
4 57713   9   2  89   0   0
5 59029   9   2  89   0   0
1 59228   8   2  90   0   0
7 57574   9   2  90   0   0
1 59154   8   2  90   0   0
stem-- --------cpu--------
n   cs  us  sy  id  wa  st
6 58572   9   2  89   0   0
1 57517  10   1  89   0   0
0 59164   9   2  89   0   0
8 57042   9   2  90   0   0
1 59059   9   2  89   0   0
3 58491  10   2  89   0   0
7 57630   9   2  89   0   0
3 59072   9   2  89   0   0
2 59546   8   1  90   0   0
7 56605   8   2  91   0   0
7 59219   9   1  90   0   0
1 58948   9   2  89   0   0
5 59240   7   2  92   0   0
2 58958  10   2  88   0   0
2 58406   9   2  90   0   0
0 57766  10   2  88   0   0
9 59452  12   2  87   0   0
2 57943   8   2  90   0   0
3 58616   7   2  91   0   0
5 58978   9   2  89   0   0
7 57980   7   1  91   0   0
stem-- --------cpu--------
n   cs  us  sy  id  wa  st
2 59419   9   2  89   0   0
1 59590  10   2  88   0   0
3 57839  10   2  88   0   0
1 59136   8   2  90   0   0
9 60061   8   2  90   0   0
6 57952   9   2  89   0   0
4 59291   8   2  91   0   0
9 59264   9   2  89   0   0
4 57893  11   2  88   0   0
5 59770   8   2  90   0   0
1 58202  10   1  89   0   0
0 58899  10   2  89   0   0
3 59402   9   2  89   0   0
6 56626   8   2  90   0   0
0 59203   8   2  90   0   0
2 59211   8   2  91   0   0
0 57693   9   2  90   0   0
1 58872  10   2  88   0   0
4 59065   9   1  90   0   0
4 57361  11   2  88   0   0
3 58976   7   2  91   0   0
stem-- --------cpu--------
n   cs  us  sy  id  wa  st
0 59081   9   1  89   0   0
5 57989   9   2  89   0   0
1 59457   9   2  90   0   0
2 59282  10   2  88   0   0
1 57395   9   2  89   0   0
5 58738   7   2  91   0   0
4 58311   9   2  90   0   0
2 59156   9   2  89   0   0
7 58390   9   2  90   0   0
4 57480   8   2  91   0   0
6 59011   9   2  90   0   0
2 58878   8   2  90   0   0
6 57285   8   2  90   0   0
1 59250   9   2  89   0   0
0 59813   8   1  91   0   0
6 56518   8   2  91   0   0
1 59206   8   2  90   0   0
1 58810  10   1  89   0   0
0 57903   8   2  90   0   0
3 58864   9   2  90   0   0
5 59745   8   2  90   0   0
stem-- --------cpu--------
n   cs  us  sy  id  wa  st
4 58231   9   2  90   0   0
2 58787   8   2  91   0   0
9 57186   8   1  90   0   0
5 58887   8   2  90   0   0
6 59530   8   2  90   0   0
3 58073   9   2  89   0   0
7 59357   9   2  89   0   0
2 58677   8   2  90   0   0
8 57208   9   1  89   0   0
8 60303  10   2  88   0   0
3 59167   8   2  90   0   0
5 57109   9   2  89   0   0
3 59372  10   2  89   0   0
3 59644  10   2  88   0   0
9 57647   9   2  90   0   0
1 58882  11   2  88   0   0
6 58033   9   2  89   0   0
2 58432  10   2  88   0   0
6 59286  10   2  88   0   0
7 57771   9   1  90   0   0
9 58980  10   2  88   0   0
stem-- --------cpu--------
n   cs  us  sy  id  wa  st
7 58294   6   2  92   0   0
3 56938   9   2  89   0   0
1 57781   7   2  92   0   0
0 57695   9   2  89   0   0
2 59147  10   2  88   0   0
2 58042   8   1  90   0   0
5 58289   9   2  90   0   0
7 57812   9   2  90   0   0
4 60209   9   2  88   0   0
2 58086   8   2  90   0   0
4 58669  11   2  88   0   0
3 60028  10   2  88   0   0
8 59013   9   2  89   0   0
7 59490   8   2  90   0   0
1 59795   8   2  90   0   0
7 57259  10   2  88   0   0
2 59862   8   2  90   0   0
7 58842   9   2  90   0   0
0 57364   8   1  90   0   0
1 58650   8   1  91   0   0
5 59418   9   2  89   0   0
stem-- --------cpu--------
n   cs  us  sy  id  wa  st
9 56339   8   2  90   0   0
8 59532   8   2  91   0   0
1 59575   9   2  89   0   0
5 57955   6   1  92   0   0
4 58806   8   2  91   0   0
8 58720   6   2  92   0   0
5 57903   7   2  92   0   0
3 59362   6   1  92   0   0
3 57751   6   2  92   0   0
9 60225   4   2  94   0   0
8 58693   5   1  93   0   0
1 57172   4   2  94   0   0
7 58789   4   1  95   0   0
4 58931   3   1  95   0   0
8 57766   3   1  96   0   0
0 58766   3   1  96   0   0
0 57925   3   1  96   0   0
5 58415   3   1  95   0   0
9 58215   2   1  96   0   0
2 59457   2   1  97   0   0
7 57678   2   1  97   0   0
stem-- --------cpu--------
n   cs  us  sy  id  wa  st
9 58319   2   1  97   0   0
6 58564   2   1  97   0   0
2 59076   2   1  97   0   0
6 59060   2   1  96   0   0
6 58308   2   1  96   0   0
7 60277   3   1  96   0   0
4 61533   2   1  97   0   0
7 60053   2   1  97   0   0
2 60890   2   1  97   0   0
5 61671   3   1  96   0   0
2 60577   3   1  96   0   0
8 61047   3   1  96   0   0
9 61199   2   1  96   0   0
4 60605   3   1  96   0   0
0 62546   3   2  95   0   0
5 60885   2   1  96   0   0
5 60354   3   1  96   0   0
7 61658   2   2  96   0   0
8 60870   3   1  96   0   0
7 61926   2   2  96   0   0
2 61484   2   1  96   0   0
stem-- --------cpu--------
n   cs  us  sy  id  wa  st
6 60285   3   1  96   0   0
0 61330   3   2  96   0   0
9 61226   3   1  96   0   0
0 59757   2   1  97   0   0
4 60994   2   2  96   0   0
6 60573   2   1  97   0   0
7 59625   2   1  97   0   0
4 59720   2   1  97   0   0
8 59780   1   1  97   0   0
6 59082   2   1  97   0   0
4 58877   2   1  97   0   0
0 58615   2   1  96   0   0
7 58185   2   1  97   0   0
8 58457   2   1  97   0   0
7 58061   2   1  97   0   0
9 59470   2   1  97   0   0
3 58045   2   1  97   0   0
0 58174   3   1  96   0   0
2 58629   2   1  97   0   0
7 58367   2   1  97   0   0
4 57572   3   1  96   0   0
stem-- --------cpu--------
n   cs  us  sy  id  wa  st
6 59406   2   1  97   0   0
2 58299   2   1  97   0   0
9 58034   3   1  96   0   0
8 58665   3   1  96   0   0
6 58904   2   1  97   0   0
3 58257   2   1  97   0   0
3 58765   2   1  96   0   0
1 58782   2   1  97   0   0
1 59738   2   1  98   0   0
7 59749   2   1  96   0   0
4 59742   2   1  97   0   0
4 60386   2   1  96   0   0
4 60918   2   1  96   0   0
7 59912   3   1  96   0   0
6 61865   3   1  96   0   0
4 61071   3   1  96   0   0
6 60724   2   1  97   0   0
5 61738   2   1  97   0   0
2 61265   3   1  96   0   0
6 61014   2   1  96   0   0
2 62000   3   1  96   0   0
stem-- --------cpu--------
n   cs  us  sy  id  wa  st
0 61152   2   2  97   0   0
0 60718   2   1  96   0   0
8 61031   2   1  97   0   0
9 61889   3   1  96   0   0
5 61666   2   1  97   0   0
8 60481   3   1  96   0   0
7 60622   2   1  97   0   0
2 61512   2   2  96   0   0
6 60939   2   1  96   0   0
9 60166   3   1  96   0   0
8 59850   2   1  96   0   0
2 61101   2   1  97   0   0
6 59072   3   1  96   0   0
5 59530   2   1  97   0   0
3 59235   2   1  97   0   0
5 59036   2   1  97   0   0
4 58252   2   1  97   0   0
8 58211   2   1  97   0   0
5 58555   2   1  97   0   0
2 58992   2   1  97   0   0
4 57912   2   1  96   0   0
stem-- --------cpu--------
n   cs  us  sy  id  wa  st
2 58705   2   1  97   0   0
9 58629   3   1  96   0   0
4 58288   2   1  97   0   0
5 58512   2   1  97   0   0
7 58641   2   1  96   0   0
4 57311   2   1  96   0   0
8 59737   2   1  97   0   0
2 58412   2   1  97   0   0
1 57841   2   1  97   0   0
9 58554   2   1  97   0   0
5 59513   2   1  97   0   0
0 57644   2   1  97   0   0
8 59818   2   1  96   0   0
0 59276   2   1  97   0   0
9 59806   2   1  97   0   0
6 60853   3   1  96   0   0
8 60626   2   1  96   0   0
2 60587   2   1  97   0   0
2 60677   2   1  97   0   0
4 60157   2   1  97   0   0
1 60899   2   1  97   0   0
stem-- --------cpu--------
n   cs  us  sy  id  wa  st
6 61299   2   1  96   0   0
1 60832   3   1  96   0   0
7 61481   3   1  96   0   0
5 60965   2   2  96   0   0
0 60573   2   1  97   0   0
9 61937   3   1  96   0   0
4 60311   2   2  96   0   0
0 59557   3   1  96   0   0
6 60285   4   1  95   0   0
5 59905   2   1  96   0   0
9 59520   2   1  97   0   0
8 60604   2   1  97   0   0
4 58521   2   1  96   0   0
0 60839   2   2  96   0   0
1 58598   2   1  97   0   0
9 58236   2   1  97   0   0
9 58677   3   1  96   0   0
7 58812   2   1  97   0   0
7 57521   1   1  97   0   0
2 58396   2   1  97   0   0
6 58528   2   1  97   0   0
stem-- --------cpu--------
n   cs  us  sy  id  wa  st
4 57970   2   1  97   0   0
2 57805   2   1  97   0   0
5 57741   2   1  97   0   0
8 58150   2   1  97   0   0
5 58089   2   1  97   0   0
9 57848   2   1  97   0   0
4 58198   2   2  96   0   0
8 58396   2   1  96   0   0
8 57319   2   1  97   0   0
9 58891   2   1  97   0   0
1 57958   2   1  96   0   0
3 57323   2   1  97   0   0
3 58664   2   1  97   0   0
2 58203   2   1  97   0   0
5 57456   2   1  97   0   0
1 58693   2   2  97   0   0
4 58795   2   1  97   0   0
0 58403   2   1  97   0   0
0 59133   2   1  97   0   0
0 58230   2   1  97   0   0
1 59479   2   1  97   0   0
stem-- --------cpu--------
n   cs  us  sy  id  wa  st
2 59254   2   1  97   0   0
4 58781   2   1  97   0   0
0 59306   2   1  97   0   0
5 60466   3   1  96   0   0
0 59274   2   1  96   0   0
4 60517   3   1  96   0   0
8 59488   2   1  96   0   0
3 59632   2   1  96   0   0
0 59490   1   1  98   0   0
9 59995   3   1  96   0   0
2 59375   3   1  96   0   0
1 60864   3   2  96   0   0
4 59260   4   1  95   0   0
5 59387   2   1  97   0   0
5 60431   3   2  95   0   0
4 60009   2   1  96   0   0
9 58923   2   1  97   0   0
4 59693   2   1  96   0   0
6 59287   2   1  96   0   0
9 59817   2   1  96   0   0
9 59983   2   1  97   0   0
stem-- --------cpu--------
n   cs  us  sy  id  wa  st
1 59531   2   1  97   0   0
8 59918   2   1  97   0   0
3 60891   2   1  97   0   0
2 59990   2   1  97   0   0
4 59174   2   1  97   0   0
5 59118   2   1  97   0   0
7 57732   2   1  97   0   0
4 59405   2   1  97   0   0
6 59283   2   1  97   0   0
2 57949   2   1  97   0   0
2 59118   2   1  96   0   0
1 58452   2   1  97   0   0
2 58075   2   1  97   0   0
0 58406   2   1  97   0   0
8 59129   2   1  97   0   0
6 57532   2   1  97   0   0
2 58307   2   1  96   0   0
9 58600   2   1  97   0   0
2 58666   2   1  97   0   0
1 57814   2   1  97   0   0
1 58324   2   1  97   0   0
stem-- --------cpu--------
n   cs  us  sy  id  wa  st
2 58974   2   1  97   0   0
0 58332   2   1  97   0   0
9 58578   2   1  97   0   0
8 59346   2   1  97   0   0
5 59385   2   1  97   0   0
9 60181   2   1  96   0   0
3 59466   2   1  97   0   0
4 60034   2   1  96   0   0
1 60654   2   1  97   0   0
5 60861   3   1  96   0   0
0 60542   3   1  96   0   0
4 60670   2   1  97   0   0
2 60565   2   1  96   0   0
4 60765   2   1  96   0   0
7 60557   2   1  96   0   0
4 60694   3   1  96   0   0
8 60595   3   2  96   0   0
4 60833   3   2  96   0   0
1 60399   3   2  96   0   0
4 60525   3   1  96   0   0
4 60678   2   1  97   0   0
stem-- --------cpu--------
n   cs  us  sy  id  wa  st
6 60664   2   1  96   0   0
1 59868   3   1  96   0   0
4 59930   2   1  96   0   0
0 61363   2   1  97   0   0
0 60100   2   2  96   0   0
2 59601   2   1  97   0   0
5 59171   2   1  97   0   0
7 59657   2   1  97   0   0
6 57844   2   1  97   0   0
7 57489   2   1  97   0   0
2 57779   2   1  97   0   0
4 57910   2   1  97   0   0
7 58135   2   1  97   0   0
6 58173   2   1  97   0   0
4 57335   2   1  97   0   0
5 58899   2   1  97   0   0
5 58336   2   1  97   0   0
5 57826   2   1  97   0   0
2 57907   2   1  97   0   0
8 58008   2   1  96   0   0
1 58180   2   1  97   0   0
stem-- --------cpu--------
n   cs  us  sy  id  wa  st
2 57341   2   1  97   0   0
9 57683   2   1  97   0   0
8 58970   2   1  97   0   0
2 58373   2   1  97   0   0
5 58178   2   1  97   0   0
7 58733   2   1  97   0   0
4 58642   2   1  96   0   0
9 59428   2   1  97   0   0
6 58118   2   1  97   0   0
0 59380   3   1  96   0   0
6 60242   2   1  97   0   0
1 59398   2   1  97   0   0
8 60063   2   1  96   0   0
7 59374   2   1  97   0   0
7 61190   2   1  96   0   0
5 61199   2   1  97   0   0
7 60349   3   1  96   0   0
6 60467   3   1  96   0   0
6 60814   2   1  97   0   0
6 60908   2   1  96   0   0
1 60573   3   1  96   0   0
stem-- --------cpu--------
n   cs  us  sy  id  wa  st
6 61092   3   1  96   0   0
4 60072   3   1  95   0   0
8 60805   2   1  96   0   0
9 60298   2   1  96   0   0
4 60433   3   1  96   0   0
1 60231   3   1  96   0   0
2 60067   2   1  96   0   0
3 59820   2   1  96   0   0
5 60276   2   1  97   0   0
5 60304   2   1  97   0   0
0 59911   3   1  96   0   0
2 59191   2   1  97   0   0
8 59824   2   1  97   0   0
7 59161   2   1  97   0   0
0 59528   2   1  97   0   0
3 58353   2   1  97   0   0
5 58766   2   1  97   0   0
7 58294   2   1  97   0   0
3 58417   2   1  97   0   0
5 57856   3   1  96   0   0
8 56729   2   1  97   0   0
stem-- --------cpu--------
n   cs  us  sy  id  wa  st
0 57014   2   1  97   0   0
6 57805   2   1  97   0   0
7 56296   2   1  97   0   0
7 56060   2   1  97   0   0
6 57039   2   1  97   0   0
9 56773   2   1  97   0   0
2 56552   2   1  97   0   0
1 57175   2   1  96   0   0
6 56835   2   1  97   0   0
7 57359   2   1  96   0   0
9 56954   2   1  97   0   0
6 57104   2   1  97   0   0
6 57349   2   1  97   0   0
3 58082   2   1  97   0   0
0 57780   2   1  97   0   0
0 58502   2   1  97   0   0
5 58653   3   1  96   0   0
0 58668   2   1  97   0   0
0 59025   3   2  96   0   0
1 58986   2   1  96   0   0
4 59270   2   1  97   0   0
stem-- --------cpu--------
n   cs  us  sy  id  wa  st
0 59726   2   2  97   0   0
2 59640   3   1  96   0   0
0 58788   2   2  96   0   0
5 59341   2   1  97   0   0
3 59236   2   1  96   0   0
6 59365   2   1  96   0   0
2 59672   2   1  97   0   0
8 59897   3   2  95   0   0
3 59503   3   2  95   0   0
6 58850   2   1  97   0   0
1 58929   2   1  96   0   0
5 58558   3   2  96   0   0
6 59779   3   1  96   0   0
5 59367   2   1  97   0   0
7 58782   2   1  97   0   0
4 58455   2   1  97   0   0
9 58883   2   1  96   0   0
8 58292   2   1  97   0   0
2 57970   2   1  97   0   0
3 58368   2   1  97   0   0
8 57492   2   1  97   0   0
stem-- --------cpu--------
n   cs  us  sy  id  wa  st
1 57342   2   1  97   0   0
4 57014   1   1  97   0   0
6 57038   2   1  97   0   0
2 57353   2   1  97   0   0
4 56578   1   1  97   0   0
4 57029   2   1  97   0   0
1 56417   2   1  97   0   0
5 56632   2   1  97   0   0
8 56413   2   1  97   0   0
6 57150   2   1  97   0   0
2 56359   2   1  97   0   0
6 57546   2   1  97   0   0
6 56402   2   1  97   0   0
7 56524   2   1  97   0   0
1 56965   2   1  97   0   0
3 56734   2   1  97   0   0
6 56693   2   1  97   0   0
0 57665   2   1  97   0   0
8 57354   2   1  97   0   0
2 58601   2   1  96   0   0
2 58648   2   1  97   0   0
stem-- --------cpu--------
n   cs  us  sy  id  wa  st
6 59129   2   1  96   0   0
4 59642   2   1  96   0   0
2 59518   2   1  97   0   0
8 59343   2   1  97   0   0
7 60423   2   1  97   0   0
1 60183   2   1  97   0   0
8 60858   2   1  97   0   0
0 60400   2   1  96   0   0
7 60215   2   1  97   0   0
7 60553   2   1  97   0   0
5 60786   3   1  96   0   0
8 60620   2   1  97   0   0
2 60693   1   1  97   0   0
3 60559   3   1  96   0   0
7 60695   3   1  96   0   0
2 59736   3   1  96   0   0
2 60276   2   1  97   0   0
4 60038   2   1  96   0   0
9 60102   3   1  96   0   0
3 59957   2   1  97   0   0
2 60525   2   1  97   0   0
stem-- --------cpu--------
n   cs  us  sy  id  wa  st
8 59860   3   1  96   0   0
0 59464   2   1  96   0   0
4 59870   2   1  96   0   0
4 59153   2   1  97   0   0
6 59209   2   1  97   0   0
3 59758   2   1  96   0   0
2 58438   2   1  97   0   0
8 58928   2   1  97   0   0
3 58288   2   1  97   0   0
7 59143   2   1  97   0   0
4 58204   1   1  98   0   0
6 58228   2   1  97   0   0
3 58669   2   1  97   0   0
3 58179   2   1  97   0   0
7 57949   2   1  97   0   0
0 58122   2   1  97   0   0
5 57714   2   1  97   0   0
5 58932   2   1  97   0   0
9 57790   2   1  97   0   0
5 57335   2   1  97   0   0
7 58608   2   1  97   0   0
stem-- --------cpu--------
n   cs  us  sy  id  wa  st
1 58227   2   1  97   0   0
7 58150   2   1  97   0   0
6 58138   3   1  96   0   0
1 57352   2   1  97   0   0
5 58642   2   1  97   0   0
0 58498   2   1  97   0   0
4 59134   2   1  97   0   0
4 59691   2   1  97   0   0
9 59641   3   1  96   0   0
6 59636   2   1  97   0   0
2 59948   2   1  97   0   0
6 60459   2   1  97   0   0
9 60632   3   1  96   0   0
8 60414   2   1  97   0   0
3 60443   3   1  96   0   0
4 60622   2   1  97   0   0
0 60665   2   1  97   0   0
4 59826   3   1  96   0   0
4 61073   3   2  96   0   0
4 60891   3   1  96   0   0
7 60187   3   1  96   0   0
stem-- --------cpu--------
n   cs  us  sy  id  wa  st
4 59834   2   1  96   0   0
5 60406   3   1  96   0   0
2 59775   2   1  96   0   0
0 60105   2   1  97   0   0
8 59727   3   1  96   0   0
1 59615   2   1  96   0   0
0 59825   2   1  97   0   0
1 59983   2   1  97   0   0
4 59021   2   1  97   0   0
4 59127   3   1  96   0   0
8 59335   1   1  97   0   0
2 59634   2   1  96   0   0
8 58814   2   1  97   0   0
0 58170   2   1  97   0   0
1 58703   2   1  97   0   0
6 58266   2   1  97   0   0
3 58121   2   1  97   0   0
2 58883   2   1  97   0   0
4 58710   2   1  97   0   0
4 58626   2   1  97   0   0
9 58028   2   1  97   0   0
stem-- --------cpu--------
n   cs  us  sy  id  wa  st
8 58106   2   1  97   0   0
3 58286   2   1  97   0   0
2 58303   2   1  96   0   0
5 57956   2   1  96   0   0
9 58013   2   1  97   0   0
3 59040   2   1  97   0   0
9 58860   2   1  97   0   0
1 58041   2   1  97   0   0
1 58064   2   1  97   0   0
5 56610   2   1  97   0   0
3 58266   2   1  97   0   0
0 57377   2   1  97   0   0
9 58421   2   1  97   0   0
4 58736   2   1  97   0   0
2 57963   2   1  97   0   0
3 58446   2   1  96   0   0
9 59027   2   1  97   0   0
7 58723   2   1  96   0   0
0 59085   2   2  97   0   0
7 58813   3   2  96   0   0
9 58423   2   1  96   0   0
stem-- --------cpu--------
n   cs  us  sy  id  wa  st
4 58346   2   2  96   0   0
5 59882   2   2  97   0   0
6 59408   3   1  96   0   0
0 60074   3   2  96   0   0
6 59854   3   1  96   0   0
0 60337   2   2  96   0   0
8 60171   2   1  96   0   0
5 60424   2   1  96   0   0
9 60437   3   2  96   0   0
2 60914   2   1  97   0   0
6 60858   3   1  96   0   0
2 62034   2   1  97   0   0
2 61974   2   2  97   0   0
4 61812   2   2  96   0   0
7 61787   3   2  96   0   0
7 63003   3   2  96   0   0
2 63706   2   2  96   0   0
4 65567   2   2  96   0   0
3 65867   2   2  96   0   0
0 67926   2   1  96   0   0
3 68686   2   2  96   0   0
stem-- --------cpu--------
n   cs  us  sy  id  wa  st
4 73032   2   2  96   0   0
70 100949   2   2  96   0   0
915 532008   3  39  58   0   0
015 676048   2  46  52   0   0
071 687409   2  47  51   0   0
267 692190   2  47  51   0   0
946 691069   2  47  51   0   0
157 663831   3  36  61   0   0
661 539071   4   4  91   1   0
605 305788  10   3  87   1   0
002 36675  26   0  73   1   0
364 32031  25   0  74   1   0
969 29199  25   0  73   1   0
230 27654  25   0  74   1   0
495 24518  25   0  74   1   0
434 23345  25   0  74   1   0
623 26641  25   0  74   1   0
849 28335  25   0  74   1   0
396 26839  25   0  74   1   0
116 27203  26   0  73   1   0
474 26444  26   0  73   1   0
stem-- --------cpu--------
n   cs  us  sy  id  wa  st
491 25328  26   0  73   1   0
092 23813  26   0  73   1   0
375 23853  25   0  74   1   0
073 22236  26   0  73   1   0
939 19458  26   0  73   1   0
302 17424  26   0  73   1   0
614 15507  26   0  73   1   0
979 16058  26   0  73   1   0
506 16258  26   0  73   1   0
104 15961  26   0  73   1   0
174 16360  26   0  73   1   0
273 16266  26   0  73   1   0
956 15720  26   0  73   1   0
208 16279  26   0  73   1   0
495 16668  26   0  73   1   0
374 16115  26   0  73   1   0
484 16446  27   0  72   1   0
427 16387  26   0  73   1   0
023 15665  26   0  73   1   0
294 16178  26   0  73   1   0
044 15602  27   0  72   1   0
stem-- --------cpu--------
n   cs  us  sy  id  wa  st
277 16166  26   0  73   1   0
763 17379  26   0  73   1   0
630 16732  26   0  73   1   0
593 16721  26   0  73   1   0
795 17375  26   0  73   1   0
365 16033  26   0  73   1   0
032 16193  26   0  73   1   0
187 15824  26   0  73   1   0
208 15732  26   0  73   1   0
318 15250  27   0  72   1   0
473 16711  26   0  73   1   0
803 17037  26   0  73   1   0
404 16149  26   0  73   1   0
879 17103  26   0  73   1   0
284 15885  26   0  73   1   0
867 15615  26   0  73   1   0
017 15539  26   0  73   1   0
195 15128  26   0  73   1   0
214 15593  26   0  73   1   0
011 15360  26   0  73   1   0
444 16056  26   0  73   1   0
stem-- --------cpu--------
n   cs  us  sy  id  wa  st
228 15681  26   0  73   1   0
563 16587  26   0  73   1   0
279 15823  26   0  73   1   0
479 15562  27   0  72   1   0
430 16224  25   0  74   1   0
709 16346  26   0  73   1   0
574 16072  26   0  73   1   0
286 15727  26   0  73   1   0
389 15950  26   0  73   1   0
359 15995  27   0  72   1   0
251 16131  26   0  73   1   0
134 15266  26   0  73   1   0
304 15238  26   0  73   1   0
501 16006  26   0  73   1   0
153 15382  26   0  73   1   0
235 15405  26   0  73   1   0
390 15555  26   0  73   1   0
217 15274  26   0  73   1   0
095 15186  27   0  72   1   0
454 16306  26   0  73   1   0
417 16304  26   0  73   1   0
stem-- --------cpu--------
n   cs  us  sy  id  wa  st
904 17405  26   0  73   1   0
928 15250  26   0  73   1   0
725 15890  26   0  73   1   0
485 16098  26   0  73   1   0
355 15798  26   0  73   1   0
224 15729  26   0  73   1   0
194 15562  26   0  73   1   0
024 10317  15   0  84   1   0
  795   0   1  99   0   0
