stem-- --------cpu--------
n   cs  us  sy  id  wa  st
90 80967   8   3  89   0   0
31 75239  10   3  87   0   0
8 65502  10   2  88   0   0
7 63284  10   2  88   0   0
6 60625   8   2  90   0   0
9 58981   7   2  91   0   0
1 58884   7   2  91   0   0
0 58239   8   2  90   0   0
5 58588   8   2  90   0   0
1 57846   8   2  90   0   0
5 57659   9   2  89   0   0
9 55982   6   2  92   0   0
2 57113   8   2  91   0   0
2 56979   9   2  90   0   0
3 56865   8   2  91   0   0
3 57064   8   2  90   0   0
1 57262  10   1  89   0   0
3 56949   9   1  90   0   0
7 57556  10   2  88   0   0
stem-- --------cpu--------
n   cs  us  sy  id  wa  st
8 57801   9   2  90   0   0
6 57036   9   2  90   0   0
5 57421   8   2  90   0   0
2 57401   8   2  91   0   0
0 57724   8   2  90   0   0
9 57576   7   2  91   0   0
7 57728   8   2  90   0   0
1 57688   9   2  89   0   0
3 57708   9   2  90   0   0
5 58222   9   2  89   0   0
7 56866   8   1  91   0   0
9 58371   9   2  89   0   0
0 57912   7   2  91   0   0
2 58112   9   2  89   0   0
4 57725   9   2  89   0   0
2 58209   9   2  90   0   0
6 58177   8   2  90   0   0
0 57717   8   2  90   0   0
2 59277   7   2  91   0   0
8 58667   8   2  90   0   0
2 57406   9   2  89   0   0
stem-- --------cpu--------
n   cs  us  sy  id  wa  st
2 59312   9   2  89   0   0
6 57970   8   1  90   0   0
7 57453   8   2  90   0   0
3 58114   8   2  90   0   0
4 57943   9   2  90   0   0
2 58566   8   1  91   0   0
6 57822   9   2  89   0   0
2 58785   7   2  91   0   0
9 58024   9   2  90   0   0
5 57940   9   2  89   0   0
8 56892   9   2  89   0   0
1 57761  10   2  89   0   0
8 57957   8   2  90   0   0
0 58790   8   2  90   0   0
4 57672   7   2  92   0   0
3 58132  10   2  88   0   0
3 57896   9   2  89   0   0
5 59109   8   2  90   0   0
8 57958   8   1  91   0   0
6 58022   9   2  90   0   0
6 57311   9   2  90   0   0
stem-- --------cpu--------
n   cs  us  sy  id  wa  st
1 58015   9   1  90   0   0
5 57991   9   2  89   0   0
4 57244  10   2  89   0   0
0 56653   8   1  91   0   0
2 57594   9   2  89   0   0
8 57451   8   2  91   0   0
8 57260   7   2  91   0   0
8 56813   8   1  91   0   0
3 56836  10   2  88   0   0
8 57757   9   2  90   0   0
1 57633   9   2  89   0   0
4 57919  10   2  88   0   0
0 57556   8   1  90   0   0
4 56935   8   1  90   0   0
4 57155   8   1  90   0   0
8 57209   8   1  90   0   0
2 57644  10   2  88   0   0
6 57435   9   1  90   0   0
7 57783   8   2  90   0   0
8 57149   9   2  90   0   0
7 57578  10   1  89   0   0
stem-- --------cpu--------
n   cs  us  sy  id  wa  st
7 57431   8   2  91   0   0
9 57510   7   2  91   0   0
9 57845   9   2  90   0   0
4 57176   9   2  89   0   0
6 57432   8   1  91   0   0
0 57677   8   1  90   0   0
8 57508   9   2  89   0   0
9 57657   9   2  89   0   0
3 57214   8   1  90   0   0
9 57355   9   2  89   0   0
0 57739   8   2  91   0   0
1 57321   9   1  90   0   0
1 57926   7   1  91   0   0
0 57521   8   2  90   0   0
5 57858   9   2  89   0   0
2 58057  11   2  88   0   0
5 57566   8   1  91   0   0
6 57438   9   2  89   0   0
2 57094   8   1  91   0   0
7 58803   8   1  91   0   0
3 57335   8   1  91   0   0
stem-- --------cpu--------
n   cs  us  sy  id  wa  st
8 57480   8   2  90   0   0
4 57227   8   2  90   0   0
5 57134   9   1  89   0   0
8 57680   8   1  91   0   0
1 58193   8   2  90   0   0
7 57879   8   1  90   0   0
0 57666   8   1  91   0   0
7 57989   8   2  90   0   0
3 57746   6   2  92   0   0
5 58130   8   1  90   0   0
2 67827   7   2  91   0   0
540 488311  10   4  85   0   0
78 71880   9   2  90   0   0
58 71290   8   2  91   0   0
35 71089   8   2  91   0   0
31 68627   9   2  89   0   0
7 57196   7   2  91   0   0
0 57321   9   1  90   0   0
0 57539   9   2  90   0   0
5 57874   9   2  90   0   0
5 57389   9   1  89   0   0
stem-- --------cpu--------
n   cs  us  sy  id  wa  st
5 57072   8   2  90   0   0
6 57727   8   2  90   0   0
7 57023   8   1  91   0   0
7 57850   8   2  90   0   0
3 57292   8   2  90   0   0
4 58918   7   1  91   0   0
9 57431   9   2  89   0   0
3 57549   9   1  90   0   0
9 57235   8   2  90   0   0
5 57522  10   2  88   0   0
1 58175   7   1  92   0   0
1 57552   9   2  89   0   0
8 57361   9   1  89   0   0
1 58019   8   2  90   0   0
2 56892   8   1  90   0   0
5 57286   9   2  89   0   0
0 57889   8   2  90   0   0
7 57659   6   2  92   0   0
1 58129  10   2  89   0   0
3 57389   8   2  91   0   0
6 58114   8   1  91   0   0
stem-- --------cpu--------
n   cs  us  sy  id  wa  st
2 58328   9   2  89   0   0
7 58426   9   2  90   0   0
9 61425   8   2  90   0   0
5 57575   9   1  89   0   0
0 58398   8   2  91   0   0
1 58068   9   2  89   0   0
2 57257   8   2  90   0   0
6 57497   8   1  91   0   0
7 57682   8   2  91   0   0
3 57508   9   2  90   0   0
1 57485   8   2  91   0   0
5 57253   8   2  90   0   0
8 57665   7   2  91   0   0
6 58319  10   2  88   0   0
1 57215   8   1  91   0   0
5 57917   9   2  89   0   0
8 58000   7   1  92   0   0
9 57637   8   2  90   0   0
4 57129  10   2  88   0   0
6 57875   8   2  90   0   0
8 58215   8   2  91   0   0
stem-- --------cpu--------
n   cs  us  sy  id  wa  st
7 57361   8   2  90   0   0
2 58016   8   2  90   0   0
9 56887   8   2  90   0   0
8 56369   9   2  89   0   0
4 57160   8   2  90   0   0
2 57036   7   2  91   0   0
2 57933   9   1  89   0   0
6 57883   8   2  90   0   0
3 57585   8   2  91   0   0
8 58088   9   2  89   0   0
8 56613   7   2  91   0   0
8 59982   9   2  89   0   0
8 57897   9   2  89   0   0
0 58509   9   2  89   0   0
6 58282   9   2  89   0   0
2 58257   8   2  90   0   0
2 57243   7   2  91   0   0
3 57965  10   2  88   0   0
8 57836   9   2  89   0   0
3 57579   8   2  91   0   0
9 57281   9   2  89   0   0
stem-- --------cpu--------
n   cs  us  sy  id  wa  st
6 57773   8   2  91   0   0
3 57428   9   2  89   0   0
5 58760   8   2  90   0   0
9 57623   9   2  89   0   0
1 57635   7   2  91   0   0
9 57952   6   1  93   0   0
0 58937   9   2  89   0   0
7 57848   6   2  93   0   0
7 57745   6   1  93   0   0
4 57678   7   1  91   0   0
3 58127   6   2  92   0   0
5 57737   5   1  94   0   0
0 58279   6   1  92   0   0
7 57477   4   1  95   0   0
1 58494   4   1  95   0   0
2 57471   4   1  95   0   0
8 57258   3   1  95   0   0
2 57403   3   1  96   0   0
2 58605   3   1  96   0   0
3 57509   3   1  96   0   0
6 57507   3   1  96   0   0
stem-- --------cpu--------
n   cs  us  sy  id  wa  st
2 58174   2   1  96   0   0
3 58068   2   1  97   0   0
5 57747   2   1  97   0   0
4 57913   2   1  96   0   0
1 58322   2   1  97   0   0
8 59580   2   1  97   0   0
6 58991   2   1  97   0   0
8 59235   2   1  96   0   0
6 59185   2   1  97   0   0
4 59948   2   1  97   0   0
8 60130   3   1  96   0   0
9 60390   2   1  97   0   0
8 60619   3   1  96   0   0
2 60845   3   1  96   0   0
7 60347   2   1  96   0   0
1 60398   3   1  95   0   0
0 60401   2   1  97   0   0
3 60690   2   1  97   0   0
4 61057   3   1  96   0   0
2 61606   3   1  96   0   0
2 61650   2   1  96   0   0
stem-- --------cpu--------
n   cs  us  sy  id  wa  st
0 61476   3   1  96   0   0
2 60195   2   1  97   0   0
3 60409   2   1  97   0   0
3 60729   2   1  96   0   0
4 61024   2   1  96   0   0
5 60558   2   1  97   0   0
8 59696   3   2  96   0   0
7 60574   2   1  97   0   0
6 60643   2   1  97   0   0
5 59029   2   1  97   0   0
5 59199   2   1  97   0   0
1 59080   2   1  97   0   0
1 58549   2   1  97   0   0
4 58485   2   1  97   0   0
2 58013   2   1  97   0   0
9 58211   2   1  97   0   0
8 58059   2   1  97   0   0
2 58190   3   1  96   0   0
8 57958   2   1  97   0   0
8 58224   2   1  97   0   0
6 58474   2   1  97   0   0
stem-- --------cpu--------
n   cs  us  sy  id  wa  st
1 57483   3   1  96   0   0
4 58050   2   1  97   0   0
6 58176   2   1  96   0   0
3 57797   2   1  96   0   0
3 58130   2   1  96   0   0
5 57650   2   1  97   0   0
9 58251   2   1  97   0   0
8 58286   2   1  97   0   0
2 58095   2   1  97   0   0
4 59431   2   1  96   0   0
5 59011   2   1  97   0   0
6 59388   2   1  96   0   0
0 58973   2   1  97   0   0
2 59341   3   1  96   0   0
5 60145   2   1  96   0   0
5 60031   3   1  96   0   0
1 59859   2   1  97   0   0
6 60168   2   1  97   0   0
0 61083   3   1  96   0   0
3 61041   3   2  96   0   0
8 60576   3   2  96   0   0
stem-- --------cpu--------
n   cs  us  sy  id  wa  st
5 60223   3   1  96   0   0
6 61012   3   1  96   0   0
4 60666   3   1  96   0   0
0 60420   2   1  97   0   0
9 60294   3   2  96   0   0
5 60434   2   1  96   0   0
8 61184   3   1  95   0   0
1 60137   3   1  96   0   0
9 59959   3   2  95   0   0
9 60566   2   1  96   0   0
1 60642   3   2  95   0   0
5 60202   2   1  96   0   0
1 59951   2   1  97   0   0
6 60069   2   1  97   0   0
4 59530   3   1  97   0   0
9 58964   2   1  97   0   0
9 59558   2   1  96   0   0
4 59015   2   1  97   0   0
2 58550   2   1  97   0   0
6 58249   2   1  97   0   0
3 58159   2   1  97   0   0
stem-- --------cpu--------
n   cs  us  sy  id  wa  st
0 58849   2   1  97   0   0
1 58313   2   1  97   0   0
4 57208   2   1  97   0   0
2 58018   2   1  97   0   0
0 57592   2   1  96   0   0
3 58365   2   1  97   0   0
0 57816   3   1  96   0   0
6 57984   2   1  97   0   0
8 58676   3   1  96   0   0
2 58376   2   1  97   0   0
8 57379   2   1  97   0   0
3 58182   2   1  97   0   0
5 58184   2   1  97   0   0
6 59247   2   1  96   0   0
9 58299   2   1  97   0   0
6 59041   2   1  97   0   0
5 58637   2   1  97   0   0
0 60126   2   1  96   0   0
1 59217   2   1  96   0   0
4 59858   2   1  96   0   0
2 59965   2   1  96   0   0
stem-- --------cpu--------
n   cs  us  sy  id  wa  st
0 60806   2   1  97   0   0
2 60379   3   2  96   0   0
4 60557   2   1  96   0   0
1 60543   3   1  96   0   0
8 60517   2   1  97   0   0
9 60091   3   1  96   0   0
7 60314   3   1  96   0   0
9 60591   3   1  96   0   0
5 59566   4   1  95   0   0
7 59692   3   2  96   0   0
4 59911   2   1  97   0   0
8 59940   2   1  96   0   0
0 59900   3   1  96   0   0
6 59843   2   1  97   0   0
8 59428   3   1  96   0   0
2 58822   2   1  97   0   0
8 58676   2   1  96   0   0
7 58169   2   1  96   0   0
2 59001   2   1  96   0   0
1 58077   1   1  97   0   0
5 58223   2   1  96   0   0
stem-- --------cpu--------
n   cs  us  sy  id  wa  st
2 57644   2   1  97   0   0
1 57847   2   1  97   0   0
1 57321   2   1  97   0   0
5 58113   2   1  97   0   0
6 57300   1   1  97   0   0
7 57611   2   1  97   0   0
3 57924   2   1  97   0   0
1 57983   2   1  97   0   0
4 57895   2   1  97   0   0
7 57126   2   1  97   0   0
2 58003   2   1  97   0   0
2 57844   2   1  97   0   0
9 57016   2   1  96   0   0
3 58192   2   1  97   0   0
8 57784   2   1  96   0   0
31 89874   2   1  96   0   0
79 114300   4   2  95   0   0
75 93536   3   1  96   0   0
7 66865   2   1  97   0   0
9 58103   3   1  96   0   0
8 58061   2   1  97   0   0
stem-- --------cpu--------
n   cs  us  sy  id  wa  st
6 58653   2   1  97   0   0
3 58039   2   1  96   0   0
5 60191   2   1  97   0   0
0 58849   2   1  96   0   0
7 59293   2   2  96   0   0
0 58896   3   1  96   0   0
2 60839   2   1  97   0   0
0 69637   2   1  96   0   0
8 59772   2   1  97   0   0
7 59411   3   1  96   0   0
4 68189   3   1  96   0   0
2 70278   3   1  95   0   0
5 62537   3   1  96   0   0
3 59947   2   1  96   0   0
7 59876   3   1  96   0   0
9 59116   2   1  96   0   0
6 59964   3   1  96   0   0
5 59980   3   1  96   0   0
0 59809   3   1  96   0   0
7 59663   3   1  96   0   0
2 59941   2   1  97   0   0
stem-- --------cpu--------
n   cs  us  sy  id  wa  st
4 59304   3   2  96   0   0
2 60677   2   1  96   0   0
2 59896   2   1  97   0   0
2 59320   3   1  96   0   0
7 59488   2   1  97   0   0
6 60862   2   1  96   0   0
5 59929   2   1  97   0   0
1 59259   2   1  97   0   0
3 59394   2   1  96   0   0
1 59018   2   1  96   0   0
0 58451   2   1  96   0   0
3 58284   2   1  97   0   0
4 58160   2   1  97   0   0
4 58603   2   1  97   0   0
4 58167   2   1  97   0   0
8 57663   2   1  97   0   0
3 58785   2   1  97   0   0
4 58727   3   1  96   0   0
3 58375   2   1  97   0   0
5 58344   2   1  97   0   0
8 57622   2   1  97   0   0
stem-- --------cpu--------
n   cs  us  sy  id  wa  st
4 58998   3   1  96   0   0
8 58310   2   1  96   0   0
9 58688   2   1  97   0   0
6 59475   2   1  97   0   0
2 58682   2   1  97   0   0
4 59446   2   1  97   0   0
4 60137   2   1  97   0   0
7 59038   2   1  97   0   0
8 61613   2   1  97   0   0
8 60176   2   1  96   0   0
0 60607   3   1  96   0   0
9 61691   3   1  96   0   0
6 61062   2   1  97   0   0
4 60645   2   1  96   0   0
3 60675   3   1  96   0   0
1 61167   2   1  97   0   0
4 61239   3   2  95   0   0
7 60797   3   1  95   0   0
5 60747   3   1  95   0   0
6 60502   3   1  96   0   0
9 61478   2   1  96   0   0
stem-- --------cpu--------
n   cs  us  sy  id  wa  st
7 60759   3   1  96   0   0
2 61120   2   1  96   0   0
9 60775   3   2  96   0   0
7 60910   3   1  96   0   0
1 60710   2   1  97   0   0
9 60930   2   2  96   0   0
1 60961   3   1  96   0   0
7 60728   2   1  97   0   0
5 59190   1   1  97   0   0
3 58578   2   1  97   0   0
2 58727   2   1  97   0   0
5 58273   2   1  97   0   0
6 58492   2   1  97   0   0
9 58818   2   1  97   0   0
7 58496   2   1  97   0   0
5 59405   2   1  97   0   0
2 57363   2   1  97   0   0
4 58344   2   1  97   0   0
7 58301   2   1  97   0   0
5 58356   2   1  97   0   0
3 58063   2   1  97   0   0
stem-- --------cpu--------
n   cs  us  sy  id  wa  st
2 57959   2   1  97   0   0
0 58082   2   1  97   0   0
2 58545   2   1  97   0   0
5 58086   2   1  97   0   0
1 58665   2   1  97   0   0
8 58012   2   1  96   0   0
5 58852   2   1  97   0   0
5 58200   3   1  96   0   0
1 58330   2   1  97   0   0
0 58977   3   1  96   0   0
1 59449   2   1  97   0   0
0 59694   2   1  96   0   0
3 59537   2   1  96   0   0
7 60573   2   1  97   0   0
3 60542   2   2  96   0   0
6 60591   1   1  97   0   0
0 60085   2   1  96   0   0
0 60539   2   1  97   0   0
0 60742   2   1  96   0   0
9 60497   3   1  96   0   0
0 60452   2   1  97   0   0
stem-- --------cpu--------
n   cs  us  sy  id  wa  st
2 61361   2   2  96   0   0
6 60988   3   1  95   0   0
7 61283   3   1  96   0   0
2 60446   3   1  96   0   0
9 60512   3   2  96   0   0
5 60701   3   1  96   0   0
5 60181   3   1  96   0   0
6 61186   2   1  96   0   0
2 59879   2   1  96   0   0
3 60502   3   1  96   0   0
1 59933   1   1  98   0   0
9 59697   2   1  97   0   0
0 59959   2   1  97   0   0
9 59533   2   1  96   0   0
7 58709   2   1  97   0   0
5 58191   2   1  97   0   0
8 57907   2   1  96   0   0
3 58929   1   1  98   0   0
4 58131   2   1  97   0   0
3 57979   2   1  96   0   0
3 58422   2   1  97   0   0
stem-- --------cpu--------
n   cs  us  sy  id  wa  st
6 57850   2   1  97   0   0
7 61598   2   1  97   0   0
53 98268   3   2  95   0   0
04 124899   4   2  95   0   0
39 72417   2   1  96   0   0
6 60696   3   2  96   0   0
9 56040   2   1  97   0   0
0 57501   2   1  96   0   0
7 56901   2   1  97   0   0
4 56485   2   1  97   0   0
1 55952   1   1  98   0   0
7 57115   2   1  97   0   0
7 57814   2   1  96   0   0
4 57465   2   1  97   0   0
6 57890   2   1  96   0   0
3 58093   2   1  96   0   0
6 58679   2   1  97   0   0
6 57975   3   1  96   0   0
3 58789   3   1  96   0   0
8 59341   2   1  96   0   0
0 58996   2   1  97   0   0
stem-- --------cpu--------
n   cs  us  sy  id  wa  st
9 68073   2   2  96   0   0
8 63171   2   1  96   0   0
5 59455   3   1  96   0   0
2 63128   3   1  96   0   0
5 72399   3   1  96   0   0
2 69256   4   2  95   0   0
1 59933   3   2  96   0   0
3 59998   2   1  96   0   0
6 59224   2   2  96   0   0
9 59624   3   1  95   0   0
7 59430   2   1  96   0   0
6 60356   2   2  97   0   0
6 60125   3   1  96   0   0
2 60246   3   1  96   0   0
0 59736   2   1  97   0   0
9 59794   2   1  97   0   0
6 59615   2   1  96   0   0
9 58141   2   1  96   0   0
6 58701   2   1  97   0   0
3 59054   2   1  97   0   0
1 58225   2   1  97   0   0
stem-- --------cpu--------
n   cs  us  sy  id  wa  st
4 58094   2   1  96   0   0
9 58388   2   1  97   0   0
5 58119   2   1  97   0   0
6 57373   2   1  97   0   0
7 56717   2   1  97   0   0
9 57869   2   1  97   0   0
6 57097   2   1  97   0   0
7 56574   2   1  97   0   0
2 56592   2   1  97   0   0
8 56566   2   1  97   0   0
8 57539   2   1  97   0   0
4 56835   2   1  97   0   0
1 56569   3   1  96   0   0
2 57970   2   1  96   0   0
9 58757   2   1  97   0   0
6 57974   2   1  96   0   0
8 56594   2   1  96   0   0
9 56889   2   1  97   0   0
7 57399   2   1  97   0   0
0 57740   2   1  97   0   0
9 58185   2   1  97   0   0
stem-- --------cpu--------
n   cs  us  sy  id  wa  st
2 58523   2   1  97   0   0
4 59393   2   1  97   0   0
5 58793   2   1  97   0   0
7 59243   2   1  96   0   0
1 58820   2   1  97   0   0
4 60003   2   1  97   0   0
6 60197   2   1  97   0   0
6 60006   3   1  96   0   0
8 60618   2   1  96   0   0
7 61154   2   1  96   0   0
3 61102   3   1  96   0   0
0 60475   4   1  95   0   0
0 60927   3   1  96   0   0
5 61134   3   2  95   0   0
9 60336   3   2  95   0   0
0 60045   2   1  96   0   0
4 60595   2   1  96   0   0
7 61026   2   1  96   0   0
1 60954   3   1  96   0   0
2 60599   2   2  96   0   0
1 60489   2   2  97   0   0
stem-- --------cpu--------
n   cs  us  sy  id  wa  st
4 60338   2   1  97   0   0
3 60139   2   1  97   0   0
5 59976   2   1  97   0   0
6 59885   2   1  97   0   0
4 59476   2   1  97   0   0
7 59708   2   1  96   0   0
7 59394   2   1  97   0   0
0 59125   2   1  96   0   0
8 59604   2   1  96   0   0
7 58435   2   1  97   0   0
0 58246   2   1  97   0   0
5 59048   2   1  96   0   0
9 57832   2   1  97   0   0
5 58238   2   1  97   0   0
2 58492   2   1  96   0   0
4 58431   2   1  97   0   0
2 58604   2   1  97   0   0
5 58245   2   1  97   0   0
7 58373   2   1  97   0   0
8 58615   3   1  96   0   0
6 58321   2   1  97   0   0
stem-- --------cpu--------
n   cs  us  sy  id  wa  st
0 59338   2   1  97   0   0
3 58523   2   1  97   0   0
4 59251   2   1  97   0   0
5 57553   2   1  97   0   0
2 57416   2   1  97   0   0
5 58019   2   1  97   0   0
4 58620   2   1  97   0   0
3 59385   3   1  96   0   0
4 59412   2   1  96   0   0
4 59293   3   1  96   0   0
6 60163   2   1  97   0   0
2 62008   3   1  96   0   0
0 60014   2   1  97   0   0
1 60024   2   1  96   0   0
4 60954   3   1  96   0   0
4 61114   2   2  96   0   0
1 60324   2   1  96   0   0
1 60368   2   1  96   0   0
2 59912   3   1  95   0   0
0 60957   3   1  96   0   0
0 60287   4   2  95   0   0
stem-- --------cpu--------
n   cs  us  sy  id  wa  st
7 60636   2   1  97   0   0
3 60868   3   2  96   0   0
4 60755   2   1  96   0   0
0 60903   3   1  95   0   0
8 59929   3   2  96   0   0
1 60226   2   1  97   0   0
0 61071   2   1  97   0   0
6 59560   2   1  97   0   0
7 60203   3   2  95   0   0
8 59477   2   1  97   0   0
4 59932   2   1  97   0   0
8 59218   2   1  97   0   0
4 58971   2   1  97   0   0
6 59609   2   1  97   0   0
5 59008   2   1  97   0   0
5 58789   2   1  97   0   0
9 62881   2   1  97   0   0
4 66332   3   1  96   0   0
6 58752   2   1  97   0   0
0 58263   2   1  97   0   0
1 58974   2   1  97   0   0
stem-- --------cpu--------
n   cs  us  sy  id  wa  st
5 57898   2   1  97   0   0
4 58841   2   1  97   0   0
8 58379   2   1  97   0   0
5 58543   2   1  96   0   0
5 59129   2   1  97   0   0
7 58358   2   1  97   0   0
8 56773   2   1  97   0   0
6 56822   2   1  97   0   0
1 57486   2   1  97   0   0
6 57252   2   1  97   0   0
9 57256   2   1  96   0   0
5 59220   2   1  97   0   0
9 58655   2   1  96   0   0
0 59038   2   1  96   0   0
0 58249   2   1  97   0   0
4 58938   3   1  96   0   0
6 58426   2   1  97   0   0
7 58909   2   1  97   0   0
1 59058   2   1  96   0   0
7 59066   2   1  96   0   0
5 59395   2   2  96   0   0
stem-- --------cpu--------
n   cs  us  sy  id  wa  st
8 59464   3   2  96   0   0
9 59462   3   1  96   0   0
2 59562   3   1  96   0   0
7 59866   2   2  96   0   0
7 60478   3   2  95   0   0
6 60310   3   2  95   0   0
7 60441   3   1  96   0   0
4 60574   2   1  96   0   0
5 62685   2   1  97   0   0
0 60568   3   1  96   0   0
8 60521   3   2  95   0   0
64 61589   2   1  97   0   0
889 62489   1   2  97   0   0
8 60060   2   2  97   0   0
026 63494   3   2  95   0   0
1 63373   2   2  96   0   0
4 64034   3   2  95   0   0
3 63089   3   1  96   0   0
9 65654   3   2  96   0   0
4 66631   2   2  96   0   0
7 68839   3   1  96   0   0
stem-- --------cpu--------
n   cs  us  sy  id  wa  st
7 69549   2   2  96   0   0
5 72740   2   2  96   0   0
41 100535   2   2  96   0   0
0 1717   0   1  99   0   0
00 223418   1  19  79   0   0
496 703110   2  47  51   0   0
775 700457   2  47  51   0   0
103 702440   2  47  51   0   0
445 704762   2  47  51   0   0
941 701556   2  47  51   0   0
42 565706   4  11  85   0   0
11 505453   6   5  89   0   0
89 137798  12   3  86   0   0
44 54246  27   1  72   0   0
99 62207  27   1  72   0   0
86 64388  27   1  72   0   0
45 26758  27   1  72   0   0
39 19009  28   1  72   0   0
97 18011  27   1  72   0   0
18 17339  27   1  72   0   0
99 17455  27   1  72   0   0
stem-- --------cpu--------
n   cs  us  sy  id  wa  st
92 17150  27   1  72   0   0
77 16807  27   1  72   0   0
94 16625  28   1  72   0   0
37 16692  27   1  72   0   0
93 16070  27   1  72   0   0
63 15709  27   1  72   0   0
50 15916  27   1  72   0   0
01 15436  27   1  72   0   0
43 15518  27   1  72   0   0
59 15083  27   1  72   0   0
67 15524  27   1  72   0   0
077 15104  27   1  72   0   0
17 15088  27   1  72   0   0
02 15509  27   1  72   0   0
07 15277  27   1  72   0   0
16 9989  13   1  86   0   0
