stem-- --------cpu--------
n   cs  us  sy  id  wa  st
2  288   0   1  99   0   0
23 86822  11   3  86   0   0
23 74349  11   2  87   0   0
1 66842  13   2  85   0   0
0 61609   9   2  88   0   0
2 60304  12   2  86   0   0
4 59012  10   2  88   0   0
9 58805  11   2  87   0   0
7 58592  11   2  87   0   0
9 57963  11   2  87   0   0
5 55604   8   2  90   0   0
0 57440   9   2  89   0   0
2 55794  11   2  88   0   0
7 56524  11   2  88   0   0
6 55970   9   2  89   0   0
7 56911  10   2  88   0   0
2 58142  11   2  87   0   0
7 57211  13   2  86   0   0
1 56843  12   1  86   0   0
8 57828  11   2  87   0   0
stem-- --------cpu--------
n   cs  us  sy  id  wa  st
2 57978  12   2  87   0   0
8 57731  11   2  87   0   0
5 57034  10   2  89   0   0
3 57132   9   2  89   0   0
9 57515  10   2  89   0   0
9 56971  10   2  88   0   0
8 57922  11   2  87   0   0
6 57614  10   2  88   0   0
0 57539   9   2  89   0   0
2 58000  10   2  88   0   0
6 58774  10   2  89   0   0
2 56815   9   2  89   0   0
8 57653  10   2  89   0   0
1 58089  10   2  88   0   0
0 56861  11   2  88   0   0
8 58243  11   2  87   0   0
2 56925  10   2  88   0   0
1 57029  10   2  88   0   0
3 57130  12   2  86   0   0
5 57407  12   2  87   0   0
4 59267   9   2  89   0   0
stem-- --------cpu--------
n   cs  us  sy  id  wa  st
1 57640  11   1  87   0   0
6 57666  12   2  86   0   0
3 57493  12   2  87   0   0
0 57687  11   2  87   0   0
0 57577  10   2  88   0   0
7 57689  11   2  87   0   0
2 57452  12   2  86   0   0
4 57835  10   1  89   0   0
1 57576  11   2  88   0   0
4 57600  10   2  88   0   0
6 58212  12   2  87   0   0
9 56869  11   2  88   0   0
0 57400  12   2  86   0   0
5 58436  11   2  87   0   0
8 56903  11   2  87   0   0
1 57629  12   2  86   0   0
4 57395  10   2  88   0   0
7 57595   9   1  90   0   0
0 56555  11   2  87   0   0
7 58106  10   2  88   0   0
9 56959  10   2  88   0   0
stem-- --------cpu--------
n   cs  us  sy  id  wa  st
6 56735  11   2  87   0   0
0 56521  12   2  87   0   0
2 57099  10   1  88   0   0
2 57297  12   2  87   0   0
5 57312  11   2  87   0   0
5 57600  11   2  87   0   0
1 58423  10   2  88   0   0
1 57327  11   2  87   0   0
3 57433  10   2  88   0   0
2 58169  12   2  86   0   0
1 57674  11   2  88   0   0
1 57438  12   2  86   0   0
1 58005  11   2  86   0   0
6 57187  13   2  85   0   0
3 58089   9   2  89   0   0
7 57019  11   2  87   0   0
4 57655  11   2  87   0   0
4 57994  12   2  86   0   0
9 57824  11   2  87   0   0
5 57706  10   1  88   0   0
8 57468  12   2  86   0   0
stem-- --------cpu--------
n   cs  us  sy  id  wa  st
6 57840   9   2  88   0   0
3 57065  11   2  87   0   0
1 56963  10   2  88   0   0
3 57395  10   2  88   0   0
3 57613  11   2  87   0   0
3 57083  11   2  88   0   0
6 57072  13   2  85   0   0
0 57764  10   2  89   0   0
8 57529   9   2  89   0   0
9 58899  12   2  86   0   0
4 57741  10   2  88   0   0
6 56025  11   1  88   0   0
8 57513  11   1  88   0   0
3 57465  10   2  88   0   0
7 57071  11   2  87   0   0
1 57636  10   2  88   0   0
9 57912  11   2  87   0   0
2 58341  11   2  88   0   0
5 57501  11   2  87   0   0
3 57577  10   2  88   0   0
1 56742  11   2  87   0   0
stem-- --------cpu--------
n   cs  us  sy  id  wa  st
9 57023  11   1  88   0   0
4 57427  10   2  89   0   0
1 58094  10   2  88   0   0
4 57465  10   2  89   0   0
2 57364  10   2  88   0   0
9 57888  11   2  87   0   0
6 57523  11   2  87   0   0
9 57918  10   2  88   0   0
7 57534  10   2  88   0   0
9 57304  10   1  88   0   0
3 57534  12   2  86   0   0
6 57302  12   2  86   0   0
3 57611  11   2  87   0   0
3 57955  13   2  85   0   0
6 57261  10   2  88   0   0
5 57860  11   2  88   0   0
0 58335  10   2  89   0   0
4 57101  11   2  88   0   0
8 57148  11   2  87   0   0
5 58120  10   2  88   0   0
5 56997  10   2  88   0   0
stem-- --------cpu--------
n   cs  us  sy  id  wa  st
1 57394  10   2  88   0   0
3 56972  10   2  88   0   0
2 57575  11   2  88   0   0
6 58089  10   2  88   0   0
5 57999  14   2  84   0   0
4 56751  11   2  88   0   0
5 57371  11   2  86   0   0
4 57635   9   2  89   0   0
5 57779  12   2  87   0   0
1 56958  13   2  86   0   0
1 57675  10   2  88   0   0
0 56998  11   1  88   0   0
2 57513  11   1  88   0   0
4 57388  11   2  87   0   0
3 57451  13   2  85   0   0
7 58023  10   2  88   0   0
8 56693  12   2  86   0   0
4 57387  10   2  88   0   0
7 57353  11   2  87   0   0
0 58019  11   2  88   0   0
0 57505  11   2  87   0   0
stem-- --------cpu--------
n   cs  us  sy  id  wa  st
5 57244  11   2  87   0   0
8 57189  10   2  88   0   0
0 58168  11   2  87   0   0
1 56555  11   2  88   0   0
2 57567  10   2  88   0   0
73 57049  12   2  87   0   0
2 58398  11   2  88   0   0
1 57537  12   2  86   0   0
0 57790  10   1  89   0   0
3 57696  11   2  87   0   0
0 58932  10   2  88   0   0
7 58832   8   2  90   0   0
3 58871   8   2  90   0   0
7 57962   8   2  90   0   0
1 59359   8   2  90   0   0
3 58767   7   1  92   0   0
3 58578   5   2  93   0   0
6 58429   6   1  93   0   0
3 58699   5   1  94   0   0
7 58480   3   1  95   0   0
9 58387   4   1  94   0   0
stem-- --------cpu--------
n   cs  us  sy  id  wa  st
2 58675   4   1  95   0   0
8 58931   4   1  94   0   0
5 58163   3   1  96   0   0
4 57640   3   1  96   0   0
5 58516   3   1  96   0   0
5 58221   2   1  97   0   0
2 58151   2   1  97   0   0
9 57466   3   1  96   0   0
9 58191   2   1  97   0   0
5 58487   3   1  96   0   0
8 59002   2   1  97   0   0
5 58573   3   1  96   0   0
8 59223   2   1  97   0   0
4 59877   2   1  96   0   0
5 59235   2   1  96   0   0
5 59524   3   1  96   0   0
2 59016   3   1  96   0   0
7 59796   2   1  96   0   0
0 59368   3   1  96   0   0
6 59592   2   1  96   0   0
7 59596   3   1  96   0   0
stem-- --------cpu--------
n   cs  us  sy  id  wa  st
0 59699   3   2  96   0   0
7 58982   2   1  97   0   0
6 59098   2   2  96   0   0
6 59528   3   2  96   0   0
9 59145   3   1  95   0   0
8 58398   3   1  96   0   0
1 58095   3   1  96   0   0
5 58399   2   1  97   0   0
0 58435   2   1  97   0   0
5 58367   3   1  96   0   0
5 57954   2   1  97   0   0
2 58121   2   1  97   0   0
1 58845   3   1  96   0   0
3 58687   2   1  96   0   0
6 58264   2   1  97   0   0
8 58393   2   1  97   0   0
3 58428   2   1  97   0   0
2 57544   3   1  96   0   0
0 57732   2   1  97   0   0
6 58086   2   1  96   0   0
6 58756   2   1  97   0   0
stem-- --------cpu--------
n   cs  us  sy  id  wa  st
3 58245   2   1  97   0   0
1 58202   2   1  96   0   0
6 56939   2   1  97   0   0
4 58095   2   1  97   0   0
9 57963   2   1  97   0   0
5 58389   2   1  96   0   0
8 58897   2   1  96   0   0
9 59761   2   1  97   0   0
8 58719   2   1  97   0   0
8 59272   2   1  97   0   0
6 59846   2   1  96   0   0
5 61070   2   1  96   0   0
2 59091   2   1  96   0   0
1 59594   2   1  96   0   0
8 59887   3   2  96   0   0
4 60916   3   1  96   0   0
1 59730   3   1  96   0   0
4 60211   3   1  96   0   0
2 59871   2   1  97   0   0
2 60479   3   1  96   0   0
0 59771   3   1  96   0   0
stem-- --------cpu--------
n   cs  us  sy  id  wa  st
1 60449   3   1  96   0   0
5 59887   3   1  96   0   0
3 61072   2   1  97   0   0
1 59038   3   1  96   0   0
7 60242   3   2  96   0   0
3 59899   2   1  96   0   0
0 60330   3   1  96   0   0
8 60056   3   1  96   0   0
2 58520   2   1  97   0   0
3 58980   2   1  97   0   0
3 59103   2   1  97   0   0
2 58976   2   1  97   0   0
8 58957   2   1  97   0   0
4 58383   2   1  97   0   0
8 58448   2   1  97   0   0
8 59447   3   1  96   0   0
7 58464   2   1  96   0   0
1 58157   2   1  97   0   0
7 58979   3   1  96   0   0
9 58388   2   1  97   0   0
2 58028   2   1  96   0   0
stem-- --------cpu--------
n   cs  us  sy  id  wa  st
5 59843   2   1  97   0   0
8 59809   2   1  96   0   0
7 58480   2   1  97   0   0
7 59063   2   1  96   0   0
8 59009   2   1  97   0   0
7 59755   3   1  96   0   0
9 60060   2   1  97   0   0
7 58953   3   1  96   0   0
8 59979   3   1  96   0   0
9 60731   2   1  97   0   0
7 59068   3   1  96   0   0
9 59451   2   1  96   0   0
7 61092   3   1  96   0   0
8 60049   3   1  96   0   0
2 60356   2   2  96   0   0
1 62199   3   1  96   0   0
0 59898   2   1  96   0   0
7 60539   3   2  96   0   0
4 59206   3   2  95   0   0
1 61288   3   1  95   0   0
7 60956   3   2  96   0   0
stem-- --------cpu--------
n   cs  us  sy  id  wa  st
7 60434   2   1  97   0   0
8 60341   3   1  96   0   0
6 61109   3   2  95   0   0
0 60044   3   1  96   0   0
5 61098   2   1  97   0   0
6 59762   2   1  96   0   0
6 58778   3   1  96   0   0
6 59350   3   1  96   0   0
2 60420   2   1  97   0   0
1 58779   2   1  97   0   0
8 59327   2   1  97   0   0
8 59714   2   1  97   0   0
5 57561   2   1  97   0   0
0 58591   3   1  96   0   0
3 58596   3   1  96   0   0
6 58704   2   1  97   0   0
8 59513   2   1  96   0   0
5 58111   2   1  96   0   0
4 59311   2   1  96   0   0
7 59532   2   1  97   0   0
3 59263   2   1  97   0   0
stem-- --------cpu--------
n   cs  us  sy  id  wa  st
6 58911   2   1  97   0   0
6 59158   2   1  97   0   0
6 59049   2   1  97   0   0
9 59307   2   1  97   0   0
0 59461   3   1  96   0   0
5 59045   2   1  97   0   0
9 59860   3   1  96   0   0
3 59278   3   1  96   0   0
8 59661   2   2  96   0   0
4 59770   2   1  97   0   0
4 59188   2   1  97   0   0
2 60548   2   1  97   0   0
5 58824   3   1  96   0   0
5 58632   2   2  96   0   0
6 59876   3   1  96   0   0
8 59824   3   1  96   0   0
6 58342   3   1  95   0   0
1 60021   2   1  96   0   0
6 60265   3   1  96   0   0
2 59156   2   2  96   0   0
4 59394   3   2  96   0   0
stem-- --------cpu--------
n   cs  us  sy  id  wa  st
7 59744   3   1  96   0   0
0 58989   3   2  96   0   0
9 60410   2   1  97   0   0
3 58140   3   1  96   0   0
3 59775   2   2  96   0   0
4 59221   1   1  98   0   0
0 59006   2   1  97   0   0
5 59352   2   1  96   0   0
7 58832   2   1  97   0   0
8 58604   2   1  96   0   0
9 59592   2   1  96   0   0
8 57908   2   1  97   0   0
0 57133   2   1  97   0   0
4 58931   2   1  96   0   0
0 58871   2   1  97   0   0
9 57793   2   1  96   0   0
5 58495   2   1  97   0   0
0 57942   3   1  96   0   0
4 59450   2   1  96   0   0
6 58810   2   1  97   0   0
1 57666   2   1  97   0   0
stem-- --------cpu--------
n   cs  us  sy  id  wa  st
6 58966   2   1  97   0   0
9 59199   2   1  96   0   0
0 57534   2   2  96   0   0
8 58744   2   1  96   0   0
3 59014   2   1  97   0   0
1 59853   2   1  97   0   0
5 58837   2   1  96   0   0
7 59091   2   1  96   0   0
0 58326   2   1  97   0   0
4 59879   2   1  97   0   0
9 59294   2   1  97   0   0
9 58685   2   1  96   0   0
9 59684   2   1  97   0   0
6 59425   3   1  96   0   0
7 59037   3   1  96   0   0
6 59068   2   2  96   0   0
1 59017   2   2  96   0   0
6 60021   3   2  96   0   0
5 59094   3   1  96   0   0
1 58404   2   1  96   0   0
6 59509   3   1  96   0   0
stem-- --------cpu--------
n   cs  us  sy  id  wa  st
5 60228   2   2  96   0   0
5 58624   2   1  97   0   0
3 60107   3   1  96   0   0
9 60196   2   1  96   0   0
3 59459   2   1  96   0   0
4 60291   2   1  96   0   0
9 59206   2   1  97   0   0
0 60325   3   1  96   0   0
4 60239   2   1  97   0   0
6 59941   2   1  97   0   0
9 59614   2   1  97   0   0
8 59008   2   2  97   0   0
6 59291   2   1  97   0   0
8 59888   2   1  96   0   0
3 59112   2   1  97   0   0
9 58979   2   1  96   0   0
2 59915   2   1  96   0   0
8 58840   2   1  97   0   0
3 58739   2   1  97   0   0
5 59715   2   1  96   0   0
7 59622   2   1  96   0   0
stem-- --------cpu--------
n   cs  us  sy  id  wa  st
0 58105   3   1  96   0   0
9 59674   2   1  96   0   0
5 59958   2   1  97   0   0
0 59762   3   1  96   0   0
3 60027   2   1  97   0   0
2 59718   2   1  97   0   0
1 59037   3   1  96   0   0
9 60507   3   1  96   0   0
6 58804   2   1  97   0   0
5 59739   2   1  97   0   0
4 60657   2   1  96   0   0
5 59373   2   1  97   0   0
8 60393   3   1  96   0   0
4 61150   2   1  96   0   0
0 59668   3   1  96   0   0
0 61059   2   1  96   0   0
3 60266   3   1  96   0   0
0 59089   3   1  96   0   0
0 60293   2   1  97   0   0
0 60823   3   1  96   0   0
6 60640   3   1  96   0   0
stem-- --------cpu--------
n   cs  us  sy  id  wa  st
0 60257   2   1  96   0   0
5 59022   3   1  95   0   0
0 61611   2   1  96   0   0
6 59505   3   1  96   0   0
4 59779   2   2  96   0   0
5 60170   2   1  96   0   0
6 59876   2   1  97   0   0
2 58867   2   1  97   0   0
2 59823   2   1  96   0   0
9 59910   2   1  96   0   0
0 58780   2   1  97   0   0
5 59401   3   1  96   0   0
9 58109   2   1  97   0   0
4 60459   2   1  97   0   0
8 60132   2   1  97   0   0
3 59175   2   1  97   0   0
9 59074   3   1  96   0   0
2 59358   2   1  96   0   0
4 58956   2   1  97   0   0
4 58935   2   1  96   0   0
4 59321   2   1  97   0   0
stem-- --------cpu--------
n   cs  us  sy  id  wa  st
4 58920   2   1  97   0   0
5 59673   3   1  96   0   0
5 58957   2   1  96   0   0
4 58189   2   1  97   0   0
6 59880   3   1  96   0   0
5 59322   2   1  97   0   0
8 58750   2   1  96   0   0
1 60616   2   1  96   0   0
6 59080   2   1  97   0   0
9 59997   3   1  96   0   0
5 60912   3   1  96   0   0
6 59781   3   1  96   0   0
7 60259   2   1  97   0   0
8 60074   3   1  96   0   0
3 59496   3   1  96   0   0
4 60410   2   1  97   0   0
1 59692   3   2  96   0   0
2 59699   3   1  96   0   0
3 60388   3   1  96   0   0
6 59612   3   2  95   0   0
9 59984   3   1  96   0   0
stem-- --------cpu--------
n   cs  us  sy  id  wa  st
5 60842   3   1  96   0   0
3 59764   2   1  96   0   0
9 60085   2   1  97   0   0
2 60049   3   1  96   0   0
9 59609   3   2  95   0   0
6 59765   3   1  96   0   0
2 60127   2   1  96   0   0
3 59187   3   1  96   0   0
5 59641   2   1  97   0   0
4 59202   2   1  97   0   0
4 60112   3   1  96   0   0
8 59725   2   1  97   0   0
1 59692   2   1  97   0   0
2 59421   3   1  96   0   0
2 59762   2   1  97   0   0
5 59185   2   1  97   0   0
2 57857   2   1  96   0   0
6 59148   2   1  97   0   0
2 58315   2   1  96   0   0
4 59384   3   1  96   0   0
1 60453   3   1  96   0   0
stem-- --------cpu--------
n   cs  us  sy  id  wa  st
6 58686   2   1  97   0   0
0 58022   2   1  96   0   0
6 58304   2   1  97   0   0
4 58531   2   1  97   0   0
5 58709   2   1  96   0   0
2 58887   2   1  97   0   0
2 57945   2   1  96   0   0
2 59187   3   1  96   0   0
3 58793   2   1  96   0   0
6 59032   2   1  96   0   0
6 58284   2   2  96   0   0
4 59157   3   1  96   0   0
0 58503   2   1  97   0   0
2 59361   3   1  96   0   0
4 59073   2   1  96   0   0
8 60523   3   1  96   0   0
3 59089   2   1  97   0   0
0 59050   2   1  97   0   0
2 60055   2   2  96   0   0
8 59272   2   1  97   0   0
9 58748   2   1  97   0   0
stem-- --------cpu--------
n   cs  us  sy  id  wa  st
1 58845   2   1  96   0   0
8 59212   3   1  96   0   0
4 58270   2   1  96   0   0
7 58901   2   1  96   0   0
9 59069   2   1  96   0   0
4 57836   2   1  96   0   0
1 58972   2   1  97   0   0
5 57736   2   1  96   0   0
1 59188   2   2  96   0   0
9 58961   2   1  97   0   0
5 58268   2   1  96   0   0
5 58573   2   1  96   0   0
0 58929   2   1  96   0   0
4 58509   2   1  97   0   0
3 59428   3   1  96   0   0
5 58651   3   1  96   0   0
8 58134   2   1  97   0   0
3 58830   2   1  97   0   0
2 60026   2   1  97   0   0
8 57398   2   1  97   0   0
7 59433   2   1  97   0   0
stem-- --------cpu--------
n   cs  us  sy  id  wa  st
0 59323   2   1  96   0   0
8 57578   2   1  96   0   0
4 58497   2   1  96   0   0
6 57702   2   1  97   0   0
4 58186   2   1  97   0   0
7 59583   3   1  96   0   0
5 58123   2   1  97   0   0
4 59162   2   2  96   0   0
4 58685   3   2  95   0   0
8 58360   3   1  96   0   0
7 59183   3   2  96   0   0
7 58967   2   1  97   0   0
0 58126   3   1  96   0   0
0 58032   2   1  97   0   0
1 58451   2   1  96   0   0
6 58353   3   1  96   0   0
9 59536   3   1  96   0   0
1 59277   3   1  96   0   0
4 59279   2   1  96   0   0
6 58347   3   1  96   0   0
9 58589   2   1  96   0   0
stem-- --------cpu--------
n   cs  us  sy  id  wa  st
1 59202   2   1  96   0   0
4 59291   2   1  97   0   0
6 58535   2   1  97   0   0
0 60929   2   2  97   0   0
4 59968   2   1  97   0   0
5 59145   2   1  97   0   0
9 59776   2   1  96   0   0
8 59342   3   1  96   0   0
6 59891   2   1  97   0   0
8 59529   2   1  97   0   0
9 59865   3   1  96   0   0
4 59653   2   1  97   0   0
6 61852   3   2  96   0   0
0 59906   3   1  96   0   0
6 60392   3   1  96   0   0
7 60055   2   1  97   0   0
8 59938   2   1  96   0   0
8 59257   2   1  97   0   0
1 59910   2   1  97   0   0
0 59077   3   1  96   0   0
3 59899   2   1  97   0   0
stem-- --------cpu--------
n   cs  us  sy  id  wa  st
1 59152   2   1  96   0   0
9 59152   2   1  97   0   0
2 59230   2   1  97   0   0
5 60816   3   2  95   0   0
3 59113   2   1  97   0   0
2 59677   2   1  97   0   0
5 59568   3   1  96   0   0
9 59851   2   1  96   0   0
9 59742   2   2  96   0   0
4 60040   2   1  97   0   0
7 60322   3   1  96   0   0
3 61294   3   1  96   0   0
4 60026   2   2  96   0   0
3 60554   3   1  96   0   0
7 61465   3   1  96   0   0
6 60801   3   1  96   0   0
1 61175   3   1  96   0   0
4 60850   3   2  95   0   0
7 61172   3   1  96   0   0
2 62396   2   2  96   0   0
1 63233   3   2  95   0   0
stem-- --------cpu--------
n   cs  us  sy  id  wa  st
6 62119   3   1  96   0   0
1 64078   3   2  96   0   0
5 63759   3   2  96   0   0
2 65154   3   1  96   0   0
7 67092   4   2  95   0   0
4 64841   3   2  95   0   0
2 67865   2   2  96   0   0
2 65899   2   2  96   0   0
3 69466   3   1  96   0   0
9 73373   2   2  97   0   0
8 77499   2   2  96   0   0
9 76389   2   2  96   0   0
27 318965   8  35  57   0   0
449 722817   2  46  52   0   0
843 709394   2  45  53   0   0
293 703903   2  45  53   0   0
720 711373   2  45  53   0   0
326 734711   2  47  51   0   0
3976 892977   8  19  73   0   0
7913 1150660  10   3  87   0   0
3717 1167300  11   3  86   0   0
stem-- --------cpu--------
n   cs  us  sy  id  wa  st
8870 1154598  10   3  87   0   0
5417 1167421  11   3  87   0   0
9911 1154917  11   3  87   0   0
6412 1167565  10   2  87   0   0
8539 1168241  11   3  87   0   0
6749 1166929  11   2  87   0   0
8878 1168576  10   3  87   0   0
7635 1168218  10   3  87   0   0
6001 1164223  11   2  86   0   0
9419 1166613  11   3  86   0   0
7925 1169606  10   3  87   0   0
8912 1167091  10   3  87   0   0
8092 1169223  11   3  87   0   0
8446 1168083  11   3  87   0   0
7712 1169287  10   3  87   0   0
8639 1165377  11   3  86   0   0
8095 1169937  11   3  87   0   0
6255 1166026  10   3  88   0   0
9073 1171255  10   3  87   0   0
0847 1169855  10   3  88   0   0
6284 584201   5   2  93   0   0
stem-- --------cpu--------
