stem-- --------cpu--------
n   cs  us  sy  id  wa  st
6  315   0   1  99   0   0
92 87262  10   3  87   0   0
10 77942  12   3  84   0   0
4 68328  11   3  86   0   0
3 62137  10   2  87   0   0
4 62522  13   2  84   0   0
9 61342  11   2  86   0   0
7 59923  10   2  88   0   0
0 58547  11   2  87   0   0
2 58514  10   2  88   0   0
3 56479  12   2  86   0   0
1 57290  11   2  87   0   0
1 56868  10   2  88   0   0
6 56698  10   2  88   0   0
6 56947   9   2  88   0   0
8 57788  12   2  86   0   0
9 57618  11   1  87   0   0
1 57635   9   2  89   0   0
5 58021   9   2  89   0   0
7 57730  10   2  88   0   0
stem-- --------cpu--------
n   cs  us  sy  id  wa  st
6 57961  10   2  88   0   0
2 58815  12   2  87   0   0
4 57085  10   2  88   0   0
7 58732  10   2  89   0   0
4 58157  13   2  85   0   0
0 59526  10   2  88   0   0
6 58841  11   2  87   0   0
6 57262  11   2  87   0   0
0 59056  11   2  87   0   0
6 58697   9   2  90   0   0
3 58139   9   2  89   0   0
0 59758   9   2  89   0   0
2 58745  10   2  88   0   0
0 60589  11   2  87   0   0
7 58732  11   2  88   0   0
2 57330  10   1  88   0   0
5 59225  11   1  88   0   0
6 59249  12   2  86   0   0
0 57353  11   2  88   0   0
4 59018  11   2  88   0   0
4 59473   9   2  90   0   0
stem-- --------cpu--------
n   cs  us  sy  id  wa  st
7 59082  10   2  88   0   0
0 58930   9   2  89   0   0
6 58729  11   2  88   0   0
5 58415  11   2  87   0   0
7 59855  11   2  87   0   0
7 58401  12   2  86   0   0
2 60302  10   2  88   0   0
7 59623  12   2  86   0   0
2 57847  10   2  88   0   0
0 59422  10   2  89   0   0
7 59642   9   2  88   0   0
6 58082  10   2  88   0   0
6 60129  12   2  87   0   0
3 59773  12   2  87   0   0
0 57077  10   2  88   0   0
1 59701  10   2  88   0   0
2 59945  10   2  88   0   0
8 57905  10   2  88   0   0
5 59906  10   1  89   0   0
2 59053   9   2  89   0   0
6 57869  10   2  88   0   0
stem-- --------cpu--------
n   cs  us  sy  id  wa  st
7 59825  11   2  87   0   0
6 57921  12   2  87   0   0
2 59597   9   2  89   0   0
5 59282   9   2  89   0   0
7 57728  12   2  86   0   0
7 59087  10   2  88   0   0
9 59324  11   1  87   0   0
3 58241  12   2  86   0   0
3 58916  10   2  88   0   0
4 59603  10   2  88   0   0
1 57314  12   2  87   0   0
3 60494  11   2  88   0   0
1 59482  10   2  88   0   0
5 56629  10   1  88   0   0
3 58920  11   2  87   0   0
0 58612  10   2  89   0   0
5 58040  10   2  89   0   0
6 59255  10   2  88   0   0
1 57724  11   2  87   0   0
0 59620  10   2  88   0   0
2 58886   9   2  89   0   0
stem-- --------cpu--------
n   cs  us  sy  id  wa  st
3 57792  10   2  88   0   0
5 59436  11   2  87   0   0
6 59642  13   2  85   0   0
1 57166  10   1  88   0   0
5 59194  11   2  87   0   0
4 58677  10   2  88   0   0
9 58589  10   2  88   0   0
8 58983  11   2  87   0   0
7 59099  10   2  88   0   0
1 57555  12   2  86   0   0
8 59641  11   2  87   0   0
6 57509  12   2  87   0   0
0 59597  10   2  88   0   0
2 59288  10   2  88   0   0
9 57947  10   2  88   0   0
1 58923  11   2  88   0   0
7 59194  10   2  89   0   0
1 57597   9   2  89   0   0
3 60141  10   2  88   0   0
4 58977  12   2  87   0   0
3 57723  11   2  88   0   0
stem-- --------cpu--------
n   cs  us  sy  id  wa  st
6 58380  11   2  88   0   0
5 58790  10   2  89   0   0
7 57394  11   2  88   0   0
0 58996  10   2  89   0   0
5 57522  10   2  88   0   0
0 58743  10   2  88   0   0
9 58835   9   2  89   0   0
1 57854  10   2  88   0   0
0 59271  11   2  87   0   0
9 59257  11   2  88   0   0
7 57487  11   2  87   0   0
1 59175  11   2  87   0   0
6 59075  11   2  87   0   0
0 57645  10   2  88   0   0
3 58727  10   2  88   0   0
3 58539  11   1  88   0   0
5 58346  10   2  88   0   0
4 59095   9   2  89   0   0
2 59511  11   2  87   0   0
5 57208   9   2  89   0   0
7 58159   9   2  89   0   0
stem-- --------cpu--------
n   cs  us  sy  id  wa  st
5 58417  11   2  87   0   0
4 59227  10   2  88   0   0
7 59205  10   2  88   0   0
9 57877  12   2  87   0   0
5 59433  11   2  88   0   0
4 59351  12   2  87   0   0
1 58068  10   2  88   0   0
7 59271  10   2  88   0   0
9 58415  11   2  87   0   0
8 58206  11   2  87   0   0
5 58788   9   2  89   0   0
6 59552  10   2  88   0   0
9 58308  10   2  88   0   0
2 58921  11   2  87   0   0
0 59376  10   2  88   0   0
6 58230  10   2  88   0   0
6 59017  11   2  88   0   0
3 57165   9   2  89   0   0
5 58325  12   2  86   0   0
6 58676  10   1  88   0   0
5 58099  12   2  87   0   0
stem-- --------cpu--------
n   cs  us  sy  id  wa  st
1 59286  10   2  88   0   0
4 59360  10   2  88   0   0
9 57526  10   2  88   0   0
2 58635   9   2  89   0   0
8 59198  11   1  87   0   0
2 57253  10   2  88   0   0
6 58700  10   2  89   0   0
6 58935  11   1  88   0   0
8 57491  10   1  89   0   0
1 59343   8   2  90   0   0
0 59194  10   2  88   0   0
1 60007  10   1  89   0   0
8 59584   8   2  90   0   0
3 58758   9   1  90   0   0
6 59865   7   2  92   0   0
7 61557   7   2  91   0   0
0 58400   7   1  91   0   0
0 60801   6   2  93   0   0
8 60310   4   2  94   0   0
1 58954   4   1  95   0   0
7 59898   3   1  96   0   0
stem-- --------cpu--------
n   cs  us  sy  id  wa  st
5 59794   3   1  95   0   0
9 58189   3   1  96   0   0
2 59418   3   1  96   0   0
4 58460   3   1  96   0   0
8 57304   2   1  97   0   0
2 58620   2   1  97   0   0
0 57725   2   1  97   0   0
1 58059   2   1  96   0   0
2 59599   2   1  96   0   0
9 59215   3   1  96   0   0
8 59724   2   1  96   0   0
2 60499   2   1  96   0   0
5 58338   2   1  97   0   0
6 60918   3   1  96   0   0
1 60106   2   1  96   0   0
0 59926   2   1  96   0   0
3 60335   3   1  96   0   0
7 60274   3   2  95   0   0
2 59751   2   2  96   0   0
0 59683   2   1  96   0   0
1 59697   3   1  96   0   0
stem-- --------cpu--------
n   cs  us  sy  id  wa  st
5 59001   2   2  96   0   0
7 60158   3   2  95   0   0
3 58226   3   1  96   0   0
3 59502   2   2  96   0   0
2 60110   3   1  96   0   0
9 58090   2   1  97   0   0
9 59075   3   1  96   0   0
8 58953   3   1  96   0   0
8 59206   3   1  96   0   0
3 59639   2   1  97   0   0
2 58338   3   1  96   0   0
4 57652   2   1  97   0   0
2 58572   2   1  97   0   0
9 59391   3   1  96   0   0
2 58682   3   1  96   0   0
0 59539   2   1  96   0   0
1 58371   2   1  97   0   0
1 59458   2   1  96   0   0
3 59096   2   1  97   0   0
6 59257   2   1  97   0   0
1 59629   3   1  96   0   0
stem-- --------cpu--------
n   cs  us  sy  id  wa  st
7 59488   2   1  97   0   0
7 59410   2   1  97   0   0
9 59580   3   1  96   0   0
7 59943   2   1  97   0   0
6 59226   2   1  97   0   0
0 60373   3   1  96   0   0
7 60363   3   2  96   0   0
2 58561   3   1  95   0   0
4 60266   2   1  97   0   0
8 59598   2   1  97   0   0
2 58548   3   1  96   0   0
7 60639   2   1  97   0   0
9 58962   3   1  96   0   0
7 60212   4   1  95   0   0
1 60006   2   1  96   0   0
1 60597   3   2  96   0   0
5 60389   4   1  95   0   0
5 61916   3   1  95   0   0
3 60267   3   2  95   0   0
6 60634   2   1  96   0   0
6 60526   3   2  96   0   0
stem-- --------cpu--------
n   cs  us  sy  id  wa  st
8 60063   3   1  96   0   0
8 60409   3   1  96   0   0
1 60089   2   1  96   0   0
7 60385   3   1  95   0   0
3 60896   2   1  97   0   0
6 58911   3   1  96   0   0
8 60622   2   1  97   0   0
0 61089   2   1  96   0   0
4 59621   2   1  96   0   0
7 59439   3   1  96   0   0
2 59572   2   1  96   0   0
5 59022   2   1  96   0   0
9 58944   2   1  97   0   0
3 59443   2   1  96   0   0
0 59207   2   1  96   0   0
9 59663   2   1  97   0   0
8 59415   2   1  97   0   0
0 58664   2   2  96   0   0
8 59380   2   1  96   0   0
9 59044   2   1  96   0   0
9 58757   2   1  97   0   0
stem-- --------cpu--------
n   cs  us  sy  id  wa  st
8 59445   2   1  97   0   0
9 58741   2   2  96   0   0
9 60003   3   1  96   0   0
8 59470   2   1  97   0   0
2 58482   2   1  97   0   0
5 60711   2   1  96   0   0
5 59943   2   1  97   0   0
5 59779   3   1  96   0   0
7 60490   2   1  97   0   0
4 59934   2   1  96   0   0
7 59415   3   1  96   0   0
1 60406   2   1  97   0   0
1 60419   4   1  95   0   0
5 59615   2   1  96   0   0
9 60866   3   1  95   0   0
1 60104   3   1  95   0   0
8 59645   4   1  94   0   0
4 60812   4   2  95   0   0
9 60608   3   1  96   0   0
0 61323   3   2  96   0   0
5 60820   3   1  96   0   0
stem-- --------cpu--------
n   cs  us  sy  id  wa  st
2 59741   2   1  96   0   0
1 60519   2   1  97   0   0
8 59987   3   2  95   0   0
7 59850   3   1  96   0   0
2 60279   2   2  96   0   0
9 59965   2   1  96   0   0
3 58564   3   1  97   0   0
8 60461   3   1  96   0   0
7 60473   3   1  96   0   0
8 58919   2   1  97   0   0
9 59209   3   1  96   0   0
8 59413   2   1  96   0   0
8 58902   2   1  97   0   0
7 59676   2   1  96   0   0
9 58593   2   1  97   0   0
5 59342   2   1  97   0   0
2 59625   2   1  97   0   0
1 59129   2   1  97   0   0
4 58952   2   1  97   0   0
2 60087   2   1  97   0   0
9 58854   3   1  96   0   0
stem-- --------cpu--------
n   cs  us  sy  id  wa  st
7 59183   2   1  97   0   0
9 59314   3   1  96   0   0
4 58861   2   1  96   0   0
1 59782   2   1  96   0   0
1 59177   2   1  97   0   0
1 59930   2   1  96   0   0
9 60690   3   1  96   0   0
7 59230   2   2  96   0   0
8 60274   3   1  96   0   0
1 59714   3   2  96   0   0
5 60594   2   2  96   0   0
7 60572   2   1  97   0   0
6 61234   3   1  96   0   0
3 58814   3   1  96   0   0
5 58850   3   1  96   0   0
2 59996   3   2  95   0   0
9 58926   3   1  96   0   0
7 59487   3   1  95   0   0
6 58744   4   1  95   0   0
8 59170   2   1  96   0   0
3 60118   3   2  95   0   0
stem-- --------cpu--------
n   cs  us  sy  id  wa  st
8 58546   3   1  96   0   0
7 59025   3   1  96   0   0
4 59857   3   1  96   0   0
1 59428   3   2  96   0   0
5 58907   3   1  96   0   0
9 59867   3   2  95   0   0
7 58701   3   1  96   0   0
7 59171   2   1  97   0   0
8 59045   2   2  96   0   0
2 58400   2   1  97   0   0
2 58956   2   1  97   0   0
0 59333   2   1  97   0   0
6 57894   3   1  96   0   0
5 58539   2   1  96   0   0
5 59328   2   2  96   0   0
3 58803   2   1  97   0   0
6 58719   3   1  96   0   0
1 57783   2   1  97   0   0
6 58781   2   1  97   0   0
2 59016   2   1  96   0   0
3 57998   2   1  97   0   0
stem-- --------cpu--------
n   cs  us  sy  id  wa  st
8 58444   2   1  97   0   0
4 60091   3   2  96   0   0
7 58010   2   1  97   0   0
8 59319   2   1  97   0   0
7 59011   2   2  96   0   0
5 60440   2   1  97   0   0
6 59155   3   1  96   0   0
3 59436   2   2  96   0   0
9 59230   2   1  97   0   0
3 60527   2   2  96   0   0
4 58688   2   1  97   0   0
0 59308   2   1  97   0   0
8 59208   3   1  96   0   0
7 58986   3   1  96   0   0
3 59659   2   1  96   0   0
3 59623   3   1  96   0   0
4 58378   3   2  96   0   0
8 59084   3   1  96   0   0
5 59114   2   1  96   0   0
4 58738   2   1  96   0   0
6 58882   3   1  95   0   0
stem-- --------cpu--------
n   cs  us  sy  id  wa  st
3 59728   2   2  96   0   0
6 59127   3   1  96   0   0
5 59678   2   1  96   0   0
7 59461   2   1  97   0   0
5 58419   2   1  97   0   0
5 59548   2   1  96   0   0
8 59151   3   1  95   0   0
5 58953   3   1  96   0   0
8 59825   2   1  97   0   0
4 59102   3   1  96   0   0
2 59733   2   1  97   0   0
5 59539   2   1  96   0   0
9 58836   2   1  97   0   0
1 59721   2   2  96   0   0
0 58949   3   1  96   0   0
1 58959   2   2  97   0   0
0 59794   3   1  96   0   0
0 59960   2   1  97   0   0
5 59032   2   1  97   0   0
3 59132   2   1  97   0   0
9 59347   3   1  96   0   0
stem-- --------cpu--------
n   cs  us  sy  id  wa  st
8 59796   3   1  96   0   0
6 58928   2   1  96   0   0
7 59713   3   1  96   0   0
8 59944   2   1  96   0   0
2 60461   2   1  96   0   0
3 59024   2   1  97   0   0
2 60438   2   1  97   0   0
7 59758   3   1  96   0   0
1 59833   2   1  97   0   0
9 59557   2   1  97   0   0
5 60478   3   2  96   0   0
0 59951   3   1  96   0   0
3 59998   3   1  96   0   0
6 61319   2   1  96   0   0
0 59809   4   1  95   0   0
7 60459   3   1  96   0   0
8 60494   3   1  96   0   0
9 60127   3   1  96   0   0
4 60811   3   1  96   0   0
4 59932   2   1  96   0   0
1 60701   2   1  96   0   0
stem-- --------cpu--------
n   cs  us  sy  id  wa  st
3 59834   2   1  97   0   0
2 59474   3   1  96   0   0
2 61072   2   1  96   0   0
5 59929   3   1  96   0   0
7 59518   3   1  96   0   0
7 60398   3   1  96   0   0
0 60181   3   2  96   0   0
4 58743   2   2  96   0   0
3 59883   2   1  96   0   0
3 59022   2   1  96   0   0
0 60492   2   1  97   0   0
7 59393   2   1  96   0   0
6 58874   2   1  97   0   0
4 59261   2   1  97   0   0
4 59727   2   1  96   0   0
2 59012   2   1  97   0   0
0 58586   2   1  97   0   0
7 59878   2   1  97   0   0
4 58640   2   1  96   0   0
6 60236   2   1  96   0   0
4 59496   2   1  97   0   0
stem-- --------cpu--------
n   cs  us  sy  id  wa  st
8 58348   2   1  97   0   0
3 60305   3   1  96   0   0
7 59658   2   2  97   0   0
5 59803   3   1  96   0   0
2 59605   3   1  96   0   0
1 59184   2   1  96   0   0
8 60427   3   1  96   0   0
5 60600   3   1  96   0   0
7 59439   2   1  96   0   0
0 59905   2   1  96   0   0
3 60420   4   1  95   0   0
8 59807   3   1  96   0   0
3 60979   3   2  95   0   0
2 60629   3   1  96   0   0
5 60402   2   1  97   0   0
2 60303   2   1  97   0   0
4 60341   3   1  95   0   0
7 59803   3   1  95   0   0
8 60457   2   1  96   0   0
6 60042   3   1  96   0   0
8 60329   2   1  97   0   0
stem-- --------cpu--------
n   cs  us  sy  id  wa  st
6 60662   2   1  97   0   0
9 59582   2   1  96   0   0
6 59571   3   1  96   0   0
5 58690   2   1  97   0   0
6 58966   2   1  97   0   0
6 60206   3   1  96   0   0
3 59529   2   1  96   0   0
7 59046   2   1  97   0   0
9 60273   2   1  97   0   0
9 59836   3   1  96   0   0
6 59934   3   1  96   0   0
9 59903   2   1  96   0   0
6 59743   2   1  97   0   0
5 58295   2   1  97   0   0
9 60084   2   1  97   0   0
3 58785   2   1  97   0   0
7 60313   3   1  96   0   0
9 59849   2   1  97   0   0
9 59156   2   1  97   0   0
9 58290   2   1  96   0   0
5 59964   2   1  97   0   0
stem-- --------cpu--------
n   cs  us  sy  id  wa  st
0 58497   3   1  96   0   0
2 59382   2   1  97   0   0
6 59213   2   1  96   0   0
8 58980   3   1  96   0   0
3 58941   3   1  96   0   0
0 58412   3   1  96   0   0
5 58663   3   2  95   0   0
7 59081   3   1  96   0   0
4 59435   2   1  96   0   0
5 58077   3   1  96   0   0
3 58788   3   2  96   0   0
1 58717   3   2  95   0   0
2 59694   2   1  97   0   0
0 59222   2   1  97   0   0
7 59273   3   1  96   0   0
5 59258   3   2  95   0   0
2 59691   4   1  95   0   0
5 57841   2   1  96   0   0
7 59293   2   1  96   0   0
6 59801   3   1  96   0   0
2 58957   3   1  96   0   0
stem-- --------cpu--------
n   cs  us  sy  id  wa  st
5 59671   2   1  96   0   0
4 59896   3   1  96   0   0
4 58547   2   2  96   0   0
7 58931   2   1  96   0   0
4 58603   2   1  96   0   0
3 59328   2   1  97   0   0
7 59140   2   1  97   0   0
4 58661   2   1  97   0   0
5 57879   3   1  96   0   0
2 59188   2   1  96   0   0
9 58091   2   1  97   0   0
6 58514   2   2  97   0   0
1 59136   2   1  97   0   0
4 57956   2   1  97   0   0
4 59489   3   1  96   0   0
7 58657   2   1  97   0   0
8 57438   2   1  97   0   0
7 59299   3   1  96   0   0
8 58580   3   1  95   0   0
2 58664   2   1  96   0   0
1 58639   3   1  96   0   0
stem-- --------cpu--------
n   cs  us  sy  id  wa  st
4 58121   2   1  96   0   0
5 59653   2   1  96   0   0
1 58642   2   1  97   0   0
9 58405   3   1  96   0   0
3 59186   3   1  96   0   0
5 59128   3   1  96   0   0
8 58281   2   1  96   0   0
0 59789   3   2  96   0   0
1 58894   2   2  96   0   0
6 58433   3   1  96   0   0
4 59289   3   1  95   0   0
2 59470   2   2  96   0   0
6 57812   2   1  97   0   0
2 59152   2   1  97   0   0
3 58755   2   1  96   0   0
5 58078   2   1  96   0   0
1 59637   3   1  96   0   0
0 59531   3   1  96   0   0
9 59326   3   1  96   0   0
0 58529   2   1  97   0   0
0 58486   3   1  96   0   0
stem-- --------cpu--------
n   cs  us  sy  id  wa  st
0 59734   3   1  96   0   0
7 59183   3   1  96   0   0
4 59330   2   2  96   0   0
2 60123   3   2  95   0   0
3 59999   2   1  96   0   0
2 59179   2   1  97   0   0
5 60126   3   1  96   0   0
1 59572   2   1  97   0   0
8 59043   2   1  96   0   0
4 60353   2   1  96   0   0
5 58888   2   1  97   0   0
3 59677   3   1  96   0   0
5 59641   3   1  96   0   0
2 59577   2   1  96   0   0
3 59373   2   1  97   0   0
1 59419   3   1  96   0   0
0 59280   3   1  96   0   0
1 59554   3   1  96   0   0
9 60197   2   1  96   0   0
2 59416   3   1  96   0   0
6 60227   3   1  96   0   0
stem-- --------cpu--------
n   cs  us  sy  id  wa  st
2 60549   3   1  96   0   0
8 59054   2   1  97   0   0
2 59630   2   1  97   0   0
1 61209   3   1  96   0   0
8 59513   3   1  96   0   0
5 59001   3   1  96   0   0
8 60270   2   1  97   0   0
6 60705   3   1  96   0   0
6 59573   2   1  96   0   0
2 59346   2   1  96   0   0
1 60032   3   2  96   0   0
3 60291   2   1  97   0   0
2 59821   3   2  95   0   0
3 60441   3   2  95   0   0
5 60931   3   1  96   0   0
1 60694   4   2  95   0   0
1 61201   3   1  95   0   0
1 61861   3   1  96   0   0
2 60243   3   2  96   0   0
0 62305   3   1  96   0   0
4 61896   3   2  96   0   0
stem-- --------cpu--------
n   cs  us  sy  id  wa  st
6 62323   4   1  95   0   0
4 62460   3   2  96   0   0
1 63032   3   2  95   0   0
8 65592   3   2  95   0   0
6 64528   2   1  97   0   0
1 64311   3   1  96   0   0
3 66869   4   2  94   0   0
4 68314   4   2  95   0   0
8 71277   3   2  95   0   0
4 76715   3   2  95   0   0
57 82896   3   2  95   0   0
26 92990   2   2  95   0   0
59 389183   8  40  52   0   0
726 716728   2  46  51   0   0
353 723073   2  47  51   0   0
207 722537   2  47  51   0   0
125 720731   2  47  51   0   0
082 720188   2  47  51   0   0
1240 1198149   5   6  89   1   0
3479 1331442   3   3  93   1   0
4837 1349363   2   3  94   1   0
stem-- --------cpu--------
n   cs  us  sy  id  wa  st
2146 1341780   3   2  94   1   0
1301 1339452   3   2  94   1   0
3624 1343520   5   2  92   1   0
1293 1339602   2   2  95   1   0
9815 1336052   3   2  94   1   0
1894 1339643   4   2  93   1   0
8745 1333311   3   2  94   1   0
3835 1343119   4   2  93   1   0
9761 1355519   2   2  94   1   0
5398 1346416   4   2  93   1   0
3776 1343247   3   2  94   1   0
4687 1344422   3   2  93   1   0
5577 1346192   3   2  94   1   0
0281 1355318   3   3  93   1   0
7424 1349690   3   3  93   1   0
0495 1355317   4   3  93   1   0
4826 1364590   3   3  93   1   0
2690 1359851   3   3  94   1   0
0949 1357035   3   3  94   1   0
7616 1370256   3   3  94   1   0
4894 1363503   3   3  93   1   0
stem-- --------cpu--------
n   cs  us  sy  id  wa  st
2458 1359539   3   2  93   1   0
7781 1370473   3   2  94   1   0
5690 1366146   3   3  93   1   0
5446 1366140   2   2  95   1   0
3910 1362279   2   3  94   1   0
9335 1352689   4   3  92   1   0
9426 1373045   4   3  92   1   0
9268 1352584   3   3  94   1   0
2843 1360289   3   3  94   1   0
7264 1349725   4   2  93   1   0
6648 1367685   3   3  93   1   0
6228 1366071   2   3  94   1   0
4578 1363147   3   2  94   1   0
1551 1356893   3   2  94   1   0
8297 1370721   3   3  93   1   0
9391 1373085   3   3  93   1   0
7949 1370474   3   3  94   1   0
8011 1370019   3   3  94   1   0
9522 1372959   2   3  94   1   0
9398 1373449   3   3  93   1   0
9507 1372956   4   3  92   1   0
stem-- --------cpu--------
n   cs  us  sy  id  wa  st
9225 1372153   2   3  94   1   0
4368 1362828   4   3  92   1   0
1904 1357020   4   3  93   1   0
0402 1373735   4   3  93   1   0
5169 1363840   4   3  92   1   0
5737 1365066   4   3  93   1   0
7594 1368962   3   3  93   1   0
9647 1352419   3   2  93   1   0
7272 1348513   4   2  93   1   0
6270 1367216   2   3  95   1   0
9725 1354089   3   2  94   1   0
4660 1363087   4   2  93   1   0
4566 1362772   4   2  93   1   0
5858 1366798   2   3  95   1   0
9437 1354969   2   3  95   1   0
7967 1368909   3   3  93   1   0
2714 1359483   3   2  94   1   0
6360 1367672   4   2  93   1   0
6379 1366805   3   2  93   1   0
3822 1361886   3   2  94   1   0
4422 1361718   4   2  93   1   0
stem-- --------cpu--------
n   cs  us  sy  id  wa  st
8061 1367889   4   2  93   1   0
4692 1364352   3   3  93   1   0
8873 1352464   3   2  94   1   0
4802 799374   3   2  94   1   0
