stem-- --------cpu--------
n   cs  us  sy  id  wa  st
8  339   0   1  99   0   0
14 80847   6   3  90   0   0
0 77246   9   3  88   0   0
7 66951   8   3  89   0   0
6 61757   9   2  89   0   0
3 60989   7   2  91   0   0
2 58345   9   1  89   0   0
6 59000   8   2  90   0   0
7 58592   9   2  89   0   0
7 58514   9   2  90   0   0
0 56582   9   2  89   0   0
2 57032   9   2  90   0   0
1 56146   7   2  91   0   0
4 57207   8   1  90   0   0
0 57474   8   2  90   0   0
6 56095   7   2  92   0   0
9 57421   7   1  91   0   0
3 57035   8   1  90   0   0
4 57485   9   2  90   0   0
0 57815   7   2  91   0   0
stem-- --------cpu--------
n   cs  us  sy  id  wa  st
6 56862   7   1  91   0   0
4 58367  10   2  89   0   0
1 56708   7   2  91   0   0
0 58057   9   2  89   0   0
0 56745   7   2  91   0   0
0 58047   8   2  90   0   0
7 58060   7   2  91   0   0
8 57667   9   2  90   0   0
2 58681   8   2  90   0   0
0 58895   9   2  89   0   0
3 57195   7   2  92   0   0
0 58720   7   2  91   0   0
5 57052   9   2  89   0   0
0 59637   9   2  89   0   0
9 58740   8   2  90   0   0
7 57279   9   1  90   0   0
4 58818   6   2  92   0   0
2 58619   9   2  90   0   0
7 56812   9   2  90   0   0
7 59990   9   1  89   0   0
4 58771   9   2  89   0   0
stem-- --------cpu--------
n   cs  us  sy  id  wa  st
1 57542   9   2  89   0   0
6 59032   8   2  90   0   0
6 59028   9   2  89   0   0
5 57656   9   1  90   0   0
6 59073   9   1  90   0   0
2 58068  10   2  88   0   0
5 57511   8   2  91   0   0
3 59127   8   2  91   0   0
3 56758   9   1  89   0   0
1 58755   7   2  91   0   0
4 58831   9   1  89   0   0
3 57411   7   2  91   0   0
2 59497   7   2  91   0   0
7 58745   9   2  89   0   0
4 57958  10   1  89   0   0
6 59053   9   2  89   0   0
4 59334   8   2  90   0   0
4 56863   8   2  90   0   0
3 58538   7   2  92   0   0
3 58115   8   1  91   0   0
9 58509   9   2  89   0   0
stem-- --------cpu--------
n   cs  us  sy  id  wa  st
8 58673  10   1  89   0   0
5 57513   7   2  92   0   0
0 58675   8   2  91   0   0
8 58938   9   2  89   0   0
4 57036   8   2  91   0   0
5 58690   8   2  90   0   0
0 58353   9   2  89   0   0
6 57620  11   2  88   0   0
1 59027   8   2  90   0   0
0 59487   9   2  89   0   0
8 57274   7   2  91   0   0
4 58372   8   1  91   0   0
9 58847   9   2  90   0   0
1 56976   7   2  91   0   0
7 59542   9   2  89   0   0
1 58470   7   2  92   0   0
6 57255   9   2  90   0   0
6 59430   9   1  89   0   0
5 57199   9   1  90   0   0
6 59759   8   1  90   0   0
5 58489   8   2  90   0   0
stem-- --------cpu--------
n   cs  us  sy  id  wa  st
8 56655   8   1  90   0   0
2 59035   9   2  89   0   0
2 58738   8   2  90   0   0
1 57317   8   1  90   0   0
8 58954   9   2  89   0   0
3 59353   9   2  89   0   0
2 57505   7   2  91   0   0
0 58597   8   2  91   0   0
4 58160   9   2  90   0   0
5 57892   7   2  92   0   0
5 59072   8   2  90   0   0
2 57671   8   2  91   0   0
9 58804  10   2  89   0   0
9 59119   8   2  91   0   0
6 57965   8   1  91   0   0
1 58556   8   1  91   0   0
2 58671   9   1  90   0   0
0 56856   8   2  90   0   0
2 58725   9   2  89   0   0
1 58782   8   2  90   0   0
4 57296   9   2  89   0   0
stem-- --------cpu--------
n   cs  us  sy  id  wa  st
1 58373   7   2  91   0   0
3 58720   9   2  90   0   0
1 56553   8   1  90   0   0
8 58117  10   1  89   0   0
9 59340   9   2  89   0   0
6 57613   9   2  90   0   0
5 58236   8   2  90   0   0
7 56717   8   2  90   0   0
3 58746   8   2  90   0   0
1 59706   9   2  89   0   0
3 57317   9   2  89   0   0
1 59239   9   2  89   0   0
5 59771   8   2  90   0   0
1 57995   9   2  89   0   0
6 58947   6   2  92   0   0
8 58079   7   2  92   0   0
3 57864   9   1  89   0   0
9 58992   8   2  90   0   0
2 58850   9   1  89   0   0
6 57830   8   2  90   0   0
5 58067   7   2  91   0   0
stem-- --------cpu--------
n   cs  us  sy  id  wa  st
3 58874   9   2  89   0   0
2 57021   9   1  90   0   0
5 57977   8   1  91   0   0
7 57036  10   1  88   0   0
3 59240   8   1  91   0   0
6 58565   9   1  90   0   0
1 58439   9   2  90   0   0
0 58271   8   2  90   0   0
8 59186   9   2  90   0   0
6 56602   8   2  90   0   0
6 59492   7   2  91   0   0
1 58538   6   2  92   0   0
0 57952   9   2  89   0   0
2 58391   8   2  91   0   0
6 59572   8   1  91   0   0
4 57451   7   2  91   0   0
0 59295   8   1  90   0   0
8 57479   8   1  91   0   0
9 58616   7   2  91   0   0
0 58805   9   2  89   0   0
4 57786   8   2  91   0   0
stem-- --------cpu--------
n   cs  us  sy  id  wa  st
2 58050   9   1  89   0   0
3 58622   8   2  90   0   0
4 57267  10   1  89   0   0
7 58814   8   1  91   0   0
0 58908   9   2  89   0   0
5 57829  10   1  89   0   0
9 58933   9   1  89   0   0
7 59855   9   2  90   0   0
3 56553   8   2  91   0   0
7 58700   9   2  89   0   0
1 58700   9   1  90   0   0
7 58208   8   2  90   0   0
1 58375   9   2  89   0   0
4 57630   7   1  91   0   0
5 59389   9   2  90   0   0
9 59075   8   2  90   0   0
3 56992   9   2  89   0   0
7 59184   9   2  89   0   0
5 59058   9   2  89   0   0
3 58149   8   2  91   0   0
7 58882   9   1  90   0   0
stem-- --------cpu--------
n   cs  us  sy  id  wa  st
1 58101   9   2  90   0   0
8 56849   8   2  90   0   0
4 58674   9   2  89   0   0
2 58075   8   2  91   0   0
9 57734   7   2  91   0   0
6 58171   8   2  90   0   0
2 57780   9   2  89   0   0
9 58005   8   2  90   0   0
9 58813   9   2  90   0   0
3 57720   7   2  91   0   0
2 60393   7   2  91   0   0
0 58635   8   2  91   0   0
6 57649   7   2  91   0   0
2 59260   8   2  89   0   0
7 58725   8   2  90   0   0
4 58540   8   2  90   0   0
8 58613  10   2  89   0   0
1 59916   8   2  90   0   0
6 57691   7   1  91   0   0
6 58634   8   2  90   0   0
2 58679   7   2  91   0   0
stem-- --------cpu--------
n   cs  us  sy  id  wa  st
7 57698   8   2  90   0   0
1 58635   8   2  90   0   0
2 56833   8   1  91   0   0
2 59805   7   2  92   0   0
8 59108   6   2  92   0   0
0 57870   8   2  91   0   0
8 58579   6   1  93   0   0
4 58584   6   2  93   0   0
3 57735   5   2  93   0   0
6 59570   5   1  94   0   0
4 58698   5   1  94   0   0
1 57333   4   1  95   0   0
7 58658   4   1  95   0   0
0 58988   3   1  95   0   0
9 57091   4   1  95   0   0
9 58366   2   1  96   0   0
0 58062   3   1  96   0   0
4 58305   3   1  96   0   0
5 57942   3   1  96   0   0
1 57319   3   1  96   0   0
9 59142   3   1  96   0   0
stem-- --------cpu--------
n   cs  us  sy  id  wa  st
8 58103   2   1  97   0   0
6 57873   2   1  96   0   0
2 58860   2   1  97   0   0
1 59288   2   1  97   0   0
8 59170   2   1  97   0   0
4 59391   2   1  97   0   0
7 59731   2   1  97   0   0
8 59623   2   1  97   0   0
1 61405   2   2  97   0   0
4 60111   2   1  96   0   0
8 60502   3   1  96   0   0
3 60492   2   1  96   0   0
4 60775   2   1  96   0   0
9 60202   3   1  96   0   0
4 61476   2   1  97   0   0
1 60150   3   2  96   0   0
5 61857   3   1  95   0   0
0 61062   3   1  96   0   0
0 60564   3   2  95   0   0
4 61160   3   1  95   0   0
3 61177   2   1  96   0   0
stem-- --------cpu--------
n   cs  us  sy  id  wa  st
4 59469   2   1  96   0   0
2 60471   3   1  95   0   0
8 60842   3   1  96   0   0
1 59833   3   1  96   0   0
1 59681   3   1  96   0   0
2 60265   2   1  97   0   0
4 58731   2   1  96   0   0
0 59627   2   1  97   0   0
7 58419   2   1  97   0   0
2 58917   2   1  97   0   0
2 58962   2   1  97   0   0
0 58172   2   1  97   0   0
5 58733   2   1  97   0   0
7 58723   2   1  96   0   0
5 57568   2   1  97   0   0
5 59083   2   1  96   0   0
8 58078   2   1  96   0   0
5 57762   2   1  97   0   0
0 58039   2   1  97   0   0
4 58899   2   1  97   0   0
1 57552   3   1  96   0   0
stem-- --------cpu--------
n   cs  us  sy  id  wa  st
9 59067   2   1  97   0   0
0 58860   2   1  97   0   0
0 58094   2   1  97   0   0
2 57781   2   1  97   0   0
1 57432   2   1  97   0   0
9 58772   2   1  97   0   0
9 59921   2   1  97   0   0
8 57965   2   1  97   0   0
6 59477   2   1  96   0   0
0 59520   2   1  97   0   0
5 60350   2   1  97   0   0
0 59467   2   1  96   0   0
6 60403   2   1  96   0   0
1 59921   2   1  97   0   0
2 61277   2   1  97   0   0
5 60805   2   1  96   0   0
0 59693   2   1  97   0   0
6 61182   3   1  96   0   0
4 60858   2   1  96   0   0
7 60804   3   1  95   0   0
2 60909   3   1  96   0   0
stem-- --------cpu--------
n   cs  us  sy  id  wa  st
1 59172   2   1  97   0   0
1 61227   2   2  96   0   0
0 60901   3   1  96   0   0
5 60249   3   1  95   0   0
1 60189   2   1  97   0   0
8 61248   2   1  96   0   0
8 60129   3   1  96   0   0
2 60142   2   1  97   0   0
0 60474   2   1  96   0   0
1 59977   2   1  97   0   0
7 59741   3   2  96   0   0
0 60270   2   1  97   0   0
9 58991   1   1  98   0   0
5 59236   2   1  97   0   0
6 58233   2   1  97   0   0
2 59555   2   1  97   0   0
1 58469   2   1  97   0   0
4 58728   2   1  97   0   0
5 57570   2   1  97   0   0
7 59283   2   1  97   0   0
0 57578   2   1  97   0   0
stem-- --------cpu--------
n   cs  us  sy  id  wa  st
5 58722   2   1  97   0   0
9 57967   2   1  97   0   0
1 57307   2   1  97   0   0
1 59372   2   1  96   0   0
4 58675   3   1  96   0   0
7 57794   2   1  97   0   0
4 58429   2   1  96   0   0
1 57393   2   1  96   0   0
1 58410   2   1  97   0   0
2 58509   2   1  97   0   0
6 57257   2   1  97   0   0
9 59394   2   1  97   0   0
4 59217   2   1  97   0   0
9 59036   1   1  98   0   0
5 59523   2   1  97   0   0
0 60299   2   1  97   0   0
5 59690   2   1  97   0   0
2 60218   3   1  96   0   0
0 60513   3   1  96   0   0
4 60300   3   1  96   0   0
5 60644   2   1  96   0   0
stem-- --------cpu--------
n   cs  us  sy  id  wa  st
3 60930   2   1  96   0   0
1 60452   2   2  96   0   0
5 60923   2   1  97   0   0
4 60742   2   2  96   0   0
2 60546   2   1  96   0   0
2 61093   2   1  96   0   0
3 60358   2   2  96   0   0
1 61690   2   1  97   0   0
6 60460   2   1  96   0   0
4 59161   3   1  96   0   0
8 59414   2   1  97   0   0
7 59685   2   1  97   0   0
9 57725   2   1  97   0   0
6 59281   2   1  97   0   0
0 59217   2   1  97   0   0
6 58381   2   1  97   0   0
8 58828   3   1  96   0   0
0 58174   2   2  96   0   0
4 57221   2   1  97   0   0
2 58670   2   1  97   0   0
1 57050   2   1  97   0   0
stem-- --------cpu--------
n   cs  us  sy  id  wa  st
6 57672   2   1  97   0   0
5 57990   2   1  97   0   0
4 57286   2   1  97   0   0
5 57552   2   1  97   0   0
6 57931   2   1  97   0   0
8 57207   2   1  97   0   0
7 57995   2   1  97   0   0
1 57828   2   1  97   0   0
8 56214   2   1  96   0   0
4 58329   2   1  97   0   0
2 58433   2   1  97   0   0
5 56949   2   1  97   0   0
9 58086   3   1  96   0   0
0 57574   2   1  97   0   0
1 58789   2   1  97   0   0
3 57669   2   1  96   0   0
9 57633   2   1  97   0   0
0 58339   2   1  97   0   0
5 58620   2   1  97   0   0
4 57634   2   1  97   0   0
2 58629   2   1  97   0   0
stem-- --------cpu--------
n   cs  us  sy  id  wa  st
3 59032   2   1  97   0   0
1 59414   2   1  97   0   0
8 58112   2   1  96   0   0
5 59482   2   1  96   0   0
9 59530   2   1  97   0   0
0 58900   2   1  96   0   0
0 59861   2   1  96   0   0
9 58814   2   1  96   0   0
5 60026   2   2  96   0   0
4 59531   2   1  96   0   0
2 59662   2   1  97   0   0
5 60456   2   1  96   0   0
4 59338   2   1  97   0   0
1 59475   2   1  97   0   0
4 59321   2   2  96   0   0
4 60315   2   2  96   0   0
1 59855   2   1  97   0   0
9 60172   2   2  96   0   0
6 58489   2   1  97   0   0
5 59685   2   1  96   0   0
9 59683   2   1  97   0   0
stem-- --------cpu--------
n   cs  us  sy  id  wa  st
0 58892   3   1  96   0   0
3 59638   2   1  96   0   0
5 58850   2   1  97   0   0
7 59477   2   1  97   0   0
3 60608   2   1  96   0   0
8 58478   2   1  97   0   0
8 58859   2   1  97   0   0
2 58674   2   1  97   0   0
2 58311   2   1  97   0   0
7 58622   2   1  97   0   0
4 58564   2   1  97   0   0
9 57637   2   1  97   0   0
1 58328   2   1  97   0   0
7 58017   2   1  97   0   0
6 58372   2   1  97   0   0
1 57913   1   1  97   0   0
0 58476   2   1  97   0   0
3 57634   2   1  97   0   0
4 57900   2   1  97   0   0
1 58214   2   1  97   0   0
1 58929   3   1  96   0   0
stem-- --------cpu--------
n   cs  us  sy  id  wa  st
9 58479   2   1  96   0   0
7 57804   2   1  97   0   0
1 58783   2   2  96   0   0
7 59300   2   1  96   0   0
6 58100   3   1  96   0   0
2 59352   2   1  97   0   0
9 60424   2   1  97   0   0
1 59244   2   1  97   0   0
2 60178   2   1  96   0   0
7 59713   2   1  97   0   0
1 60507   2   2  96   0   0
1 60418   2   1  96   0   0
8 60968   3   2  96   0   0
1 60047   2   1  97   0   0
5 61155   2   1  97   0   0
8 60412   3   1  96   0   0
2 60378   3   1  95   0   0
6 60882   2   1  97   0   0
9 59723   3   1  96   0   0
5 61504   3   1  96   0   0
7 60650   2   1  97   0   0
stem-- --------cpu--------
n   cs  us  sy  id  wa  st
4 60056   3   1  96   0   0
0 60526   2   1  97   0   0
8 61372   2   1  96   0   0
1 60360   2   1  97   0   0
4 60414   2   1  96   0   0
5 60426   2   1  96   0   0
2 59071   2   1  97   0   0
1 59986   2   1  97   0   0
9 57960   1   1  98   0   0
6 58403   2   1  96   0   0
4 59076   2   1  97   0   0
2 57265   2   1  97   0   0
6 59192   2   1  97   0   0
7 58643   2   1  97   0   0
8 57699   2   1  97   0   0
9 58485   1   1  97   0   0
3 57867   2   1  97   0   0
7 57363   2   1  97   0   0
8 59346   2   1  97   0   0
0 57632   2   1  97   0   0
5 57711   2   1  97   0   0
stem-- --------cpu--------
n   cs  us  sy  id  wa  st
7 59014   2   1  97   0   0
8 59653   2   1  97   0   0
8 57485   3   1  96   0   0
1 58185   2   1  96   0   0
3 57017   3   1  96   0   0
5 58784   2   1  97   0   0
7 58499   2   1  97   0   0
7 57880   3   1  96   0   0
4 59087   2   1  97   0   0
8 59629   2   1  96   0   0
5 58989   2   1  97   0   0
0 60215   2   1  97   0   0
4 59828   2   1  96   0   0
4 60268   1   1  98   0   0
0 60205   2   1  97   0   0
3 60346   2   1  96   0   0
7 60389   2   1  97   0   0
3 61226   2   2  96   0   0
4 60295   3   1  96   0   0
1 61102   2   1  96   0   0
4 61119   2   2  96   0   0
stem-- --------cpu--------
n   cs  us  sy  id  wa  st
0 59914   3   2  96   0   0
9 60409   3   1  95   0   0
4 61966   3   1  96   0   0
6 60401   2   1  96   0   0
1 61339   3   1  96   0   0
8 60631   2   1  96   0   0
7 59800   3   1  96   0   0
4 61268   2   2  96   0   0
8 60862   3   1  96   0   0
2 59511   2   1  96   0   0
7 59662   2   1  97   0   0
8 60372   2   1  97   0   0
6 59367   2   1  97   0   0
8 59284   2   1  97   0   0
7 58712   2   1  97   0   0
4 58738   2   1  97   0   0
9 59100   2   1  97   0   0
3 57943   1   1  98   0   0
6 58732   2   1  97   0   0
7 57273   2   1  97   0   0
1 56928   2   1  97   0   0
stem-- --------cpu--------
n   cs  us  sy  id  wa  st
5 56997   2   1  97   0   0
2 57351   2   1  97   0   0
2 56639   2   1  97   0   0
5 57481   2   1  97   0   0
2 57129   2   1  97   0   0
6 56237   2   1  97   0   0
6 57092   2   1  97   0   0
8 56950   2   1  97   0   0
4 56853   2   1  97   0   0
1 57206   2   1  97   0   0
0 56613   2   1  97   0   0
1 58277   2   1  97   0   0
0 57489   2   1  97   0   0
0 56820   2   1  97   0   0
7 57951   2   1  97   0   0
2 58546   1   1  97   0   0
1 57492   1   1  97   0   0
4 59533   2   1  97   0   0
9 60004   2   1  96   0   0
6 60012   2   1  96   0   0
5 59810   3   2  96   0   0
stem-- --------cpu--------
n   cs  us  sy  id  wa  st
5 59166   2   2  96   0   0
8 59309   3   1  96   0   0
2 59962   2   1  96   0   0
6 58495   2   1  97   0   0
1 60976   3   2  95   0   0
9 59778   2   1  96   0   0
5 58930   3   2  96   0   0
0 60358   2   1  96   0   0
2 60137   2   2  96   0   0
8 60072   2   1  97   0   0
8 59635   3   1  96   0   0
5 59807   3   2  95   0   0
3 58866   2   1  97   0   0
5 59363   2   1  96   0   0
4 61075   2   1  96   0   0
9 59026   3   1  96   0   0
2 59016   2   1  97   0   0
4 58682   2   1  97   0   0
2 58819   2   1  97   0   0
1 58490   2   2  96   0   0
3 58021   2   1  97   0   0
stem-- --------cpu--------
n   cs  us  sy  id  wa  st
7 58150   2   2  96   0   0
8 57838   2   1  97   0   0
0 57010   2   1  97   0   0
3 57776   2   1  97   0   0
1 57235   2   1  97   0   0
3 56643   2   1  97   0   0
8 57458   2   1  98   0   0
5 56817   2   1  97   0   0
4 56289   2   1  97   0   0
3 57165   2   1  97   0   0
2 56653   2   1  96   0   0
9 56046   2   1  97   0   0
6 57194   2   1  97   0   0
4 56819   2   1  97   0   0
2 56250   2   1  97   0   0
3 57429   2   1  97   0   0
3 56537   2   1  97   0   0
1 58197   2   1  97   0   0
1 57918   2   1  97   0   0
2 57418   2   1  97   0   0
9 59647   2   1  97   0   0
stem-- --------cpu--------
n   cs  us  sy  id  wa  st
1 58975   2   1  97   0   0
8 58881   2   1  96   0   0
6 58862   2   1  97   0   0
9 60855   2   1  97   0   0
4 59908   2   1  96   0   0
1 60103   2   1  97   0   0
1 60808   3   1  96   0   0
8 59928   2   1  97   0   0
7 60678   3   1  96   0   0
3 60308   2   1  97   0   0
5 60804   3   1  95   0   0
4 60959   3   2  96   0   0
1 60770   3   2  96   0   0
0 60441   2   1  97   0   0
3 60207   2   1  96   0   0
3 61016   3   1  96   0   0
6 61089   3   2  96   0   0
7 60691   2   2  96   0   0
7 59193   1   1  98   0   0
9 60855   3   1  96   0   0
1 60650   2   1  96   0   0
stem-- --------cpu--------
n   cs  us  sy  id  wa  st
6 59706   2   1  97   0   0
5 59972   2   1  97   0   0
1 59506   2   1  96   0   0
8 59849   2   1  97   0   0
6 59136   2   1  97   0   0
5 58854   2   1  96   0   0
9 59592   2   1  97   0   0
4 58882   2   1  97   0   0
2 58691   2   1  97   0   0
0 58881   2   1  97   0   0
5 58483   2   1  97   0   0
4 58151   2   1  97   0   0
3 58545   2   1  97   0   0
5 57975   2   1  97   0   0
8 58052   3   1  96   0   0
9 58655   2   1  97   0   0
2 58479   2   1  96   0   0
5 57802   2   1  97   0   0
8 58124   2   1  96   0   0
4 58057   2   1  97   0   0
5 57645   2   1  97   0   0
stem-- --------cpu--------
n   cs  us  sy  id  wa  st
9 58462   2   1  97   0   0
2 56619   2   1  97   0   0
0 57226   2   1  97   0   0
8 57985   2   1  96   0   0
7 57784   2   1  97   0   0
2 58919   2   1  97   0   0
0 59206   2   1  97   0   0
8 58682   2   1  97   0   0
2 59463   2   1  97   0   0
3 61059   3   2  96   0   0
7 59278   2   1  97   0   0
1 60248   2   1  96   0   0
8 60257   3   2  96   0   0
1 59984   2   1  96   0   0
7 60338   2   1  96   0   0
3 59844   3   1  96   0   0
0 60591   2   1  96   0   0
2 60992   2   1  96   0   0
1 60051   2   1  96   0   0
9 60960   1   1  97   0   0
5 60004   2   1  97   0   0
stem-- --------cpu--------
n   cs  us  sy  id  wa  st
5 59582   2   2  96   0   0
3 60851   2   2  96   0   0
7 60885   2   1  97   0   0
8 60334   2   1  97   0   0
3 60306   2   1  96   0   0
5 60530   3   1  96   0   0
0 58890   2   1  97   0   0
7 60248   2   1  97   0   0
4 59414   2   1  96   0   0
2 60249   3   1  96   0   0
1 58933   2   1  97   0   0
6 58755   2   1  96   0   0
0 60623   2   1  97   0   0
8 58933   2   1  96   0   0
5 57820   2   1  97   0   0
4 59215   2   1  96   0   0
9 58770   2   1  97   0   0
1 58220   2   1  97   0   0
9 58821   2   1  97   0   0
3 57965   2   1  97   0   0
5 58133   2   1  97   0   0
stem-- --------cpu--------
n   cs  us  sy  id  wa  st
2 58568   2   1  97   0   0
6 58211   2   1  97   0   0
8 57236   2   1  97   0   0
8 58446   2   1  97   0   0
5 57908   2   1  97   0   0
5 58381   2   1  97   0   0
4 57251   2   1  97   0   0
6 56446   2   1  96   0   0
8 57743   2   1  97   0   0
5 57851   2   1  96   0   0
2 57514   2   1  97   0   0
6 58027   2   1  97   0   0
3 58141   2   2  96   0   0
0 58176   2   1  97   0   0
2 58465   2   1  96   0   0
1 59325   2   1  96   0   0
6 58723   2   1  97   0   0
2 58887   2   1  97   0   0
9 58972   3   1  96   0   0
8 58989   2   2  96   0   0
9 59349   3   2  96   0   0
stem-- --------cpu--------
n   cs  us  sy  id  wa  st
9 58990   2   1  96   0   0
3 59430   1   1  97   0   0
0 60338   3   2  96   0   0
7 59031   2   1  96   0   0
6 60204   3   2  95   0   0
0 60234   2   2  97   0   0
7 59128   2   1  97   0   0
3 60838   2   2  97   0   0
3 60509   2   1  96   0   0
0 59903   2   2  96   0   0
6 60723   3   1  96   0   0
0 61648   3   1  96   0   0
8 60929   2   2  96   0   0
9 62445   2   2  96   0   0
2 61055   3   1  96   0   0
2 63259   2   1  96   0   0
1 63685   2   1  97   0   0
7 63397   2   2  96   0   0
1 65122   2   2  96   0   0
1 66314   2   2  96   0   0
0 66310   2   1  97   0   0
stem-- --------cpu--------
n   cs  us  sy  id  wa  st
7 69741   3   2  96   0   0
8 74557   2   2  97   0   0
46 88000   1   2  97   0   0
301 642163   3  44  52   0   0
697 708786   2  46  52   0   0
453 703691   2  45  53   0   0
601 705105   2  45  53   0   0
908 728560   2  47  51   0   0
143 659371   3  32  64   0   0
385 479191   4   5  90   0   0
288 307288  10   4  86   0   0
498 123469  23   2  75   0   0
250 46454  27   1  72   0   0
353 45037  27   1  72   0   0
554 33204  28   1  71   0   0
060 20238  28   1  72   0   0
310 20563  28   1  72   0   0
314 20345  27   1  72   0   0
254 19790  28   1  71   0   0
962 19127  27   1  72   0   0
061 19089  27   1  72   0   0
stem-- --------cpu--------
n   cs  us  sy  id  wa  st
958 18941  27   1  72   0   0
440 19073  28   1  72   0   0
034 18759  28   1  72   0   0
995 19136  28   1  72   0   0
891 18086  28   1  71   0   0
657 18523  27   1  72   0   0
095 18268  28   1  72   0   0
808 17784  28   1  72   0   0
771 17876  28   1  72   0   0
942 18259  28   1  72   0   0
37 3075   1   1  97   0   0
