NUM_CORES_PER_SLOT=24
NUMA_NODE_NUM=2
HYPER_THREADING_FACTOR=2
Running in big-hash-table mode.

Using 1 disks.
g_flush_blocksize=1048576, g_log_buffer_size=52428800
Init parallelism 96
Stats initialized
Global manager initialized
reading schema file: ./benchmarks/TPCC_full_schema.txt
0 0x7f8b9bf8e040 50000000 1
0 0x55e6c1dd96c0 500 1
0 0x55e6c1ddc680 5000 1
0 0x7f8b8683b040 15000000 1
0 0x7f8b710e8040 15000000 1
0 0x7f8b2987f040 50000000 1
TPCC schema initialized
TPCC Data Initialization Complete!
workload initialized!
Init time 840.977
Log Read Size: 419430400
Log buffer size 52428800
log file:		./logs/SD_log0_TPCC_0.500000_S.data
./logs/SD_log0_TPCC_0.500000_S.data
mem_allocator initialized!
Query Queue Init Time 0.941378
query_queue initialized!
Setting logger 0 to CPU node 0
PSN Flush Frequency: 1000
sim_done = 1
sim_done = 2
sim_done = 3
sim_done = 4
sim_done = 6
sim_done = 6
Destructor 0. flush size=50249728 (2058354688 to 2108604416)
PASS! SimTime = 8.05776e+09
=Worker Thread=
    Throughput:                   110292
    MaxThr:                       110292
    PerThdThr:                    113078
    run_time:                     47.1532 (7.86022,7.86023,7.85621,7.86023,7.85617,7.86019,0,)
    log_bytes:                    2.1086 (0,0,0,0,0,0,2.1086,)
    log_dep_size:                 0 (0,0,0,0,0,0,0,)
    log_total_size:               2.07769 (0.347517,0.347524,0.347445,0.347669,0.350377,0.337154,0,)
    latency:                      374646 (62573.9,62527.3,62530,62745.3,63200.1,61069.9,0,)

    num_commits:                  888668 (148535,148486,148551,148779,150000,144317,0,)
    num_async_commits:            866913 (144943,144827,144838,145245,146336,140724,0,)
    num_aborts:                   29774 (5533,6675,5916,6558,2548,2544,0,)
    num_aborts_logging:           0 (0,0,0,0,0,0,0,)
    num_log_records:              888668 (148535,148486,148551,148779,150000,144317,0,)
    log_data:                     2.07769e+09 (347516527,347524472,347445153,347669121,350377098,337153621,0,)
    num_latency_count:            866913 (144943,144827,144838,145245,146336,140724,0,)
    num_raw_edges:                0 (0,0,0,0,0,0,0,)
    num_waw_edges:                0 (0,0,0,0,0,0,0,)
    num_war_edges:                0 (0,0,0,0,0,0,0,)
    int_num_log:                  0 (0,0,0,0,0,0,0,)
    int_debug_get_next:           0 (0,0,0,0,0,0,0,)
    int_debug1:                   0 (0,0,0,0,0,0,0,)
    int_debug2:                   2.02891e+09 (0,0,0,0,0,0,2028912640,)
    int_debug3:                   1964 (0,0,0,0,0,0,1964,)
    int_debug4:                   0 (0,0,0,0,0,0,0,)
    int_debug5:                   0 (0,0,0,0,0,0,0,)
    int_debug6:                   0 (0,0,0,0,0,0,0,)
    int_debug7:                   0 (0,0,0,0,0,0,0,)
    int_debug8:                   0 (0,0,0,0,0,0,0,)
    int_debug9:                   0 (0,0,0,0,0,0,0,)
    int_debug10:                  0 (0,0,0,0,0,0,0,)
    int_psnflush:                 0 (0,0,0,0,0,0,0,)
    int_flush_time_interval:      0 (0,0,0,0,0,0,0,)
    int_flush_half_full:          1963 (0,0,0,0,0,0,1963,)
    int_rec_fail_to_insert:       0 (0,0,0,0,0,0,0,)
    int_num_get_row:              0 (0,0,0,0,0,0,0,)
    int_locktable_volume:         0 (0,0,0,0,0,0,0,)
    int_aux_bytes:                0 (0,0,0,0,0,0,0,)
    int_nonzero:                  0 (0,0,0,0,0,0,0,)
    num_log_entries:              888668 (148535,148486,148551,148779,150000,144317,0,)
    time_ts_alloc:                0 -nan -nan% 0 (0,0,0,0,0,0,0,)
    time_man:                     43.7443 7.29071 204.095% 49224.6 (7.28549,7.29275,7.29154,7.29222,7.28781,7.29448,0,)
    time_cleanup:                 41.8705 6.97842 195.353% 47116 (6.97714,6.98027,6.97201,6.98098,6.97381,6.9863,0,)
    time_txn:                     0 -nan -nan% 0 (0,0,0,0,0,0,0,)
    time_index:                   0.296098 0.0493497 1.38149% 333.193 (0.0509019,0.0490076,0.049313,0.0507111,0.0491317,0.047033,0,)
    time_log:                     39.8605 6.64342 185.975% 44854.2 (6.6438,6.64034,6.61698,6.64599,6.65535,6.65808,0,)
    time_io:                      8.00091 8.00091 223.976% 9003.26 (0,0,0,0,0,0,8.00091,)
    time_wait_io:                 0 -nan -nan% 0 (0,0,0,0,0,0,0,)
    time_phase1_add_graph:        0 -nan -nan% 0 (0,0,0,0,0,0,0,)
    time_recover_txn:             0 -nan -nan% 0 (0,0,0,0,0,0,0,)
    time_lv_overhead:             0 -nan -nan% 0 (0,0,0,0,0,0,0,)
    time_state_malloc:            0 -nan -nan% 0 (0,0,0,0,0,0,0,)
    time_phase1_1:                0.411748 0.0686246 1.92107% 463.331 (0.0708325,0.0692227,0.0676025,0.0683484,0.0668272,0.0689143,0,)
    time_phase1_2:                0.732703 0.122117 3.41853% 824.496 (0.118906,0.12132,0.120339,0.121329,0.131146,0.119663,0,)
    time_phase2:                  0.796128 0.132688 3.71445% 895.867 (0.131942,0.130203,0.133434,0.130432,0.142452,0.127665,0,)
    time_phase3:                  0.995594 0.165932 4.64508% 1120.32 (0.166229,0.165683,0.166373,0.16646,0.163887,0.166961,0,)
    time_phase1_1_raw:            1.27376 0.212294 5.94292% 1433.34 (0.209984,0.215267,0.220637,0.214549,0.20191,0.211415,0,)
    time_phase1_2_raw:            0.0903964 0.0150661 0.421757% 101.721 (0.0151905,0.0154465,0.0152507,0.0154198,0.01463,0.014459,0,)
    time_phase2_raw:              0.0467652 0.0077942 0.218189% 52.6239 (0.00801265,0.00778378,0.00778414,0.0078589,0.00749364,0.00783208,0,)
    time_phase3_raw:              0 -nan -nan% 0 (0,0,0,0,0,0,0,)
    time_recover_full:            0 -nan -nan% 0 (0,0,0,0,0,0,0,)
    time_recover1:                0 -nan -nan% 0 (0,0,0,0,0,0,0,)
    time_recover2:                0 -nan -nan% 0 (0,0,0,0,0,0,0,)
    time_recover3:                0 -nan -nan% 0 (0,0,0,0,0,0,0,)
    time_recover4:                0 -nan -nan% 0 (0,0,0,0,0,0,0,)
    time_recover5:                0 -nan -nan% 0 (0,0,0,0,0,0,0,)
    time_recover6:                0 -nan -nan% 0 (0,0,0,0,0,0,0,)
    time_recover7:                0 -nan -nan% 0 (0,0,0,0,0,0,0,)
    time_recover8:                0 -nan -nan% 0 (0,0,0,0,0,0,0,)
    time_debug_get_next:          0 -nan -nan% 0 (0,0,0,0,0,0,0,)
    time_debug0:                  0 -nan -nan% 0 (0,0,0,0,0,0,0,)
    time_debug1:                  0 -nan -nan% 0 (0,0,0,0,0,0,0,)
    time_debug2:                  0 -nan -nan% 0 (0,0,0,0,0,0,0,)
    time_debug3:                  0 -nan -nan% 0 (0,0,0,0,0,0,0,)
    time_debug4:                  0 -nan -nan% 0 (0,0,0,0,0,0,0,)
    time_debug5:                  0.0214612 0.00357687 0.10013% 24.1498 (0.00356317,0.0037117,0.00355299,0.00360026,0.00351914,0.00351394,0,)
    time_debug6:                  0 -nan -nan% 0 (0,0,0,0,0,0,0,)
    time_debug7:                  0 -nan -nan% 0 (0,0,0,0,0,0,0,)
    time_debug8:                  0 -nan -nan% 0 (0,0,0,0,0,0,0,)
    time_debug9:                  0 -nan -nan% 0 (0,0,0,0,0,0,0,)
    time_debug10:                 0 -nan -nan% 0 (0,0,0,0,0,0,0,)
    time_debug11:                 8.73369 1.45562 40.7483% 9827.85 (1.55255,1.41693,1.48885,1.45795,1.33409,1.48332,0,)
    time_debug12:                 38.385 6.39751 179.091% 43193.9 (6.30185,6.43731,6.36146,6.39627,6.51653,6.37162,0,)
    time_debug13:                 0 -nan -nan% 0 (0,0,0,0,0,0,0,)
    time_debug14:                 0 -nan -nan% 0 (0,0,0,0,0,0,0,)
    time_debug15:                 41.7 6.95 194.557% 46924.1 (6.94901,6.95126,6.9434,6.95247,6.94533,6.9585,0,)
    time_rec_loop_tryRead:        0 -nan -nan% 0 (0,0,0,0,0,0,0,)
    time_rec_finding_empty_slot:  0 -nan -nan% 0 (0,0,0,0,0,0,0,)
    time_silo_validate1:          0.427366 0.0712277 1.99394% 480.906 (0.0764761,0.0716076,0.070852,0.0715638,0.0687951,0.0680714,0,)
    time_silo_validate2:          0.038398 0.00639966 0.179151% 43.2085 (0.00643054,0.00635329,0.00646104,0.00648015,0.00641716,0.0062558,0,)
    time_silo_validate3:          0.421203 0.0702005 1.96518% 473.971 (0.0682991,0.0710319,0.0704294,0.0709998,0.0684224,0.0720201,0,)
    time_silo_validate4:          0.00738277 0.00123046 0.0344454% 8.30768 (0.00210309,0.00105304,0.00104406,0.00105138,0.00107871,0.0010525,0,)
    time_silo_validate5:          0.980883 0.16348 4.57644% 1103.77 (0.166483,0.168854,0.18212,0.163541,0.148596,0.151288,0,)
    time_silo_validate6:          0.000983275 0.000163879 0.0045876% 1.10646 (0.000182916,0.000224309,0.000196021,0.000217892,7.45564e-05,8.758e-05,0,)
    time_silo_validate7:          0 -nan -nan% 0 (0,0,0,0,0,0,0,)
    time_silo_validate8:          39.9446 6.65743 186.367% 44948.8 (6.65747,6.6543,6.63189,6.65973,6.66927,6.67192,0,)
    time_silo_validate9:          40.7181 6.78635 189.976% 45819.3 (6.78235,6.78218,6.76109,6.78871,6.79666,6.80712,0,)
    time_locktable_get:           0.116208 0.0193679 0.542182% 130.766 (0.0223788,0.0196035,0.0249972,0.0205276,0.0144486,0.0142519,0,)
    time_locktable_get_validation:0 -nan -nan% 0 (0,0,0,0,0,0,0,)
    time_locktable_release:       0 -nan -nan% 0 (0,0,0,0,0,0,0,)
    time_get_row_before:          0.403319 0.0672199 1.88174% 453.847 (0.0661734,0.0655025,0.0671131,0.0656676,0.071274,0.067589,0,)
    time_get_row_after:           1.43832 0.239719 6.71066% 1618.51 (0.233872,0.241684,0.241592,0.239361,0.241949,0.239858,0,)
    time_log_create:              0.0987011 0.0164502 0.460504% 111.066 (0.0160892,0.0164049,0.0173325,0.0161989,0.0164049,0.0162706,0,)
    time_log_serialLogTxn:        0 -nan -nan% 0 (0,0,0,0,0,0,0,)
    time_cleanup_1:               0.00661864 0.00110311 0.0308802% 7.44782 (0.00110376,0.00111802,0.00110861,0.00111531,0.00109347,0.00107946,0,)
    time_cleanup_2:               0.0373527 0.00622545 0.174274% 42.0323 (0.00614356,0.00627246,0.00649305,0.0063326,0.00603672,0.00607432,0,)
    time_insideSLT1:              0.248528 0.0414214 1.15954% 279.664 (0.0412294,0.040475,0.043134,0.0408591,0.0414198,0.0414111,0,)
    time_insideSLT2:              0.308482 0.0514136 1.43926% 347.128 (0.0513444,0.0506557,0.0530725,0.0509166,0.0516181,0.0508742,0,)
    time_STLother:                0 -nan -nan% 0 (0,0,0,0,0,0,0,)
    time_logging_thread:          8.05738 8.05738 225.557% 9066.81 (0,0,0,0,0,0,8.05738,)
    int_serialLogFail:            0 (0,0,0,0,0,0,0,)
Projected Disk Bandwidth Utilized - avg 2.63546e+08 real 2.63546e+08
Total time measured 849.466
Total wall time observed 851.545
Estimated CPU_FREQ is 2.19463
