NUM_CORES_PER_SLOT=24
NUMA_NODE_NUM=2
HYPER_THREADING_FACTOR=2
Running in big-hash-table mode.

Using 1 disks.
g_flush_blocksize=1048576, g_log_buffer_size=52428800
Init parallelism 96
Stats initialized
Global manager initialized
reading schema file: ./benchmarks/TPCC_full_schema.txt
0 0x7f6790ff6040 50000000 1
0 0x55906017e6c0 500 1
0 0x559060181680 5000 1
0 0x7f677b8a3040 15000000 1
0 0x7f6766150040 15000000 1
0 0x7f671e8e7040 50000000 1
TPCC schema initialized
TPCC Data Initialization Complete!
workload initialized!
Init time 942.167
Log Read Size: 419430400
Log buffer size 52428800
log file:		/mnt/pmem0/logs/SD_log0_TPCC_0.500000_S.data
/mnt/pmem0/logs/SD_log0_TPCC_0.500000_S.data
mem_allocator initialized!
Query Queue Init Time 0.894737
query_queue initialized!
Setting logger 0 to CPU node 0
PSN Flush Frequency: 1000
sim_done = 1
sim_done = 3
sim_done = 4
sim_done = 5
sim_done = 2
sim_done = 6
Destructor 0. flush size=51280384 (2065694720 to 2116975104)
PASS! SimTime = 2.24187e+09
=Worker Thread=
    Throughput:                   398216
    MaxThr:                       398216
    PerThdThr:                    408124
    run_time:                     13.1227 (2.18719,2.18713,2.1871,2.18717,2.18697,2.18717,0,)
    log_bytes:                    2.11698 (0,0,0,0,0,0,2.11698,)
    log_dep_size:                 0 (0,0,0,0,0,0,0,)
    log_total_size:               2.08592 (0.348018,0.349729,0.349001,0.34857,0.348609,0.341989,0,)
    latency:                      101107 (16832.7,17000.8,16926.6,16852.3,16846.3,16648.7,0,)

    num_commits:                  892616 (148871,150000,149624,148926,148883,146312,0,)
    num_async_commits:            870515 (145171,146280,145927,145329,145166,142642,0,)
    num_aborts:                   29836 (6156,2477,4941,6726,6907,2629,0,)
    num_aborts_logging:           0 (0,0,0,0,0,0,0,)
    num_log_records:              892616 (148871,150000,149624,148926,148883,146312,0,)
    log_data:                     2.08592e+09 (348017809,349728516,349001470,348569760,348609049,341989180,0,)
    num_latency_count:            870515 (145171,146280,145927,145329,145166,142642,0,)
    num_raw_edges:                0 (0,0,0,0,0,0,0,)
    num_waw_edges:                0 (0,0,0,0,0,0,0,)
    num_war_edges:                0 (0,0,0,0,0,0,0,)
    int_num_log:                  0 (0,0,0,0,0,0,0,)
    int_debug_get_next:           0 (0,0,0,0,0,0,0,)
    int_debug1:                   0 (0,0,0,0,0,0,0,)
    int_debug2:                   2.04462e+09 (0,0,0,0,0,0,2044623360,)
    int_debug3:                   1971 (0,0,0,0,0,0,1971,)
    int_debug4:                   0 (0,0,0,0,0,0,0,)
    int_debug5:                   0 (0,0,0,0,0,0,0,)
    int_debug6:                   0 (0,0,0,0,0,0,0,)
    int_debug7:                   0 (0,0,0,0,0,0,0,)
    int_debug8:                   0 (0,0,0,0,0,0,0,)
    int_debug9:                   0 (0,0,0,0,0,0,0,)
    int_debug10:                  0 (0,0,0,0,0,0,0,)
    int_psnflush:                 0 (0,0,0,0,0,0,0,)
    int_flush_time_interval:      0 (0,0,0,0,0,0,0,)
    int_flush_half_full:          1970 (0,0,0,0,0,0,1970,)
    int_rec_fail_to_insert:       0 (0,0,0,0,0,0,0,)
    int_num_get_row:              0 (0,0,0,0,0,0,0,)
    int_locktable_volume:         0 (0,0,0,0,0,0,0,)
    int_aux_bytes:                0 (0,0,0,0,0,0,0,)
    int_nonzero:                  0 (0,0,0,0,0,0,0,)
    num_log_entries:              892616 (148871,150000,149624,148926,148883,146312,0,)
    time_ts_alloc:                0 -nan -nan% 0 (0,0,0,0,0,0,0,)
    time_man:                     9.62035 1.60339 161.283% 10777.7 (1.5997,1.60182,1.60431,1.60127,1.6015,1.61176,0,)
    time_cleanup:                 7.67359 1.27893 128.646% 8596.75 (1.28267,1.26918,1.27418,1.27615,1.27532,1.29611,0,)
    time_txn:                     0 -nan -nan% 0 (0,0,0,0,0,0,0,)
    time_index:                   0.328585 0.0547641 5.50867% 368.114 (0.0559947,0.0549331,0.0539485,0.0550567,0.0544866,0.0541653,0,)
    time_log:                     5.63717 0.939528 94.5061% 6315.34 (0.936303,0.939513,0.937219,0.936463,0.934883,0.952789,0,)
    time_io:                      2.23082 2.23082 224.395% 2499.19 (0,0,0,0,0,0,2.23082,)
    time_wait_io:                 0 -nan -nan% 0 (0,0,0,0,0,0,0,)
    time_phase1_add_graph:        0 -nan -nan% 0 (0,0,0,0,0,0,0,)
    time_recover_txn:             0 -nan -nan% 0 (0,0,0,0,0,0,0,)
    time_lv_overhead:             0 -nan -nan% 0 (0,0,0,0,0,0,0,)
    time_state_malloc:            0 -nan -nan% 0 (0,0,0,0,0,0,0,)
    time_phase1_1:                0.432832 0.0721387 7.25635% 484.903 (0.0739735,0.0700674,0.071524,0.0720495,0.0721548,0.0730628,0,)
    time_phase1_2:                0.759658 0.12661 12.7355% 851.047 (0.122808,0.133313,0.130913,0.124968,0.12389,0.123766,0,)
    time_phase2:                  0.814437 0.135739 13.6539% 912.416 (0.130962,0.145867,0.143389,0.135356,0.133704,0.12516,0,)
    time_phase3:                  1.01512 0.169187 17.0183% 1137.24 (0.169102,0.167795,0.166835,0.170927,0.171357,0.169105,0,)
    time_phase1_1_raw:            1.31727 0.219545 22.0838% 1475.74 (0.217743,0.216929,0.215012,0.223045,0.225609,0.218934,0,)
    time_phase1_2_raw:            0.0908642 0.015144 1.52332% 101.795 (0.0153379,0.0146362,0.015139,0.015518,0.015555,0.0146781,0,)
    time_phase2_raw:              0.0466228 0.00777047 0.781624% 52.2317 (0.00795025,0.00743997,0.00773608,0.00812587,0.00780674,0.00756394,0,)
    time_phase3_raw:              0 -nan -nan% 0 (0,0,0,0,0,0,0,)
    time_recover_full:            0 -nan -nan% 0 (0,0,0,0,0,0,0,)
    time_recover1:                0 -nan -nan% 0 (0,0,0,0,0,0,0,)
    time_recover2:                0 -nan -nan% 0 (0,0,0,0,0,0,0,)
    time_recover3:                0 -nan -nan% 0 (0,0,0,0,0,0,0,)
    time_recover4:                0 -nan -nan% 0 (0,0,0,0,0,0,0,)
    time_recover5:                0 -nan -nan% 0 (0,0,0,0,0,0,0,)
    time_recover6:                0 -nan -nan% 0 (0,0,0,0,0,0,0,)
    time_recover7:                0 -nan -nan% 0 (0,0,0,0,0,0,0,)
    time_recover8:                0 -nan -nan% 0 (0,0,0,0,0,0,0,)
    time_debug_get_next:          0 -nan -nan% 0 (0,0,0,0,0,0,0,)
    time_debug0:                  0 -nan -nan% 0 (0,0,0,0,0,0,0,)
    time_debug1:                  0 -nan -nan% 0 (0,0,0,0,0,0,0,)
    time_debug2:                  0 -nan -nan% 0 (0,0,0,0,0,0,0,)
    time_debug3:                  0 -nan -nan% 0 (0,0,0,0,0,0,0,)
    time_debug4:                  0 -nan -nan% 0 (0,0,0,0,0,0,0,)
    time_debug5:                  0.0213866 0.00356443 0.358542% 23.9594 (0.00359473,0.00360199,0.00352377,0.00354592,0.00361376,0.00350637,0,)
    time_debug6:                  0 -nan -nan% 0 (0,0,0,0,0,0,0,)
    time_debug7:                  0 -nan -nan% 0 (0,0,0,0,0,0,0,)
    time_debug8:                  0 -nan -nan% 0 (0,0,0,0,0,0,0,)
    time_debug9:                  0 -nan -nan% 0 (0,0,0,0,0,0,0,)
    time_debug10:                 0 -nan -nan% 0 (0,0,0,0,0,0,0,)
    time_debug11:                 2.37718 0.396197 39.8531% 2663.17 (0.396491,0.399176,0.402204,0.375498,0.402088,0.401727,0,)
    time_debug12:                 10.7115 1.78524 179.576% 12000.1 (1.78507,1.78242,1.77922,1.80586,1.77885,1.78004,0,)
    time_debug13:                 0 -nan -nan% 0 (0,0,0,0,0,0,0,)
    time_debug14:                 0 -nan -nan% 0 (0,0,0,0,0,0,0,)
    time_debug15:                 7.48217 1.24703 125.437% 8382.29 (1.25165,1.23777,1.24247,1.24497,1.24412,1.26118,0,)
    time_rec_loop_tryRead:        0 -nan -nan% 0 (0,0,0,0,0,0,0,)
    time_rec_finding_empty_slot:  0 -nan -nan% 0 (0,0,0,0,0,0,0,)
    time_silo_validate1:          0.429523 0.0715872 7.20088% 481.196 (0.0766022,0.0679997,0.0709313,0.0718193,0.0726531,0.0695177,0,)
    time_silo_validate2:          0.0379869 0.00633116 0.636844% 42.5569 (0.00647189,0.00613772,0.00634879,0.00647705,0.00626515,0.00628633,0,)
    time_silo_validate3:          0.449821 0.0749702 7.54117% 503.936 (0.0730616,0.0735414,0.0747914,0.0762123,0.0764523,0.075762,0,)
    time_silo_validate4:          0.00759568 0.00126595 0.12734% 8.50946 (0.00221003,0.00109747,0.00108714,0.00106025,0.00106393,0.00107686,0,)
    time_silo_validate5:          0.966076 0.161013 16.1961% 1082.3 (0.164681,0.152585,0.159608,0.16187,0.163733,0.163599,0,)
    time_silo_validate6:          0.000987141 0.000164523 0.0165492% 1.1059 (0.000203629,8.12682e-05,0.0001741,0.000225377,0.000210119,9.26473e-05,0,)
    time_silo_validate7:          0 -nan -nan% 0 (0,0,0,0,0,0,0,)
    time_silo_validate8:          5.71625 0.952708 95.8318% 6403.92 (0.949971,0.953877,0.951062,0.950257,0.948248,0.962831,0,)
    time_silo_validate9:          6.5151 1.08585 109.225% 7298.89 (1.08677,1.0851,1.08269,1.08288,1.08018,1.09749,0,)
    time_locktable_get:           0.097089 0.0161815 1.62768% 108.769 (0.0162399,0.0145384,0.0160311,0.0158881,0.0163447,0.0180468,0,)
    time_locktable_get_validation:0 -nan -nan% 0 (0,0,0,0,0,0,0,)
    time_locktable_release:       0 -nan -nan% 0 (0,0,0,0,0,0,0,)
    time_get_row_before:          0.413069 0.0688449 6.92503% 462.762 (0.0666108,0.0735347,0.0723138,0.0683144,0.0671087,0.0651867,0,)
    time_get_row_after:           1.52125 0.253541 25.5034% 1704.26 (0.248418,0.258317,0.255897,0.255316,0.257158,0.24614,0,)
    time_log_create:              0.0974946 0.0162491 1.63448% 109.223 (0.0161761,0.0168655,0.0163355,0.0162822,0.0158563,0.0159791,0,)
    time_log_serialLogTxn:        0 -nan -nan% 0 (0,0,0,0,0,0,0,)
    time_cleanup_1:               0.00667535 0.00111256 0.111911% 7.47841 (0.00111169,0.00110255,0.00111618,0.00112129,0.00112655,0.0010971,0,)
    time_cleanup_2:               0.0375373 0.00625621 0.629306% 42.0531 (0.00622306,0.00643223,0.00624592,0.00624888,0.00620306,0.00618414,0,)
    time_insideSLT1:              0.231027 0.0385046 3.87313% 258.821 (0.0383953,0.0383148,0.039011,0.0382868,0.0385494,0.0384702,0,)
    time_insideSLT2:              0.27887 0.0464783 4.6752% 312.419 (0.0464364,0.0462821,0.0469008,0.0462427,0.0465465,0.0464613,0,)
    time_STLother:                0 -nan -nan% 0 (0,0,0,0,0,0,0,)
    time_logging_thread:          2.24154 2.24154 225.474% 2511.2 (0,0,0,0,0,0,2.24154,)
    int_serialLogFail:            0 (0,0,0,0,0,0,0,)
Projected Disk Bandwidth Utilized - avg 9.48969e+08 real 9.48969e+08
Total time measured 944.826
Total wall time observed 947.135
Estimated CPU_FREQ is 2.19464
